2 0.775 0.6625 0.6234375 0.665625 0.6296875 0.6953125 0.771875 0.69375 0.803125 0.6828125 0.775 0.6625
2 0.7625 0.5484375 0.7671875 0.5359375 0.7328125 0.5265625 0.6578125 0.5328125 0.665625 0.5484375 0.6734375 0.5515625 0.7625 0.5484375
4 0.0140625 0 0.0078125 0.021875 0.00625 0.615625 0.0125 0.8203125 0.0078125 0.8328125 0.0078125 0.9109375 0.009375 0.95625 0.015625 0.96875 0.009375 0.98125 0.01875 0.984375 0.0296875 0.9828125 0.028125 0.9765625 0.0421875 0.9546875 0.0609375 0.9546875 0.0609375 0.9484375 0.0796875 0.94375 0.090625 0.93125 0.115625 0.9203125 0.125 0.90625 0.1609375 0.903125 0.184375 0.884375 0.1890625 0.8734375 0.2140625 0.86875 0.215625 0.8375 0.225 0.81875 0.2515625 0.803125 0.290625 0.825 0.3359375 0.8328125 0.353125 0.80625 0.3875 0.80625 0.39375 0.8296875 0.4078125 0.8484375 0.4546875 0.809375 0.4921875 0.7703125 0.5 0.74375 0.575 0.6703125 0.5953125 0.6609375 0.6 0.6453125 0.596875 0.496875 0.6046875 0.4390625 0.5859375 0.4125 0.5875 0.403125 0.5296875 0.3515625 0.409375 0.275 0.38125 0.246875 0.3296875 0.2171875 0.2875 0.1796875 0.18125 0.103125 0.11875 0.0671875 0.0296875 0 0.0140625 0
4 0.6078125 0.525 0.6109375 0.5828125 0.653125 0.5609375 0.70625 0.51875 0.715625 0.5046875 0.7171875 0.48125 0.7 0.45 0.653125 0.428125 0.6203125 0.4015625 0.60625 0.40625 0.6078125 0.43125 0.6171875 0.44375 0.6078125 0.525
3 0.5203125 0.965625 0.521875 0.9984375 0.665625 0.9984375 0.696875 0.7953125 0.7046875 0.6921875 0.6359375 0.69375 0.61875 0.6765625 0.590625 0.6984375 0.503125 0.8234375 0.45625 0.8921875 0.45625 0.9 0.5078125 0.9328125 0.5203125 0.965625
3 0.5 0.3140625 0.525 0.3328125 0.534375 0.3328125 0.5375 0.2296875 0.5203125 0.1921875 0.4671875 0.1796875 0.434375 0.1921875 0.4359375 0.2125 0.421875 0.2203125 0.4265625 0.246875 0.5 0.3140625
1 0.4984375 0.93125 0.4765625 0.915625 0.415625 0.9109375 0.39375 0.903125 0.378125 0.8359375 0.3609375 0.8203125 0.353125 0.821875 0.353125 0.8328125 0.3390625 0.853125 0.3203125 0.853125 0.3140625 0.840625 0.26875 0.8328125 0.2546875 0.825 0.234375 0.828125 0.228125 0.8421875 0.234375 0.8484375 0.2359375 0.8671875 0.228125 0.865625 0.1859375 0.90625 0.1578125 0.915625 0.1453125 0.928125 0.128125 0.93125 0.1171875 0.946875 0.065625 0.978125 0.059375 0.9984375 0.5125 0.9984375 0.5125 0.9671875 0.4984375 0.93125
1 0.68125 0.6296875 0.6828125 0.60625 0.6890625 0.5984375 0.6796875 0.575 0.6640625 0.5640625 0.6390625 0.565625 0.609375 0.5953125 0.6078125 0.625 0.6140625 0.64375 0.671875 0.640625 0.68125 0.6296875
1 0.2046875 0.0734375 0.3859375 0.215625 0.409375 0.2234375 0.4265625 0.2 0.4296875 0.1875 0.425 0.18125 0.3703125 0.153125 0.2984375 0.0796875 0.2796875 0.0640625 0.2609375 0.0609375 0.2453125 0.040625 0.2 0.0265625 0.1640625 0.00625 0.159375 0.0125 0.16875 0.0171875 0.1703125 0.028125 0.2046875 0.0734375
1 0.375 0.15625 0.409375 0.1765625 0.4359375 0.1828125 0.4859375 0.1796875 0.4984375 0.1734375 0.4953125 0.159375 0.484375 0.153125 0.4265625 0.0796875 0.421875 0.0609375 0.390625 0.03125 0.3671875 0.025 0.3140625 0.0453125 0.290625 0.0609375 0.29375 0.071875 0.3109375 0.0828125 0.3296875 0.1140625 0.375 0.15625
1 0.478125 0 0.4796875 0.009375 0.4609375 0.0375 0.475 0.0828125 0.528125 0.1296875 0.540625 0.1625 0.5796875 0.221875 0.6140625 0.225 0.653125 0.215625 0.778125 0.2328125 0.8421875 0.2203125 0.9875 0.215625 0.9984375 0.209375 0.9984375 0 0.478125 0
1 0.7078125 0.46875 0.725 0.4796875 0.7421875 0.478125 0.7546875 0.471875 0.765625 0.4453125 0.80625 0.4109375 0.825 0.3453125 0.79375 0.321875 0.7625 0.3140625 0.7078125 0.3125 0.68125 0.325 0.6625 0.346875 0.65625 0.371875 0.6484375 0.378125 0.646875 0.396875 0.675 0.428125 0.7015625 0.44375 0.7078125 0.46875