4 0.86875 0.8953125 0.8765625 0.85 0.86875 0.721875 0.884375 0.7109375 0.9140625 0.709375 0.915625 0.703125 0.9046875 0.68125 0.865625 0.6421875 0.8484375 0.6359375 0.825 0.6015625 0.8140625 0.5921875 0.8 0.590625 0.7328125 0.5203125 0.6921875 0.4625 0.68125 0.45625 0.61875 0.4546875 0.5921875 0.4375 0.5640625 0.4375 0.54375 0.365625 0.5171875 0.3484375 0.4109375 0.4703125 0.0625 0.975 0.0625 0.9984375 0.903125 0.9984375 0.9140625 0.965625 0.86875 0.8953125
3 0.715625 0.471875 0.7328125 0.4734375 0.74375 0.4875 0.7578125 0.4890625 0.7723958328125 0.5036458328125 0.7765625 0.5171875 0.8015625 0.5328125 0.8234375 0.5796875 0.86875 0.6234375 0.878125 0.6203125 0.890625 0.63125 0.8921875 0.6453125 0.925 0.6734375 0.9390625 0.6765625 0.94375 0.6890625 0.9671875 0.684375 0.971875 0.6921875 0.98125 0.665625 0.9984375 0.6453125 0.9984375 0.38125 0.7703125 0.35 0.7390625 0.340625 0.7046875 0.3375 0.7015625 0.34375 0.6984375 0.403125 0.69375 0.43125 0.6859375 0.4421875 0.715625 0.471875
1 0.678125 0.3921875 0.6609375 0.35625 0.6234375 0.3578125 0.59375 0.3875 0.5921875 0.415625 0.6125 0.446875 0.6765625 0.446875 0.678125 0.3921875
2 0.6984375 0.38125 0.69375 0.271875 0.6796875 0.296875 0.675 0.375 0.6875 0.4125 0.6984375 0.38125
2 0.5578125 0.40625 0.571875 0.409375 0.5796875 0.3140625 0.56875 0.2859375 0.5625 0.2953125 0.5578125 0.3453125 0.5578125 0.40625
3 0.234375 0.65 0.246875 0.6515625 0.346875 0.5421875 0.35 0.5265625 0.2953125 0.51875 0.2359375 0.5203125 0.184375 0.575 0.1765625 0.590625 0.1859375 0.6203125 0.228125 0.640625 0.234375 0.65
1 0.8875 0.8671875 0.8796875 0.8828125 0.884375 0.903125 0.9 0.9109375 0.91875 0.9109375 0.9515625 0.9296875 0.9765625 0.959375 0.99375 0.965625 0.9984375 0.9609375 0.9984375 0.6546875 0.9859375 0.675 0.9890625 0.696875 0.984375 0.7078125 0.9703125 0.7140625 0.93125 0.709375 0.878125 0.7203125 0.86875 0.7296875 0.86875 0.746875 0.8859375 0.765625 0.8875 0.8671875
1 0.075 0.84375 0.090625 0.84375 0.10625 0.8328125 0.225 0.684375 0.228125 0.66875 0.203125 0.6453125 0.1875 0.640625 0.1875 0.659375 0.1515625 0.7171875 0.1328125 0.7265625 0.09375 0.7765625 0.034375 0.8328125 0.0359375 0.8609375 0.05 0.859375 0.059375 0.884375 0.075 0.84375
1 0 0.8453125 0.0046875 0.8484375 0.028125 0.840625 0.0921875 0.778125 0.1296875 0.7296875 0.153125 0.715625 0.1734375 0.6875 0.18125 0.6734375 0.1875 0.625 0.1796875 0.61875 0.16875 0.571875 0.153125 0.575 0.0734375 0.64375 0.0640625 0.640625 0.0390625 0.6640625 0 0.7046875 0 0.8453125
1 0.4359375 0.390625 0.4984375 0.3265625 0.4984375 0.2984375 0.4625 0.2796875 0.4421875 0.25 0.375 0.2375 0.3515625 0.2515625 0.3453125 0.2703125 0.34375 0.371875 0.3765625 0.4 0.3953125 0.40625 0.4359375 0.390625
1 0.5921875 0.353125 0.6 0.321875 0.6 0 0.5890625 0.0046875 0.58125 0.20625 0.5828125 0.3296875 0.584375 0.346875 0.5921875 0.353125