2 0.3296875 0.459375 0.2859375 0.4796875 0.3328125 0.4953125 0.415625 0.48125 0.396875 0.4609375 0.3296875 0.459375
3 0.46875 0.30625 0.48125 0.2984375 0.5 0.2984375 0.571875 0.2140625 0.6078125 0.184375 0.625 0.159375 0.684375 0.1 0.6875 0.0875 0.6953125 0.0828125 0.690625 0.01875 0.6671875 0.00625 0.6421875 0.0046875 0.3828125 0.00625 0.3359375 0.3140625 0.3359375 0.3609375 0.440625 0.359375 0.4703125 0.3171875 0.46875 0.30625
4 0.9765625 0.9984375 0.9984375 0.9984375 0.9984375 0.0421875 0.9921875 0.040625 0.9625 0.0640625 0.9375 0.1234375 0.9234375 0.1296875 0.884375 0.115625 0.8125 0.1203125 0.809375 0.1015625 0.79375 0.0921875 0.7828125 0.09375 0.7734375 0.1234375 0.7609375 0.1265625 0.7578125 0.1375 0.7359375 0.1453125 0.715625 0.1296875 0.71875 0.121875 0.709375 0.103125 0.7125 0.090625 0.7046875 0.0875 0.6609375 0.1421875 0.6265625 0.16875 0.615625 0.1890625 0.578125 0.221875 0.5578125 0.2625 0.5140625 0.30625 0.4546875 0.3515625 0.4484375 0.4265625 0.4359375 0.4546875 0.4390625 0.5953125 0.465625 0.63125 0.8015625 0.865625 0.9765625 0.9984375
3 0.6375 0.871875 0.6578125 0.83125 0.6546875 0.8046875 0.54375 0.7046875 0.53125 0.703125 0.5265625 0.7171875 0.525 0.8140625 0.5296875 0.8390625 0.5671875 0.871875 0.6375 0.871875
4 0.39375 0.6078125 0.403125 0.609375 0.40625 0.6234375 0.4203125 0.6296875 0.43125 0.6109375 0.425 0.5921875 0.425 0.4859375 0.4109375 0.484375 0.403125 0.4703125 0.3921875 0.46875 0.334375 0.49375 0.3265625 0.50625 0.325 0.53125 0.33125 0.5328125 0.34375 0.565625 0.39375 0.6078125
1 0.7796875 0.1015625 0.825 0.11875 0.8875 0.1125 0.934375 0.121875 0.95 0.1140625 0.9484375 0.0703125 0.9953125 0.028125 0.99375 0.0171875 0.9578125 0.00625 0.7359375 0.00625 0.725 0.0140625 0.71875 0.0296875 0.715625 0.059375 0.7203125 0.1109375 0.7515625 0.1515625 0.7625 0.140625 0.7796875 0.1015625
1 0.3640625 0.4390625 0.3765625 0.4625 0.4203125 0.4453125 0.4359375 0.4328125 0.446875 0.3984375 0.4421875 0.365625 0.375 0.365625 0.353125 0.375 0.35 0.4125 0.359375 0.43125 0.35625 0.4375 0.3640625 0.4390625
1 0.4625 0.7984375 0.4578125 0.66875 0.434375 0.634375 0.4109375 0.6328125 0.396875 0.6421875 0.3546875 0.7125 0.35625 0.7671875 0.371875 0.8140625 0.4 0.8140625 0.4625 0.7984375
1 0.80625 0.9984375 0.890625 0.9984375 0.7015625 0.840625 0.6890625 0.8375 0.6546875 0.878125 0.6546875 0.8921875 0.6859375 0.8921875 0.7140625 0.9015625 0.80625 0.9984375
1 0.7125 0.9046875 0.684375 0.8953125 0.634375 0.8953125 0.609375 0.9 0.596875 0.915625 0.59375 0.9328125 0.6515625 0.9984375 0.803125 0.9984375 0.7125 0.9046875
1 0.3203125 0.690625 0.3359375 0.6796875 0.353125 0.6828125 0.3703125 0.675 0.384375 0.6609375 0.3921875 0.628125 0.384375 0.6046875 0.359375 0.5890625 0.3453125 0.5703125 0.3359375 0.540625 0.315625 0.5328125 0.2890625 0.540625 0.271875 0.578125 0.2390625 0.603125 0.23125 0.634375 0.225 0.6671875 0.25 0.696875 0.3171875 0.703125 0.3203125 0.690625
1 0.55 0.990625 0.55625 0.98125 0.5421875 0.9328125 0.5203125 0.8921875 0.4921875 0.875 0.478125 0.8515625 0.4546875 0.846875 0.4109375 0.8625 0.375 0.8609375 0.33125 0.8375 0.278125 0.8265625 0.2453125 0.8265625 0.2328125 0.834375 0.19375 0.8265625 0.159375 0.828125 0.025 0.8375 0.0015625 0.8453125 0 0.9984375 0.51875 0.9984375 0.51875 0.990625 0.55 0.990625