4 0.009375 0.921875 0.009375 0.9609375 0.0125 0.9515625 0.028125 0.9484375 0.0359375 0.9390625 0.040625 0.9078125 0.03125 0.896875 0.0359375 0.884375 0.078125 0.8640625 0.115625 0.8734375 0.2171875 0.8734375 0.2203125 0.8484375 0.2546875 0.8296875 0.2625 0.840625 0.26875 0.8359375 0.2859375 0.846875 0.30625 0.8796875 0.3171875 0.8796875 0.36875 0.8328125 0.3875 0.8046875 0.4265625 0.775 0.4375 0.746875 0.546875 0.646875 0.5671875 0.525 0.575 0.415625 0.5734375 0.403125 0.5625 0.3984375 0.54375 0.375 0.421875 0.2984375 0.4234375 0.29375 0.0203125 0.003125 0.0109375 0.0109375 0.0078125 0.0796875 0.0078125 0.871875 0.009375 0.9125 0.0140625 0.915625 0.009375 0.921875
4 0.5890625 0.5546875 0.6 0.5375 0.6203125 0.5390625 0.634375 0.525 0.6734375 0.5078125 0.6796875 0.4796875 0.66875 0.45 0.6453125 0.4234375 0.6109375 0.4140625 0.59375 0.3984375 0.5796875 0.4 0.575 0.415625 0.56875 0.5078125 0.571875 0.553125 0.578125 0.559375 0.5890625 0.5546875
3 0.61875 0.9984375 0.65 0.8234375 0.66875 0.64375 0.6140625 0.640625 0.5640625 0.646875 0.5296875 0.7171875 0.3421875 0.9546875 0.340625 0.9796875 0.334375 0.9859375 0.340625 0.9984375 0.61875 0.9984375
3 0.478125 0.2890625 0.4796875 0.1859375 0.475 0.1640625 0.4390625 0.134375 0.4484375 0.0984375 0.434375 0.0796875 0.421875 0.08125 0.4046875 0.1015625 0.384375 0.1046875 0.3609375 0.1390625 0.3453125 0.1765625 0.35 0.2 0.471875 0.3046875 0.478125 0.2890625
1 0.015625 0.9640625 0.0203125 0.9984375 0.30625 0.9984375 0.3109375 0.99375 0.2890625 0.990625 0.2796875 0.9453125 0.2984375 0.903125 0.2953125 0.884375 0.2734375 0.8515625 0.259375 0.85 0.2515625 0.8375 0.2375 0.8453125 0.23125 0.8859375 0.2046875 0.8828125 0.1953125 0.8875 0.15625 0.8765625 0.121875 0.8796875 0.084375 0.8703125 0.0484375 0.8859375 0.04375 0.8984375 0.0484375 0.915625 0.03828125 0.94453125 0.015625 0.9640625
1 0.3375 0.109375 0.353125 0.1234375 0.3640625 0.125 0.3796875 0.103125 0.39375 0.0984375 0.403125 0.0796875 0.346875 0 0.190625 0.0015625 0.2859375 0.09375 0.3109375 0.1078125 0.3375 0.109375
1 0.159375 0.0484375 0.2828125 0.1484375 0.303125 0.1546875 0.30625 0.1609375 0.321875 0.1546875 0.346875 0.121875 0.3453125 0.1125 0.328125 0.1125 0.2828125 0.0921875 0.234375 0.0390625 0.1890625 0 0.1125 0.0015625 0.1171875 0.0125 0.1484375 0.03125 0.159375 0.0484375
1 0.64375 0.6328125 0.6546875 0.621875 0.65 0.5515625 0.6375 0.534375 0.603125 0.54375 0.6015625 0.55 0.565625 0.56875 0.5609375 0.584375 0.5578125 0.6203125 0.5625 0.6375 0.621875 0.6375 0.64375 0.6328125
1 0.66875 0.4421875 0.7 0.4609375 0.715625 0.446875 0.728125 0.4234375 0.7625 0.3953125 0.7734375 0.365625 0.7765625 0.3328125 0.759375 0.3109375 0.71875 0.30625 0.634375 0.3265625 0.6109375 0.353125 0.609375 0.365625 0.621875 0.39375 0.6625 0.421875 0.66875 0.4421875
1 0.6109375 0.3546875 0.6265625 0.3328125 0.6734375 0.30625 0.7125 0.303125 0.7421875 0.275 0.7703125 0.2703125 0.7875 0.2359375 0.7984375 0.1875 0.790625 0.1796875 0.721875 0.18125 0.6734375 0.175 0.59375 0.18125 0.5328125 0.1984375 0.5453125 0.2515625 0.546875 0.3390625 0.590625 0.3578125 0.6109375 0.3546875
1 0.809375 0.5453125 0.66875 0.5484375 0.6578125 0.5578125 0.74375 0.5625 0.840625 0.559375 0.809375 0.5453125
2 0.6421875 0.53125 0.65625 0.5515625 0.7234375 0.5296875 0.6703125 0.51875 0.6421875 0.53125