4 0.3484375 0.9984375 0.353125 0.99375 0.3765625 0.9984375 0.9984375 0.9984375 0.9984375 0.74375 0.99375 0.7390625 0.9984375 0.7296875 0.9984375 0.60625 0.959375 0.5875 0.959375 0.5703125 0.91875 0.5328125 0.9078125 0.5328125 0.90625 0.55 0.8203125 0.5453125 0.81875 0.4546875 0.8 0.425 0.78125 0.4125 0.7609375 0.3765625 0.7390625 0.353125 0.7125 0.34375 0.6203125 0.2515625 0.6109375 0.2515625 0.609375 0.2640625 0.584375 0.2640625 0.584375 0.228125 0.578125 0.2203125 0.5546875 0.2046875 0.496875 0.184375 0.4796875 0.2046875 0.446875 0.3078125 0.409375 0.4609375 0.375 0.6453125 0.3 0.9515625 0.2953125 0.98125 0.2984375 0.9921875 0.309375 0.9984375 0.3484375 0.9984375
4 0 0.9984375 0.2546875 0.9984375 0.271875 0.990625 0.275 0.9828125 0.2875 0.98125 0.2859375 0.9453125 0.2984375 0.9265625 0.3 0.896875 0.3140625 0.8640625 0.334375 0.778125 0.3390625 0.7328125 0.3484375 0.7234375 0.371875 0.6421875 0.3984375 0.4796875 0.4125 0.4390625 0.4328125 0.3359375 0.48125 0.18125 0.4625 0.178125 0.4375 0.1859375 0.4 0.203125 0.3484375 0.2390625 0.3078125 0.2515625 0.2953125 0.2671875 0.2265625 0.3171875 0.1828125 0.3265625 0.0984375 0.3890625 0.009375 0.4421875 0 0.45 0 0.9984375
3 0.4265625 0.1890625 0.434375 0.1734375 0.3859375 0.1796875 0.3671875 0.171875 0.30625 0.171875 0.3 0.178125 0.2984375 0.240625 0.3015625 0.246875 0.3171875 0.2484375 0.4265625 0.1890625
3 0 0.440625 0.096875 0.384375 0.15 0.3484375 0.165625 0.33125 0.2015625 0.3140625 0.2828125 0.2546875 0.28125 0.1890625 0.2328125 0.184375 0.2265625 0.171875 0.2015625 0.184375 0.14375 0.1875 0.134375 0.1859375 0.1265625 0.1734375 0.084375 0.1765625 0.0875 0.1953125 0.08125 0.21484375 0.0453125 0.2078125 0.0171875 0.2109375 0.0140625 0.2171875 0.021875 0.3 0 0.3203125 0 0.440625
1 0.846875 0 0.8390625 0.11875 0.821875 0.6125 0.8453125 0.6359375 0.865625 0.6390625 0.8828125 0.6328125 0.8953125 0.6359375 0.9015625 0.6296875 0.8984375 0.5734375 0.921875 0 0.846875 0
1 0.5921875 0.059375 0.590625 0.0984375 0.590625 0.290625 0.603125 0.29375 0.603125 0.05625 0.5921875 0.059375
1 0.0171875 0.278125 0.009375 0.16875 0.0015625 0.1625 0 0.315625 0.00625 0.315625 0.0171875 0.3109375 0.0171875 0.278125
1 0.075 0.1640625 0.0625 0.159375 0.0578125 0.165625 0.0609375 0.2890625 0.075 0.2921875 0.08125 0.2875 0.075 0.1640625
1 0.2828125 0 0.2875 0.2625 0.2953125 0.2578125 0.2921875 0 0.2828125 0
1 0.546875 0 0.5390625 0.00625 0.5421875 0.1390625 0.553125 0.1546875 0.553125 0.1953125 0.5875 0.2203125 0.5890625 0.065625 0.5703125 0.059375 0.5671875 0 0.546875 0
1 0.6703125 0 0.665625 0.0515625 0.653125 0.0609375 0.6109375 0.0625 0.6078125 0.0859375 0.60625 0.2359375 0.6640625 0.278125 0.66875 0.2703125 0.6671875 0.196875 0.6734375 0.1859375 0.678125 0 0.6703125 0
1 0.9265625 0 0.925 0.0046875 0.915625 0.278125 0.9125 0.465625 0.921875 0.46875 0.921875 0.4828125 0.9375 0.484375 0.9375 0.496875 0.9703125 0.5296875 0.98125 0.528125 0.9859375 0.54375 0.996875 0.54375 0.9984375 0 0.9265625 0
1 0.703125 0 0.696875 0.028125 0.696875 0.118028846875 0.6875 0.2203125 0.7 0.2125 0.71875 0.2234375 0.725 0.234375 0.725 0.3171875 0.7359375 0.340625 0.7828125 0.38125 0.7953125 0.384375 0.7984375 0.253125 0.809375 0.2375 0.834375 0.24375 0.84375 0.0046875 0.8421875 0 0.703125 0
1 0.809375 0.2390625 0.8015625 0.2390625 0.8 0.25 0.7984375 0.3171875 0.7984375 0.39375 0.8265625 0.4203125 0.834375 0.2515625 0.809375 0.2390625
1 0.71875 0.328125 0.7203125 0.3015625 0.71875 0.2296875 0.7046875 0.2171875 0.690625 0.225 0.6875 0.315625 0.6953125 0.328125 0.7140625 0.3296875 0.71875 0.328125
0 0.28125 0.125 0.253125 0.1265625 0.2390625 0.1515625 0.2359375 0.1765625 0.240625 0.1859375 0.284375 0.1796875 0.28125 0.125
0 0.3171875 0.13125 0.3140625 0.1734375 0.31875 0.178125 0.3234375 0.1515625 0.3171875 0.13125
0 0.3453125 0.128125 0.340625 0.1390625 0.3390625 0.16875 0.3484375 0.1734375 0.3515625 0.153125 0.3453125 0.128125
0 0.3984375 0.1390625 0.390625 0.14375 0.3890625 0.165625 0.409375 0.165625 0.4078125 0.1421875 0.3984375 0.1390625
0 0.459375 0.1546875 0.45 0.1421875 0.4390625 0.153125 0.440625 0.1625 0.453125 0.1625 0.459375 0.1546875
0 0.5296875 0.1359375 0.5125 0.13125 0.496875 0.134375 0.4921875 0.1421875 0.4875 0.1640625 0.49375 0.175 0.534375 0.171875 0.5296875 0.1359375