4 0.2828125 0.953125 0.278125 0.9828125 0.36875 0.9828125 0.3796875 0.9921875 0.425 0.9875 0.4390625 0.9984375 0.4578125 0.9953125 0.4671875 0.990625 0.46875 0.98125 0.4625 0.9625 0.4828125 0.9375 0.509375 0.940625 0.5203125 0.95625 0.5296875 0.9578125 0.6265625 0.946875 0.7390625 0.91875 0.7390625 0.9015625 0.74375 0.9 0.734375 0.890625 0.734375 0.8765625 0.7546875 0.871875 0.746875 0.853125 0.7203125 0.8453125 0.715625 0.8375 0.7015625 0.840625 0.621875 0.815625 0.5328125 0.7984375 0.5171875 0.77734375 0.521875 0.7296875 0.53125 0.7046875 0.525 0.65625 0.50625 0.65625 0.478125 0.6734375 0.475 0.684375 0.453125 0.7 0.4078125 0.7625 0.36875 0.775 0.2765625 0.771875 0.2390625 0.7890625 0.24375 0.796875 0.3140625 0.803125 0.3625 0.8203125 0.2828125 0.953125
1 0 0.96875 0.0140625 0.9734375 0.265625 0.9765625 0.3625 0.8171875 0.028125 0.765625 0.01875 0.7703125 0.0078125 0.7625 0 0.7625 0 0.96875
4 0 0.7515625 0.021875 0.7640625 0.1046875 0.7796875 0.125 0.778125 0.1296875 0.7546875 0.121875 0.7484375 0.0046875 0.725 0 0.725 0 0.7515625
4 0.3703125 0.809375 0.3953125 0.771875 0.253125 0.76875 0.165625 0.7578125 0.1640625 0.78125 0.171875 0.7875 0.35625 0.8140625 0.3703125 0.809375
3 0.6765625 0.7734375 0.7234375 0.8296875 0.7421875 0.84375 0.7609375 0.8765625 0.7484375 0.9203125 0.6953125 0.9703125 0.69375 0.9828125 0.7515625 0.9984375 0.9984375 0.9984375 0.9984375 0.7625 0.90625 0.740625 0.8921875 0.728125 0.865625 0.7203125 0.778125 0.7 0.7328125 0.6984375 0.7171875 0.709375 0.675 0.6984375 0.6640625 0.684375 0.65 0.678125 0.6109375 0.6734375 0.6109375 0.7046875 0.6359375 0.73125 0.640625 0.746875 0.6765625 0.7734375
1 0.5671875 0.6671875 0.528125 0.65625 0.525 0.6890625 0.5234375 0.79375 0.7 0.8328125 0.678125 0.7984375 0.5671875 0.6671875
3 0.63125 0.7046875 0.6265625 0.7015625 0.63125 0.6875 0.66875 0.6890625 0.659375 0.6734375 0.6140625 0.6609375 0.5875 0.6703125 0.5890625 0.6890625 0.609375 0.709375 0.60625 0.7234375 0.63125 0.7046875
0 0.9484375 0.746875 0.9984375 0.75 0.9984375 0.696875 0.98125 0.68125 0.9390625 0.675 0.903125 0.703125 0.9015625 0.728125 0.90625 0.7359375 0.9359375 0.7375 0.9484375 0.746875
0 0.7109375 0.65 0.6796875 0.6453125 0.671875 0.65625 0.675 0.69375 0.725 0.7015625 0.728125 0.678125 0.7109375 0.65
0 0.7421875 0.65 0.725 0.6515625 0.73125 0.6921875 0.746875 0.6953125 0.75 0.6609375 0.7421875 0.65
1 0.5921875 0.64375 0.5890625 0.6265625 0.5796875 0.615625 0.5671875 0.621875 0.565625 0.653125 0.5703125 0.6953125 0.575 0.696875 0.5921875 0.64375
0 0.659375 0.6 0.63125 0.5953125 0.6234375 0.6078125 0.621875 0.659375 0.653125 0.659375 0.6609375 0.64375 0.659375 0.6
1 0.4703125 0.6828125 0.4859375 0.6625 0.48125 0.640625 0.4703125 0.63125 0.4390625 0.6296875 0.440625 0.646875 0.43125 0.6796875 0.4578125 0.6890625 0.4703125 0.6828125
2 0.49375 0.6140625 0.4890625 0.6203125 0.4875 0.646875 0.496875 0.6578125 0.5 0.61875 0.49375 0.6140625
4 0.5125 0.6453125 0.528125 0.65 0.525 0.6375 0.5125 0.6453125
1 0.1296875 0.73125 0.121875 0.7234375 0.0953125 0.7140625 0.0015625 0.70625 0.0015625 0.7234375 0.0984375 0.740625 0.128125 0.7515625 0.1296875 0.73125
1 0.1375 0.65 0.0015625 0.6328125 0.0015625 0.70625 0.078125 0.7109375 0.1296875 0.7234375 0.1375 0.65
1 0.4234375 0.7375 0.4546875 0.6875 0.415625 0.684375 0.3265625 0.7328125 0.2796875 0.740625 0.2484375 0.7390625 0.2203125 0.7296875 0.16875 0.7359375 0.16875 0.75625 0.3375 0.771875 0.3921875 0.7671875 0.4234375 0.7375
1 0.2984375 0.740625 0.4125 0.6875 0.434375 0.66875 0.4375 0.65625 0.434375 0.646875 0.4234375 0.646875 0.3484375 0.665625 0.309375 0.66875 0.184375 0.653125 0.1734375 0.653125 0.171875 0.6609375 0.16875 0.7328125 0.2109375 0.7296875 0.25625 0.740625 0.2984375 0.740625
1 0.1875 0 0.1796875 0.0953125 0.1609375 0.42421875 0.128125 0.8421875 0.121875 0.8578125 0.1234375 0.865625 0.146875 0.8703125 0.1625 0.859375 0.1640625 0.6984375 0.2046875 0 0.1875 0