0 0.71015625 0.8 0.73125 0.8015625 0.7515625 0.809375 0.75625 0.821875 0.7765625 0.825 0.790625 0.821875 0.8171875 0.79375 0.815625 0.7734375 0.803125 0.75625 0.7640625 0.7421875 0.7390625 0.7109375 0.7203125 0.7 0.68125 0.696875 0.6671875 0.7046875 0.6515625 0.7046875 0.646875 0.715625 0.640625 0.7796875 0.6578125 0.7984375 0.6875 0.809375 0.71015625 0.8
0 0.45625 0.746875 0.4546875 0.7234375 0.4296875 0.6921875 0.384375 0.69375 0.365625 0.7109375 0.3453125 0.7171875 0.3375 0.7296875 0.3359375 0.746875 0.346875 0.765625 0.41875 0.771875 0.45625 0.746875
0 0.296875 0.753125 0.290625 0.746875 0.2828125 0.7484375 0.28125 0.771875 0.2859375 0.7734375 0.2953125 0.7671875 0.296875 0.753125
0 0.25625 0.75625 0.2484375 0.703125 0.2359375 0.6984375 0.2171875 0.6984375 0.215625 0.703125 0.215625 0.7609375 0.225 0.7671875 0.253125 0.7671875 0.25625 0.75625
3 0.9984375 0.79375 0.9734375 0.7890625 0.96875 0.7765625 0.959375 0.771875 0.925 0.7734375 0.9078125 0.765625 0.9046875 0.734375 0.86875 0.734375 0.8734375 0.84375 0.9515625 0.86875 0.9984375 0.9125 0.9984375 0.79375
0 0.9671875 0.74375 0.95 0.71875 0.91875 0.71875 0.9109375 0.7359375 0.9109375 0.7671875 0.9265625 0.771875 0.9671875 0.7671875 0.9671875 0.74375
0 0.9984375 0.721875 0.9859375 0.7234375 0.975 0.7359375 0.9703125 0.74375 0.971875 0.784375 0.9984375 0.7921875 0.9984375 0.721875
3 0.84375 0.78125 0.834375 0.796875 0.8234375 0.7953125 0.8140625 0.8109375 0.8359375 0.815625 0.8375 0.8296875 0.85625 0.8390625 0.85625 0.7296875 0.8078125 0.7125 0.809375 0.728125 0.8046875 0.73125 0.8140625 0.7546875 0.84375 0.78125
0 0.8828125 0.7078125 0.871875 0.703125 0.865625 0.7109375 0.865625 0.7265625 0.884375 0.73125 0.8828125 0.7078125
0 0.8890625 0.7046875 0.8875 0.725 0.9078125 0.7265625 0.9046875 0.7078125 0.8890625 0.7046875
0 0.9765625 0.703125 0.9515625 0.7046875 0.94375 0.7125 0.96875 0.7421875 0.99375 0.7203125 0.9765625 0.703125
0 0.825 0.6984375 0.825 0.7125 0.834375 0.7140625 0.8375 0.6953125 0.825 0.6984375
3 0.3453125 0.7703125 0.3140625 0.7609375 0.3125 0.7796875 0.409375 0.7828125 0.403125 0.771875 0.3453125 0.7703125
3 0.6515625 0.7984375 0.6359375 0.784375 0.5078125 0.7703125 0.50625 0.7828125 0.5140625 0.7984375 0.6015625 0.8046875 0.6515625 0.7984375
4 0.78125 0.8453125 0.809375 0.84375 0.8296875 0.834375 0.8359375 0.821875 0.8328125 0.8125 0.8078125 0.8125 0.78125 0.8296875 0.7578125 0.828125 0.7375 0.8171875 0.703125 0.8171875 0.65 0.9390625 0.6296875 0.9984375 0.778125 0.9984375 0.7671875 0.869921875 0.78125 0.8453125