1 0.81875 0 0.8265625 0.0953125 0.8921875 0.3125 0.8984375 0.3953125 0.8671875 0.9984375 0.9140625 0.9984375 0.9203125 0.9859375 0.95 0.31875 0.9609375 0.284375 0.9984375 0.23125 0.9984375 0.146875 0.9765625 0.146875 0.9984375 0.0640625 0.9984375 0.025 0.9796875 0.0171875 0.9828125 0 0.81875 0
1 0.61875 0.5828125 0.6109375 0.5359375 0.5984375 0.571875 0.5921875 0.721875 0.6 0.7265625 0.6125 0.721875 0.61875 0.5828125
1 0.56875 0.8296875 0.5609375 0.871875 0.5828125 0.9984375 0.8578125 0.9984375 0.8625 0.9625 0.85625 0.9546875 0.8328125 0.9296875 0.790625 0.9015625 0.7234375 0.821875 0.7125 0.8125 0.7 0.815625 0.69375 0.8109375 0.684375 0.7796875 0.621875 0.7140625 0.6109375 0.728125 0.5859375 0.7265625 0.58125 0.709375 0.5875 0.6921875 0.5828125 0.6828125 0.55625 0.6765625 0.54375 0.6796875 0.5421875 0.6890625 0.5375 0.7265625 0.540625 0.8 0.5625 0.8078125 0.56875 0.8296875
4 0.571875 1 0.559375 0.8125 0.540625 0.8109375 0.5328125 0.6421875 0.51875 0.6390625 0.3328125 1 0.571875 1
1 0.4203125 0.834375 0.4375 0.815625 0.4375 0.803125 0.475 0.721875 0.4921875 0.6984375 0.5015625 0.66875 0.49375 0.6640625 0.4359375 0.7078125 0.4171875 0.709375 0.3890625 0.7328125 0.3609375 0.7390625 0.3296875 0.765625 0.328125 0.78125 0.3484375 0.803125 0.4015625 0.8171875 0.4203125 0.834375
1 0.1203125 0.9859375 0.1296875 0.9984375 0.3375 0.9984375 0.396875 0.903125 0.396875 0.890625 0.409375 0.871875 0.4234375 0.81875 0.434375 0.8 0.4359375 0.78125 0.4078125 0.7703125 0.4046875 0.775 0.3515625 0.7765625 0.3453125 0.7703125 0.3140625 0.775 0.3046875 0.784375 0.296875 0.8265625 0.2828125 0.8453125 0.24375 0.8515625 0.23125 0.865625 0.2046875 0.8765625 0.1921875 0.896875 0.18125 0.896875 0.153125 0.9234375 0.1484375 0.9578125 0.13125 0.9703125 0.1265625 0.9859375 0.1203125 0.9859375
1 0.315625 0.7125 0.3234375 0.7515625 0.33125 0.753125 0.3765625 0.7296875 0.3921875 0.728125 0.4140625 0.70625 0.4203125 0.6203125 0.4109375 0.6203125 0.4015625 0.6091145828125 0.4015625 0.5359375 0.384375 0.528125 0.35625 0.53125 0.3359375 0.5 0.334375 0.478125 0.3234375 0.4703125 0.2953125 0.465625 0.2890625 0.46875 0.2875 0.48125 0.2859375 0.51875 0.296875 0.5328125 0.3140625 0.61875 0.315625 0.7125
1 0 0.9984375 0.053125 0.9984375 0.0828125 0.99375 0.0921875 0.9765625 0.1078125 0.9671875 0.1078125 0.953125 0.115625 0.9484375 0.115625 0.93125 0.1234375 0.921875 0.16875 0.9015625 0.240625 0.8453125 0.271875 0.8484375 0.2859375 0.834375 0.3203125 0.7609375 0.3109375 0.603125 0.3046875 0.5890625 0.3015625 0.5390625 0.2859375 0.521875 0.2671875 0.521875 0.259375 0.53125 0.2359375 0.5375 0.2203125 0.534375 0.0703125 0.484375 0.0515625 0.4828125 0.00625 0.4625 0 0.4625 0 0.9984375
1 0.4359375 0.5734375 0.428125 0.5609375 0.4171875 0.5640625 0.4140625 0.6421875 0.4125 0.696875 0.41875 0.70625 0.4328125 0.696875 0.4359375 0.5734375
1 0.4578125 0.684375 0.49375 0.6578125 0.490625 0.6171875 0.4640625 0.5796875 0.45 0.571875 0.44375 0.578125 0.4421875 0.625 0.45625 0.6546875 0.4515625 0.6828125 0.4578125 0.684375
1 0.459375 0.5859375 0.4546875 0.571875 0.4421875 0.5625 0.434375 0.5640625 0.43125 0.703125 0.459375 0.68125 0.4546875 0.634375 0.459375 0.5859375
3 0.6671875 0.69375 0.6609375 0.6734375 0.6453125 0.665625 0.6234375 0.665625 0.6234375 0.709375 0.6921875 0.7734375 0.696875 0.7 0.6671875 0.69375
3 0.9984375 0.8359375 0.9703125 0.8296875 0.9640625 0.8359375 0.93125 0.8359375 0.9265625 0.8828125 0.9265625 0.99375 0.9328125 0.9984375 0.9984375 0.9984375 0.9984375 0.8359375
3 0.871875 0.7765625 0.8609375 0.76875 0.853125 0.76875 0.8515625 0.7765625 0.821875 0.7765625 0.809375 0.75625 0.8015625 0.709375 0.7859375 0.6953125 0.771875 0.703125 0.7671875 0.7 0.7671875 0.7078125 0.7578125 0.709375 0.7484375 0.690625 0.740625 0.6875 0.7265625 0.6984375 0.70625 0.7 0.709375 0.790625 0.7671875 0.85625 0.8640625 0.940625 0.871875 0.7765625
0 0.84375 0.778125 0.85625 0.759375 0.875 0.765625 0.8859375 0.6140625 0.8625 0.6140625 0.8484375 0.6484375 0.8125 0.659375 0.8109375 0.7171875 0.81875 0.73125 0.8234375 0.7703125 0.84375 0.778125
0 0.9984375 0.634375 0.975 0.6171875 0.9390625 0.615625 0.9296875 0.7421875 0.928125 0.8171875 0.965625 0.815625 0.9984375 0.8234375 0.9984375 0.634375
0 0.7046875 0.684375 0.7234375 0.6953125 0.725 0.6625 0.7140625 0.6390625 0.696875 0.628125 0.675 0.63125 0.6640625 0.653125 0.6671875 0.684375 0.6828125 0.6890625 0.7046875 0.684375
1 0.5671875 0.6265625 0.5484375 0.6359375 0.5546875 0.6640625 0.5671875 0.66875 0.571875 0.65 0.5671875 0.6265625
2 0.5203125 0.6328125 0.525 0.6375 0.521875 0.6171875 0.5203125 0.6328125
0 0.578125 0.625 0.5734375 0.6296875 0.571875 0.6453125 0.5875 0.6484375 0.5890625 0.6328125 0.578125 0.625
0 0.6171875 0.6359375 0.615625 0.6546875 0.634375 0.6546875 0.634375 0.634375 0.6171875 0.6359375
0 0.6453125 0.640625 0.6390625 0.659375 0.6609375 0.6625 0.665625 0.6421875 0.6453125 0.640625