0 0.9984375 0.6734375 0.9546875 0.659375 0.9 0.65625 0.8640625 0.6640625 0.834375 0.7234375 0.8203125 0.7671875 0.81875 0.8734375 0.84375 0.996875 0.9984375 0.9984375 0.9984375 0.6734375
3 0.7984375 0.93125 0.80625 0.9546875 0.8359375 0.990625 0.834375 0.9640625 0.825 0.94375 0.8171875 0.8375 0.8203125 0.759375 0.8375 0.715625 0.821875 0.6984375 0.7859375 0.6859375 0.775 0.6875 0.7703125 0.696875 0.75 0.6953125 0.740625 0.7109375 0.6859375 0.703125 0.6734375 0.6859375 0.68125 0.665625 0.6484375 0.6578125 0.65 0.75625 0.6984375 0.8109375 0.75625 0.89375 0.7984375 0.93125
3 0.65 0.653125 0.65 0.6953125 0.678125 0.69375 0.6828125 0.6625 0.65 0.653125
0 0.7421875 0.68125 0.7359375 0.6515625 0.721875 0.640625 0.6953125 0.6390625 0.6859375 0.653125 0.684375 0.6953125 0.6984375 0.703125 0.7390625 0.7078125 0.7421875 0.68125
0 0.7640625 0.6953125 0.771875 0.671875 0.7703125 0.6515625 0.7609375 0.6375 0.74375 0.628125 0.734375 0.6375 0.74375 0.6890625 0.75625 0.6875 0.7640625 0.6953125
3 0.6078125 0.6578125 0.603125 0.6625 0.6 0.68125 0.61875 0.6953125 0.6234375 0.6609375 0.6078125 0.6578125
0 0.6171875 0.6296875 0.6125 0.6375 0.6109375 0.653125 0.621875 0.65625 0.6234375 0.63125 0.6171875 0.6296875
4 0.546875 0.675 0.559375 0.6734375 0.559375 0.659375 0.5359375 0.653125 0.509375 0.6625 0.50625 0.684375 0.49375 0.703125 0.459375 0.715625 0.46875 0.7203125 0.46875 0.734375 0.4578125 0.759375 0.425 0.7921875 0.35625 0.8953125 0.3453125 0.9015625 0.3140625 0.9 0.315625 0.9453125 0.303125 0.9859375 0.3015625 0.9984375 0.540625 0.9984375 0.5453125 0.6984375 0.546875 0.675
4 0.503125 0.703125 0.478125 0.721875 0.4671875 0.7390625 0.46875 0.7578125 0.4390625 0.7765625 0.4234375 0.796875 0.309375 0.9625 0.3046875 0.98125 0.303125 0.9984375 0.540625 0.9984375 0.5421875 0.709375 0.503125 0.703125
2 0.2453125 0.9609375 0.278125 0.9577008921875001 0.278125 0.9984375 0.2984375 0.9984375 0.3078125 0.8 0.328125 0.746875 0.334375 0.6484375 0.31875 0.55625 0.2984375 0.5161458328124999 0.3 0.4703125 0.2921875 0.453125 0.278125 0.446875 0.26875 0.453125 0.259375 0.478125 0.265625 0.5453125 0.2390625 0.590625 0.2234375 0.6953125 0.23125 0.815625 0.2140625 0.9984375 0.240625 0.9984375 0.2453125 0.9609375
4 0.3140625 0.9453125 0.346875 0.903125 0.3125 0.896875 0.3140625 0.9453125
4 0.2578125 0.8921875 0.2515625 0.9234375 0.2515625 0.9421875 0.2734375 0.9421875 0.2734375 0.890625 0.2578125 0.8921875
4 0.2171875 0.8859375 0.1765625 0.884375 0.165625 0.878125 0.1453125 0.8921875 0.1421875 0.896875 0.16875 0.91875 0.215625 0.9328125 0.2171875 0.8859375
4 0.2234375 0.8859375 0.165625 0.875 0.121875 0.9046875 0.11875 0.9125 0.1359375 0.9203125 0.21875 0.934375 0.2234375 0.8859375