3 0.778125 0.8203125 0.7796875 0.8359375 0.771875 0.8578125 0.7203125 0.9 0.803125 0.9984375 0.9984375 0.9984375 0.9984375 0.71875 0.953125 0.7171875 0.9375 0.7125 0.934375 0.7 0.884375 0.690625 0.653125 0.659375 0.646875 0.6640625 0.6453125 0.6828125 0.653125 0.7015625 0.7203125 0.7578125 0.778125 0.8203125
3 0 0.9984375 0.790625 0.9984375 0.79375 0.9921875 0.746875 0.928125 0.715625 0.9 0.6953125 0.8984375 0.628125 0.9046875 0.5984375 0.9140625 0.53125 0.9109375 0.4796875 0.9203125 0.3625 0.925 0.2171875 0.9203125 0.1734375 0.9078125 0.0671875 0.9125 0 0.9 0 0.9984375
2 0.4203125 0.85625 0.428125 0.8625 0.4359375 0.89375 0.4421875 0.8953125 0.4515625 0.7515625 0.465625 0.696875 0.4640625 0.6375 0.45 0.6015625 0.4484375 0.5734375 0.4421875 0.571875 0.4375 0.5984375 0.40625 0.6578125 0.4015625 0.6796875 0.403125 0.715625 0.4109375 0.721875 0.4171875 0.74375 0.4203125 0.85625
4 0.45 0.9046875 0.4734375 0.90625 0.60625 0.9015625 0.6796875 0.878125 0.734375 0.8375 0.7265625 0.8078125 0.5609375 0.79375 0.5515625 0.778125 0.578125 0.6609375 0.5578125 0.6609375 0.5234375 0.696875 0.459375 0.784375 0.45 0.9046875
4 0.4203125 0.8859375 0.4125 0.828125 0.346875 0.89375 0.43125 0.9109375 0.4203125 0.8859375
0 0.8375 0.6546875 0.8296875 0.634375 0.79375 0.628125 0.7765625 0.6609375 0.775 0.6765625 0.78125 0.684375 0.8359375 0.6875 0.8375 0.6546875
0 0.88125 0.6640625 0.875 0.6515625 0.8640625 0.640625 0.8390625 0.6390625 0.8359375 0.6515625 0.8421875 0.68125 0.878125 0.684375 0.88125 0.6640625
0 0.684375 0.6296875 0.678125 0.6484375 0.6796875 0.6703125 0.7109375 0.66875 0.7046875 0.628125 0.684375 0.6296875
0 0.6734375 0.63125 0.6671875 0.6234375 0.653125 0.6265625 0.6515625 0.653125 0.66875 0.653125 0.675 0.6453125 0.6734375 0.63125
0 0.734375 0.6203125 0.7234375 0.6328125 0.7234375 0.6640625 0.7515625 0.665625 0.7515625 0.6203125 0.734375 0.6203125
0 0.796875 0.6234375 0.790625 0.6140625 0.7671875 0.621875 0.7640625 0.640625 0.7671875 0.65 0.775 0.6515625 0.796875 0.6234375