1 0.5734375 0.8890625 0.5953125 0.9984375 0.8671875 0.9984375 0.8703125 0.99375 0.8609375 0.978125 0.803125 0.928125 0.7328125 0.8390625 0.678125 0.7859375 0.6578125 0.76875 0.65625 0.7890625 0.65 0.7953125 0.6328125 0.7890625 0.6328125 0.7375 0.60625 0.70625 0.5859375 0.715625 0.5625 0.6875 0.553125 0.6859375 0.5546875 0.7125 0.5484375 0.725 0.571875 0.828125 0.5734375 0.8890625
3 0.6375 0.6765625 0.6265625 0.675 0.603125 0.6984375 0.6296875 0.740625 0.6375 0.7328125 0.6375 0.6765625
3 0.7578125 0.871875 0.8765625 0.9984375 0.9984375 0.9984375 0.9984375 0.7578125 0.9 0.7328125 0.8140625 0.7328125 0.790625 0.7046875 0.75625 0.6890625 0.7125 0.696875 0.6984375 0.69375 0.6890625 0.6828125 0.6671875 0.68125 0.6625 0.6890625 0.6578125 0.753125 0.6640625 0.7734375 0.7421875 0.8453125 0.7578125 0.871875
0 0.85625 0.7265625 0.86875 0.7359375 0.878125 0.7265625 0.8734375 0.684375 0.8625 0.671875 0.821875 0.66875 0.8 0.69375 0.8015625 0.7234375 0.8171875 0.7203125 0.8296875 0.7296875 0.85625 0.7265625
0 0.8984375 0.7046875 0.89375 0.6875 0.8765625 0.66875 0.8640625 0.66875 0.875 0.690625 0.8796875 0.7234375 0.8921875 0.7234375 0.8984375 0.7046875
1 0.659375 0.6171875 0.653125 0.5859375 0.64375 0.684375 0.640625 0.790625 0.6515625 0.7859375 0.6546875 0.753125 0.659375 0.6171875
0 0.715625 0.65 0.7015625 0.66875 0.7046875 0.690625 0.7375 0.69375 0.7359375 0.653125 0.715625 0.65
4 0.590625 0.978125 0.575 0.9140625 0.5671875 0.7953125 0.5453125 0.6796875 0.5328125 0.6734375 0.525 0.68125 0.4546875 0.821875 0.4203125 0.9140625 0.3796875 0.9984375 0.5875 0.9984375 0.590625 0.978125
1 0.5953125 0.6515625 0.5875 0.6625 0.5859375 0.709375 0.590625 0.7109375 0.596875 0.7046875 0.5953125 0.6515625
1 0.5640625 0.6453125 0.5546875 0.65625 0.553125 0.6734375 0.571875 0.6765625 0.575 0.6484375 0.5640625 0.6453125
0 0.6109375 0.6453125 0.6 0.6453125 0.5984375 0.6734375 0.615625 0.6828125 0.615625 0.653125 0.6109375 0.6453125
1 0.1578125 0.9984375 0.3671875 0.9984375 0.4078125 0.9328125 0.48125 0.771875 0.490625 0.7375 0.4875 0.7296875 0.49375 0.7234375 0.490625 0.7125 0.484375 0.7078125 0.46875 0.7296875 0.4390625 0.725 0.40625 0.7671875 0.3328125 0.8109375 0.3078125 0.8484375 0.278125 0.8734375 0.278125 0.88125 0.23125 0.9140625 0.2109375 0.915625 0.2046875 0.9484375 0.178125 0.9765625 0.16875 0.978125 0.1578125 0.9984375
1 0.465625 0.7515625 0.4828125 0.753125 0.521875 0.678125 0.50625 0.6765625 0.446875 0.7125 0.4390625 0.7234375 0.45 0.7359375 0.4609375 0.7359375 0.465625 0.7515625