3 1 1 0.996875 0.765625 0.9359375 0.7421875 0.9328125 0.7265625 0.8484375 0.70625 0.784375 0.703125 0.7296875 0.6875 0.7265625 0.678125 0.6609375 0.6609375 0.6265625 0.6578125 0.609375 0.6625 0.65625 0.725 0.60625 0.75 0.353125 0.728125 0.3453125 0.8125 0.4640625 0.834375 0.553125 0.85 0.6734375 0.890625 0.778125 0.928125 0.8765625 0.9796875 0.921875 1 1 1
0 0.9984375 0.6671875 0.95625 0.6890625 0.9453125 0.70625 0.94375 0.734375 0.95 0.746875 0.9984375 0.75 0.9984375 0.6671875
0 0.778125 0.6953125 0.7890625 0.696875 0.8015625 0.6875 0.8140625 0.6921875 0.8171875 0.7015625 0.8296875 0.7015625 0.840625 0.6921875 0.85625 0.665625 0.85625 0.5546875 0.796875 0.5484375 0.765625 0.559375 0.7484375 0.625 0.746875 0.653125 0.740625 0.6578125 0.7421875 0.684375 0.75 0.678125 0.7703125 0.678125 0.778125 0.6953125
0 0.8828125 0.66875 0.8765625 0.6578125 0.8609375 0.6546875 0.84375 0.68125 0.8421875 0.6953125 0.871875 0.7015625 0.8703125 0.69375 0.8828125 0.66875
0 0.9390625 0.6765625 0.9265625 0.6625 0.8953125 0.6578125 0.871875 0.684375 0.8765625 0.70625 0.903125 0.7125 0.93125 0.7109375 0.9390625 0.6765625
0 0.965625 0.6828125 0.996875 0.6640625 0.9984375 0.6546875 0.96875 0.6515625 0.940625 0.68125 0.9375 0.7015625 0.9421875 0.71875 0.94375 0.70625 0.965625 0.6828125
4 0.6484375 0.7203125 0.6328125 0.7109375 0.571875 0.6984375 0.5625 0.65 0.5578125 0.6484375 0.53125 0.653125 0.5125 0.6953125 0.509375 0.7265625 0.5484375 0.7390625 0.6203125 0.7375 0.6484375 0.7203125
4 0.5328125 0.653125 0.5234375 0.671875 0.521875 0.6921875 0.5671875 0.696875 0.55625 0.65 0.5328125 0.653125
2 0.5328125 0.603125 0.5375 0.6453125 0.5421875 0.60625 0.5359375 0.6 0.5328125 0.603125
0 0.6171875 0.621875 0.6109375 0.6296875 0.6125 0.6453125 0.625 0.646875 0.625 0.6234375 0.6171875 0.621875
0 0.65 0.6328125 0.646875 0.6375 0.6453125 0.653125 0.6609375 0.65625 0.659375 0.6359375 0.65 0.6328125
0 0.703125 0.6375 0.6984375 0.64375 0.6953125 0.6609375 0.7140625 0.6640625 0.7109375 0.6390625 0.703125 0.6375
4 0.3 0.94375 0.3421875 0.9640625 0.3671875 0.9984375 0.8859375 0.9984375 0.8265625 0.9609375 0.725 0.915625 0.6890625 0.9109375 0.6453125 0.8890625 0.4953125 0.8515625 0.465625 0.8390625 0.4578125 0.8390625 0.4421875 0.871875 0.4234375 0.8828125 0.2734375 0.8703125 0.053125 0.8421875 0.03125 0.84375 0.021875 0.8734375 0.0203125 0.8953125 0.0265625 0.8984375 0.121875 0.90625 0.3 0.94375
3 0.2703125 0.8078125 0.325 0.815625 0.3296875 0.8078125 0.328125 0.725 0.0796875 0.690625 0.0734375 0.7296875 0.075 0.784375 0.190625 0.8 0.2421875 0.790625 0.2703125 0.8078125