1 0.609375 0.9984375 0.93125 0.9984375 0.9046875 0.9546875 0.859375 0.9265625 0.8390625 0.8921875 0.828125 0.8859375 0.8 0.8484375 0.7953125 0.88125 0.7109375 0.875 0.7 0.8671875 0.671875 0.8671875 0.6375 0.8515625 0.625 0.853125 0.6046875 0.7828125 0.60625 0.734375 0.5984375 0.734375 0.578125 0.7578125 0.5796875 0.7984375 0.5734375 0.8125 0.59375 0.8796875 0.609375 0.9984375
1 0.6609375 0.8609375 0.7203125 0.875 0.7859375 0.8734375 0.79375 0.8421875 0.7875 0.6640625 0.753125 0.6265625 0.7421875 0.6234375 0.721875 0.6265625 0.7078125 0.6359375 0.653125 0.6375 0.6203125 0.628125 0.6125 0.634375 0.60625 0.7796875 0.615625 0.8296875 0.625 0.84375 0.6609375 0.8609375
1 0.421875 0.778125 0.425 0.7234375 0.4265625 0.4734375 0.41875 0.48125 0.4109375 0.5484375 0.4171875 0.5984375 0.415625 0.7828125 0.421875 0.778125
1 0.4390625 0.65625 0.4390625 0.6328125 0.428125 0.628125 0.43125 0.621875 0.4265625 0.6171875 0.4265625 0.6375 0.4375 0.64375 0.4390625 0.65625
1 0.425 0.60625 0.4359375 0.6109375 0.4453125 0.5203125 0.440625 0.4875 0.43125 0.4734375 0.421875 0.4734375 0.41875 0.4921875 0.4171875 0.54375 0.41875 0.5609375 0.425 0.5609375 0.425 0.60625
1 0 0.9984375 0.121875 0.9984375 0.125 0.9828125 0.159375 0.9484375 0.184375 0.9296875 0.2046875 0.928125 0.36875 0.775 0.371875 0.6484375 0.2859375 0.659375 0.2796875 0.6446875000000001 0.2796875 0.5546875 0.284375 0.5484375 0.278125 0.54375 0.2515625 0.5484375 0.253125 0.559375 0.26875 0.575 0.259375 0.5796875 0.2515625 0.596875 0.2671875 0.634375 0.2609375 0.6671875 0 0.709375 0 0.9984375
1 0.2640625 0.8640625 0.2765625 0.8453125 0.275 0.771875 0.2828125 0.709375 0.2859375 0.5625 0.2796875 0.559375 0.278125 0.546875 0.2625 0.5453125 0.25625 0.559375 0.253125 0.60625 0.265625 0.659375 0.259375 0.8453125 0.2640625 0.8640625
1 0.45 0.7984375 0.478125 0.7640625 0.4875 0.734375 0.4875 0.7125 0.45 0.70625 0.44375 0.715625 0.4484375 0.728125 0.44375 0.746875 0.4265625 0.775 0.4078125 0.76875 0.4046875 0.7578125 0.3546875 0.7921875 0.303125 0.85 0.2015625 0.9375 0.190625 0.959375 0.1609375 0.9796875 0.15625 0.9984375 0.3515625 0.9984375 0.4125 0.896875 0.45 0.7984375
1 0.6921875 0.9921875 0.775 0.9890625 0.8109375 0.9984375 0.934375 0.9984375 0.9265625 0.978125 0.90625 0.9546875 0.86875 0.9296875 0.85 0.9015625 0.7984375 0.85 0.796875 0.8609375 0.7765625 0.8828125 0.665625 0.8734375 0.634375 0.85625 0.5984375 0.8671875 0.59375 0.8828125 0.6109375 0.9984375 0.6890625 0.9984375 0.6921875 0.9921875
1 0.58125 0.175 0.5796875 0.23125 0.590625 0.2578125 0.5875 0.1671875 0.58125 0.175
1 0.5890625 0.1734375 0.5828125 0.1734375 0.5796875 0.2234375 0.5875 0.2421875 0.5921875 0.1953125 0.5890625 0.1734375
1 0.5859375 0.7390625 0.5890625 0.4765625 0.6015625 0.4546875 0.603125 0.3875 0.603125 0.371875 0.5875 0.353125 0.5734375 0.3828125 0.571875 0.45625 0.58125 0.4765625 0.578125 0.7359375 0.5859375 0.7390625
1 0.5859375 0.7390625 0.5890625 0.478125 0.6015625 0.453125 0.603125 0.371875 0.584375 0.3578125 0.5734375 0.3796875 0.571875 0.45625 0.58125 0.4765625 0.578125 0.7359375 0.5859375 0.7390625
3 0.9984375 0.9984375 0.9984375 0.703125 0.9890625 0.7171875 0.98125 0.71875 0.971875 0.715625 0.965625 0.703125 0.9453125 0.7046875 0.878125 0.6890625 0.8703125 0.6765625 0.8609375 0.6765625 0.8609375 0.690625 0.8484375 0.70625 0.80625 0.6984375 0.796875 0.703125 0.7953125 0.8140625 0.8015625 0.8265625 0.9796875 0.990625 0.9984375 0.9984375
4 0.60625 1 0.5703125 0.709375 0.5078125 0.696875 0.35625 1 0.60625 1
3 0.446875 0.6890625 0.578125 0.7046875 0.575 0.678125 0.4453125 0.671875 0.446875 0.6890625
3 0.6109375 0.6796875 0.590625 0.6796875 0.5875 0.709375 0.6078125 0.7109375 0.6109375 0.6796875
4 0.559375 0.628125 0.5421875 0.63125 0.5328125 0.66875 0.571875 0.671875 0.571875 0.659375 0.5625 0.65625 0.559375 0.628125
2 0.54375 0.621875 0.5484375 0.5984375 0.540625 0.5921875 0.54375 0.621875
0 0.96875 0.7015625 0.9828125 0.715625 0.9984375 0.696875 0.9984375 0.6640625 0.965625 0.6265625 0.9421875 0.621875 0.9125 0.625 0.88125 0.6625 0.884375 0.7 0.921875 0.7015625 0.9265625 0.709375 0.96875 0.7015625
0 0.796875 0.6546875 0.7921875 0.6734375 0.796875 0.6921875 0.853125 0.7 0.8578125 0.6625 0.8375 0.6140625 0.784375 0.609375 0.775 0.6109375 0.7671875 0.621875 0.765625 0.6296875 0.7765625 0.6375 0.7890625 0.634375 0.796875 0.6546875
0 0.8828125 0.653125 0.8828125 0.6375 0.8703125 0.6140625 0.8421875 0.6140625 0.8609375 0.6734375 0.8765625 0.6734375 0.8828125 0.653125
0 0.615625 0.609375 0.6140625 0.61875 0.6375 0.621875 0.6328125 0.60625 0.615625 0.609375
0 0.665625 0.6171875 0.6640625 0.6265625 0.6921875 0.634375 0.6875 0.6125 0.665625 0.6171875