4 0.625 1 0.59375 0.634375 0.5828125 0.634375 0.38125 0.996875 0.625 1
1 0.6328125 0.934375 0.628125 0.978125 0.6328125 0.9984375 0.971875 0.9984375 0.9578125 0.971875 0.8671875 0.8984375 0.7546875 0.78125 0.7328125 0.7703125 0.7 0.7359375 0.6734375 0.7421875 0.6703125 0.703125 0.634375 0.68125 0.6234375 0.68125 0.603125 0.6875 0.603125 0.7125 0.609375 0.7984375 0.6328125 0.934375
3 0.98125 0.7453125 0.934375 0.7328125 0.921875 0.7046875 0.8953125 0.6953125 0.8140625 0.6796875 0.8 0.6859375 0.796875 0.6953125 0.7625 0.7015625 0.7234375 0.6890625 0.7234375 0.671875 0.7125 0.6609375 0.6953125 0.6640625 0.6953125 0.721875 0.7453125 0.759375 0.978125 0.9734375 0.98125 0.7453125
0 0.9765625 0.64375 0.9671875 0.65 0.934375 0.684375 0.9375 0.728125 0.98125 0.7359375 0.9859375 0.646875 0.9765625 0.64375
0 0.796875 0.6703125 0.78125 0.6421875 0.7625 0.63125 0.7328125 0.6375 0.7265625 0.65625 0.728125 0.6890625 0.790625 0.6984375 0.796875 0.6703125
1 0.64375 0.246875 0.6359375 0.2578125 0.6375 0.271875 0.640625 0.28125 0.6546875 0.2734375 0.671875 0.2796875 0.66875 0.3359375 0.6796875 0.359375 0.684375 0.4375 0.678125 0.7359375 0.6859375 0.73125 0.6890625 0.709375 0.69375 0.553125 0.7 0.5296875 0.6984375 0.46875 0.709375 0.4 0.7171875 0.3828125 0.7125 0.371875 0.71875 0.35625 0.7296875 0.3484375 0.7234375 0.3390625 0.721875 0.315625 0.7359375 0.2515625 0.7296875 0.2421875 0.7328125 0.221875 0.74375 0.18125 0.73125 0.1515625 0.73125 0.134375 0.740625 0.1296875 0.73125 0.1140625 0.7328125 0.1015625 0.7390625 0.0984375 0.7375 0.0921875 0.7203125 0.084375 0.7203125 0.078125 0.7265625 0.053125 0.740625 0.04375 0.7296875 0.0421875 0.7296875 0.0328125 0.715625 0.0171875 0.715625 0.003125 0.6875 0 0.66875 0.009375 0.646875 0 0.625 0.0046875 0.621875 0.0203125 0.640625 0.146875 0.6375 0.2421875 0.64375 0.246875
1 0.5703125 0.653125 0.540625 0.6453125 0.525 0.6515625 0.5171875 0.665625 0.515625 0.7125 0.5265625 0.7234375 0.55625 0.684375 0.5703125 0.653125
1 0.6 0.578125 0.5984375 0.671875 0.603125 0.6734375 0.6078125 0.565625 0.6 0.578125
0 0.675 0.61875 0.6609375 0.6171875 0.653125 0.625 0.653125 0.653125 0.6734375 0.6609375 0.678125 0.65 0.675 0.61875
0 0.8078125 0.6796875 0.815625 0.6390625 0.809375 0.621875 0.8 0.615625 0.7703125 0.61875 0.7671875 0.6296875 0.79375 0.659375 0.8 0.6796875 0.8078125 0.6796875
1 0.3765625 0.9984375 0.375 0.99375 0.3890625 0.98125 0.396875 0.9421875 0.4140625 0.934375 0.421875 0.9125 0.4328125 0.9046875 0.45625 0.8484375 0.478125 0.8171875 0.49375 0.775 0.5171875 0.7359375 0.4953125 0.71875 0.4765625 0.7171875 0.4703125 0.6875 0.4625 0.6875 0.4578125 0.6765625 0.440625 0.6765625 0.4359375 0.7484375 0.403125 0.8328125 0.3828125 0.8484375 0.36875 0.8453125 0.346875 0.8609375 0.35 0.86875 0.3390625 0.8765625 0.3265625 0.875 0.309375 0.884375 0.28125 0.9265625 0.2703125 0.93125 0.2453125 0.9765625 0.246875 0.99375 0.265625 0.9890625 0.278125 0.9984375 0.3765625 0.9984375
1 0.0140625 0 0.0078125 0.0078125 0.00625 0.021875 0 0.0234375 0 0.640625 0.0125 0.646875 0.0359375 0.6375 0.05625 0.6109375 0.075 0.6 0.090625 0.609375 0.1125 0.6015625 0.1265625 0.609375 0.1390625 0.60625 0.1484375 0.6109375 0.18125 0.6453125 0.19375 0.6484375 0.228125 0.6421875 0.25 0.653125 0.2609375 0.6765625 0.25625 0.7265625 0.25 0.728125 0.2484375 0.7953125 0.278125 0.8109375 0.290625 0.8484375 0.3109375 0.8703125 0.3484375 0.85 0.35625 0.8328125 0.3921875 0.8328125 0.4015625 0.8234375 0.43125 0.7421875 0.4390625 0.6265625 0.4921875 0.6265625 0.490625 0.65 0.5046875 0.6671875 0.515625 0.6578125 0.5234375 0.6328125 0.53125 0.6296875 0.5359375 0.634375 0.540625 0.6171875 0.5359375 0.540625 0.521875 0.478125 0.4890625 0.4703125 0.46875 0.478125 0.453125 0.471875 0.4421875 0.4546875 0.425 0.259375 0.4296875 0.24375 0.4265625 0.1375 0.43125 0.125 0.425 0 0.0140625 0
1 0 0.934375 0.0125 0.9359375 0.025 0.9265625 0.0421875 0.9359375 0.0984375 0.9390625 0.1078125 0.934375 0.1140625 0.946875 0.13125 0.9078125 0.1328125 0.8640625 0.15 0.85 0.159375 0.821875 0.1921875 0.8109375 0.2171875 0.7921875 0.2203125 0.696875 0.2 0.665625 0.134375 0.6078125 0.1203125 0.6140625 0.0703125 0.6125 0.05625 0.61875 0.0375 0.646875 0.0046875 0.65625 0 0.65 0 0.934375
1 0.259375 0.9375 0.2640625 0.8921875 0.1421875 0.9890625 0.134375 0.9984375 0.215625 0.9984375 0.2296875 0.959375 0.259375 0.9375