1 0.7765625 0 0.765625 0.0390625 0.7375 0.059375 0.7203125 0.0109375 0.6921875 0 0.684375 0.0078125 0.690625 0.0515625 0.7109375 0.1 0.75 0.3234375 0.775 0.4078125 0.7796875 0.450390625 0.771875 0.6640625 0.7515625 0.946875 0.7859375 0.98125 0.7921875 0.965625 0.7921875 0.796875 0.7984375 0.6703125 0.8078125 0.6140625 0.8125 0.421875 0.8875 0.28125 0.928125 0.1640625 0.9578125 0.11875 0.984375 0.0203125 0.99375 0.0046875 0.9921875 0 0.7765625 0
3 0.884375 0.95625 0.9984375 0.9609375 0.9984375 0.75 0.896875 0.725 0.8734375 0.7296875 0.8609375 0.7109375 0.8421875 0.7140625 0.8046875 0.6984375 0.796875 0.7609375 0.7953125 0.875 0.8015625 0.8859375 0.825 0.8984375 0.884375 0.95625
0 0.9203125 0.71875 0.95 0.728125 0.9609375 0.715625 0.9546875 0.684375 0.9234375 0.6625 0.89375 0.6625 0.86875 0.6890625 0.871875 0.71875 0.896875 0.7171875 0.90625 0.725 0.9203125 0.71875
1 0.5609375 0.8020833328125001 0.5578125 0.840625 0.5671875 0.8921875 0.5859375 0.921875 0.6015625 0.9328125 0.5875 0.9515625 0.6 0.9984375 0.775 0.9984375 0.7671875 0.978125 0.7515625 0.9625 0.7484375 0.934375 0.7546875 0.86875 0.75 0.859375 0.621875 0.7171875 0.6125 0.7125 0.6078125 0.725 0.584375 0.7234375 0.584375 0.684375 0.5796875 0.6796875 0.54375 0.6765625 0.540625 0.68125 0.5390625 0.775 0.5421875 0.7828125 0.5546875 0.7859375 0.5609375 0.8020833328125001
1 0.66875 0.5046875 0.678125 0.7875 0.6875 0.509375 0.6796875 0.5 0.66875 0.5046875
0 0.7609375 0.7171875 0.7609375 0.6625 0.740625 0.6265625 0.696875 0.6234375 0.6875 0.6359375 0.6828125 0.6578125 0.684375 0.7109375 0.696875 0.70625 0.7046875 0.7140625 0.7609375 0.7171875
1 0.54375 0 0.5296875 0.0296875 0.53125 0.0515625 0.540625 0.0671875 0.53125 0.078125 0.515625 0.075 0.5015625 0.1125 0.4765625 0.153125 0.4828125 0.1875 0.478125 0.20625 0.4578125 0.23125 0.4609375 0.265625 0.4421875 0.284375 0.4546875 0.3640625 0.48125 0.390625 0.5125 0.4078125 0.5171875 0.425 0.540625 0.4578125 0.55625 0.53125 0.584375 0.565625 0.5921875 0.5859375 0.5953125 0.6296875 0.5875 0.7171875 0.6046875 0.7203125 0.6109375 0.6203125 0.6234375 0.578125 0.6859375 0.4734375 0.684375 0.4484375 0.690625 0.434375 0.728125 0.3921875 0.715625 0.36875 0.725 0.3640625 0.7328125 0.325 0.709375 0.16875 0.6546875 0.0765625 0.6578125 0.0328125 0.66875 0.0109375 0.6515625 0 0.54375 0
3 0.65625 0.6875 0.6171875 0.684375 0.6171875 0.7078125 0.6703125 0.75625 0.6734375 0.678125 0.65625 0.6875
3 0.5875 0.6546875 0.575 0.6453125 0.571875 0.6640625 0.575 0.6734375 0.5828125 0.675 0.5875 0.6546875
0 0.6640625 0.6546875 0.6578125 0.6390625 0.653125 0.634375 0.6328125 0.6359375 0.6265625 0.6484375 0.628125 0.675 0.6625 0.678125 0.6640625 0.6546875
4 0.58125 0.9625 0.584375 0.9234375 0.565625 0.8984375 0.5625 0.88125 0.559375 0.790625 0.5375 0.7693749999999999 0.5390625 0.7203125 0.5453125 0.709375 0.53125 0.6546875 0.5203125 0.6546875 0.490625 0.6890625 0.4546875 0.79375 0.4359375 0.821875 0.4328125 0.853125 0.428125 0.8625 0.421875 0.8609375 0.359375 0.965625 0.3515625 0.9984375 0.5890625 0.9984375 0.59375 0.99375 0.58125 0.9625
1 0.496875 0.6578125 0.49375 0.6125 0.4625 0.590625 0.446875 0.5953125 0.434375 0.578125 0.4296875 0.596875 0.4328125 0.61875 0.4265625 0.625 0.41875 0.6234375 0.4140625 0.634375 0.415625 0.703125 0.4375 0.7046875 0.465625 0.6875 0.496875 0.6578125
2 0.521875 0.6453125 0.528125 0.6328125 0.5234375 0.6234375 0.521875 0.6453125
1 0.8578125 0.9640625 0.7984375 0.9 0.7953125 0.9125 0.79375 0.9984375 0.884375 0.9984375 0.871875 0.971875 0.8578125 0.9640625
1 0.396875 0.778125 0.425 0.7828125 0.4421875 0.8015625 0.5046875 0.671875 0.49375 0.66875 0.45 0.7015625 0.36875 0.7421875 0.3671875 0.7515625 0.3765625 0.765625 0.390625 0.7640625 0.396875 0.778125
1 0 0.9984375 0.0625 0.9984375 0.0859375 0.98125 0.10625 0.940625 0.11875 0.928125 0.1296875 0.9265625 0.153125 0.946875 0.2171875 0.8875 0.24375 0.8390625 0.265625 0.834375 0.296875 0.8109375 0.3296875 0.803125 0.334375 0.796875 0.34375 0.7578125 0.3640625 0.7359375 0.359375 0.73125 0.3578125 0.64453125 0.3671875 0.5328125 0.3609375 0.509375 0.3578125 0.5416666671875 0.34375 0.5546875 0.33125 0.54375 0.296875 0.5609375 0.0046875 0.4609375 0 0.4609375 0 0.9984375
1 0.4203125 0.84375 0.43125 0.8328125 0.440625 0.8015625 0.4390625 0.7703125 0.415625 0.7703125 0.40625 0.78125 0.384375 0.775 0.3765625 0.7640625 0.3671875 0.765625 0.3609375 0.7546875 0.3546875 0.7578125 0.34375 0.7765625 0.1234375 0.946875 0.115625 0.9453125 0.0796875 0.99375 0.078125 0.9984375 0.34375 0.9984375 0.4109375 0.871875 0.4203125 0.84375
1 0.3484375 0.6828125 0.3546875 0.696875 0.3546875 0.725 0.35 0.7296875 0.353125 0.7375 0.3640625 0.7390625 0.3953125 0.721875 0.409375 0.7203125 0.4390625 0.6953125 0.4421875 0.59375 0.4359375 0.5796875 0.4171875 0.56953125 0.415625 0.55 0.3859375 0.546875 0.378125 0.540625 0.3703125 0.53125 0.3703125 0.5109375 0.3515625 0.5 0.33125 0.5015625 0.3296875 0.54375 0.3390625 0.5515625 0.3515625 0.6234375 0.3484375 0.6828125
1 0.390625 0.715625 0.4046875 0.71875 0.4046875 0.6390625 0.403125 0.6265625 0.36875 0.6140625 0.365625 0.625 0.3640625 0.7078125 0.3671875 0.7328125 0.371875 0.7328125 0.390625 0.715625
3 0.7625 0.7203125 0.75 0.725 0.746875 0.71875 0.6875 0.7125 0.6875 0.7765625 0.7484375 0.8390625 0.7546875 0.8546875 0.7625 0.7203125