1 0.5375 0.9078125 0.540625 0.9234375 0.5484375 0.9265625 0.5515625 0.946875 0.5640625 0.9421875 0.61875 0.9625 0.634375 0.9609375 0.6421875 0.9828125 0.6765625 0.9984375 0.6921875 0.9859375 0.703125 0.9984375 0.7125 0.99375 0.7171875 0.9984375 0.8296875 0.9984375 0.825 0.9734375 0.809375 0.946875 0.6375 0.765625 0.590625 0.725 0.5859375 0.7265625 0.5859375 0.75 0.571875 0.7625 0.575 0.8765625 0.5671875 0.8921875 0.5421875 0.896875 0.5375 0.9078125
1 0.7234375 0.99375 0.684375 0.971875 0.646875 0.959375 0.6265625 0.9265625 0.575 0.91875 0.5328125 0.8984375 0.540625 0.984375 0.61875 0.9984375 0.721875 0.9984375 0.7234375 0.99375
4 0.609375 1 0.5390625 0.9859375 0.496875 0.65 0.4828125 0.6515625 0.3 0.9421875 0.0015625 0.96875 0.0078125 1 0.609375 1
1 0.5328125 0.821875 0.5375 0.8140625 0.5328125 0.8078125 0.5421875 0.7578125 0.54375 0.6953125 0.5359375 0.6875 0.5234375 0.690625 0.515625 0.7546875 0.5265625 0.834375 0.5359375 0.8359375 0.5328125 0.821875
1 0 0.9609375 0.2921875 0.9421875 0.2984375 0.940625 0.43125 0.721875 0.44375 0.709375 0.4515625 0.6875 0.4265625 0.6828125 0.39375 0.69375 0.3703125 0.684375 0.3578125 0.6984375 0.3375 0.7 0.2953125 0.728125 0.1078125 0.65625 0.0625 0.6625 0.0484375 0.659375 0.025 0.6421875 0.0125 0.6421875 0.0203125 0.6546875 0.0203125 0.6703125 0.003125 0.740625 0.0046875 0.75 0.0140625 0.7546875 0.0984375 0.7625 0.13125 0.771875 0.1328125 0.796875 0.13125 0.8328125 0.1140625 0.8578125 0.096875 0.8625 0 0.8578125 0 0.9609375
1 0.1140625 0.853125 0.1234375 0.8421875 0.128125 0.828125 0.1265625 0.7765625 0.0078125 0.7578125 0 0.7578125 0.0015625 0.8453125 0.1 0.85625 0.1140625 0.853125
1 0.5640625 0.8859375 0.5703125 0.8796875 0.571875 0.3796875 0.5765625 0.3421875 0.5765625 0.2890625 0.56875 0.24375 0.5796875 0.2390625 0.584375 0.2125 0.5875 0.153125 0.5796875 0.134375 0.5875 0.0953125 0.5828125 0.0875 0.5625 0.090625 0.55625 0.0984375 0.55 0.3046875 0.553125 0.55 0.540625 0.8796875 0.5453125 0.8859375 0.5640625 0.8859375
1 0.3640625 0.5875 0.3828125 0.6703125 0.3984375 0.6875 0.41875 0.684375 0.4734375 0.6484375 0.465625 0.6171875 0.390625 0.5875 0.3640625 0.5875
3 0.871875 0.96875 0.871875 0.98125 0.9421875 0.984375 0.9984375 0.9984375 0.996875 0.76875 0.8171875 0.725 0.7671875 0.696875 0.7171875 0.6953125 0.6375 0.6765625 0.6328125 0.7 0.6328125 0.7625 0.69375 0.8109375 0.7515625 0.871875 0.871875 0.96875
3 0.9984375 0.990625 0.9984375 0.76875 0.7875 0.7140625 0.778125 0.696875 0.71875 0.6953125 0.6390625 0.6796875 0.634375 0.7 0.634375 0.7578125 0.878125 0.978125 0.8953125 0.9859375 0.9984375 0.990625
3 0.5921875 0.671875 0.584375 0.6765625 0.584375 0.709375 0.6234375 0.7453125 0.625 0.6734375 0.5921875 0.671875
0 0.6578125 0.653125 0.6484375 0.6640625 0.65 0.678125 0.6734375 0.68125 0.6703125 0.65625 0.6578125 0.653125