0 0.809375 0.825 0.85625 0.825 0.8734375 0.83125 0.884375 0.8484375 0.9 0.8515625 0.9296875 0.8328125 0.928125 0.7671875 0.8859375 0.746875 0.85625 0.715625 0.8421875 0.709375 0.7953125 0.703125 0.7625 0.709375 0.75 0.7265625 0.740625 0.7609375 0.7390625 0.8015625 0.7734375 0.834375 0.803125 0.83125 0.809375 0.825
0 0.440625 0.784375 0.459375 0.7796875 0.4609375 0.7296875 0.446875 0.703125 0.4015625 0.703125 0.359375 0.7296875 0.3515625 0.740625 0.35 0.7640625 0.3609375 0.78125 0.428125 0.7796875 0.440625 0.784375
0 0.3 0.7484375 0.275 0.7375 0.25 0.715625 0.2359375 0.7203125 0.215625 0.7671875 0.215625 0.790625 0.2953125 0.79375 0.30625 0.7796875 0.3 0.7484375
0 0.2109375 0.715625 0.2046875 0.7234375 0.2015625 0.7546875 0.215625 0.740625 0.2203125 0.715625 0.2109375 0.715625
4 0.815625 0.8796875 0.834375 0.865625 0.846875 0.871875 0.8484375 0.8671875 0.8703125 0.8640625 0.875 0.85625 0.759375 0.834375 0.7390625 0.8359375 0.7234375 0.8890625 0.68125 0.9796875 0.6796875 0.9984375 0.8265625 0.9984375 0.815625 0.9296875 0.815625 0.8796875
3 0.73125 0.803125 0.703125 0.803125 0.7046875 0.821875 0.7375 0.8171875 0.7421875 0.8109375 0.73125 0.803125
3 0.6765625 0.8234375 0.69375 0.815625 0.684375 0.7984375 0.5125 0.790625 0.50625 0.79375 0.515625 0.8125 0.5296875 0.81875 0.6765625 0.8234375
3 0.94375 0.8453125 0.9484375 0.8625 0.9984375 0.8796875 0.9984375 0.7734375 0.984375 0.775 0.953125 0.728125 0.934375 0.7265625 0.9375 0.7703125 0.9578125 0.7890625 0.9578125 0.8203125 0.94375 0.8453125
3 0.94375 0.8625 0.9625 0.8734375 0.9984375 0.8796875 0.9984375 0.7765625 0.953125 0.771875 0.9484375 0.778125 0.9578125 0.7828125 0.9625 0.80625 0.9421875 0.8359375 0.94375 0.8625
3 0.8921875 0.7296875 0.8625 0.715625 0.8921875 0.75 0.925 0.7625 0.9234375 0.73125 0.8921875 0.7296875
0 0.9984375 0.7 0.971875 0.7 0.9625 0.715625 0.959375 0.7328125 0.965625 0.76875 0.9984375 0.7734375 0.9984375 0.7
0 0.9109375 0.7 0.903125 0.70625 0.9015625 0.7265625 0.921875 0.728125 0.921875 0.7046875 0.9109375 0.7
0 0.9328125 0.7 0.9328125 0.7234375 0.953125 0.725 0.9515625 0.7046875 0.9328125 0.7