3 0.8390625 0.9390625 0.8890625 0.9984375 0.9984375 0.9984375 0.9984375 0.7578125 0.803125 0.734375 0.7921875 0.7453125 0.7796875 0.728125 0.7203125 0.7046875 0.6984375 0.715625 0.703125 0.7953125 0.809375 0.915625 0.8390625 0.9390625
0 0.8421875 0.740625 0.8515625 0.7453125 0.853125 0.753125 0.8625 0.7515625 0.86875 0.73125 0.86875 0.684375 0.8640625 0.66875 0.846875 0.653125 0.8078125 0.6578125 0.7953125 0.66875 0.7875 0.696875 0.7875 0.7390625 0.803125 0.7296875 0.815625 0.746875 0.8421875 0.740625
1 0.6203125 0.9984375 0.659375 0.9984375 0.6625 0.821875 0.6453125 0.7953125 0.6484375 0.746875 0.6171875 0.7203125 0.6078125 0.7203125 0.590625 0.703125 0.5765625 0.7 0.571875 0.7234375 0.6015625 0.8671875 0.615625 0.9859375 0.6203125 0.9984375
3 0.65 0.7046875 0.6265625 0.696875 0.61875 0.703125 0.621875 0.71875 0.65 0.7421875 0.65 0.7046875
0 0.6390625 0.678125 0.6375 0.696875 0.6515625 0.6984375 0.653125 0.675 0.6390625 0.678125
1 0.6703125 0 0.6640625 0.9984375 0.696875 0.9984375 0.6984375 0.0046875 0.696875 0 0.6703125 0
0 0.709375 0.678125 0.6984375 0.6765625 0.6984375 0.703125 0.7125 0.7078125 0.7140625 0.6859375 0.709375 0.678125
1 0.453125 0.8734375 0.46875 0.8296875 0.46875 0.8140625 0.4453125 0.80625 0.3765625 0.803125 0.1140625 0.9859375 0.1140625 0.9984375 0.3953125 0.9984375 0.4078125 0.9828125 0.453125 0.8734375
1 0.25625 0.8859375 0.3640625 0.803125 0.3796875 0.7828125 0.38125 0.7203125 0.3546875 0.6875 0.35625 0.6765625 0.3484375 0.6703125 0.2671875 0.665625 0.259375 0.671875 0.2546875 0.7078125 0.25625 0.7796875 0.2453125 0.86875 0.246875 0.88125 0.25625 0.8859375
1 0.1453125 0.95 0.1703125 0.928125 0.1765625 0.9125 0.1921875 0.9140625 0.2359375 0.8953125 0.25 0.671875 0.225 0.665625 0.0703125 0.659375 0.0625 0.734375 0.05625 0.84375 0.0671875 0.9625 0.090625 0.9765625 0.1453125 0.95
1 0.7546875 0.8546875 0.703125 0.809375 0.7046875 0.9984375 0.8765625 0.9984375 0.8671875 0.978125 0.7546875 0.8546875
4 0.5828125 0.796875 0.5828125 0.7671875 0.575 0.7546875 0.5703125 0.715625 0.5609375 0.703125 0.540625 0.70625 0.521875 0.74375 0.5265625 0.775 0.553125 0.7984375 0.5828125 0.796875
4 0.5078125 0.7890625 0.5015625 0.790625 0.5015625 0.8 0.48125 0.80625 0.4109375 0.9828125 0.409375 0.9984375 0.6125 0.9984375 0.590625 0.815625 0.5078125 0.7890625