3 0.4125 0.9140625 0.41875 0.9296875 0.471875 0.946875 0.4859375 0.9734375 0.628125 0.996875 0.9984375 0.996875 0.9984375 0.709375 0.959375 0.703125 0.94375 0.70625 0.71875 0.6640625 0.715625 0.7046875 0.7796875 0.7609375 0.7375 0.7875 0.6109375 0.79375 0.5171875 0.784375 0.4125 0.78125 0.36875 0.7765625 0.3734375 0.9078125 0.3796875 0.9125 0.396875 0.9078125 0.4125 0.9140625
2 0.628125 0.6421875 0.621875 0.64375 0.6171875 0.6765625 0.6265625 0.73125 0.634375 0.671875 0.628125 0.6421875
4 0.7640625 0.7625 0.7453125 0.7375 0.7203125 0.7234375 0.709375 0.7453125 0.696875 0.7375 0.68125 0.7375 0.678125 0.728125 0.6375 0.721875 0.63125 0.7296875 0.59375 0.73125 0.5796875 0.7796875 0.61875 0.7921875 0.69375 0.790625 0.7640625 0.7625
4 0.5484375 0.978125 0.5390625 0.9703125 0.521875 0.971875 0.5125 0.9640625 0.484375 0.9609375 0.46875 0.9921875 0.4671875 0.9984375 0.6171875 0.9984375 0.5875 0.9796875 0.5484375 0.978125
3 0 0.7734375 0.0015625 0.890625 0.1421875 0.9 0.1671875 0.8890625 0.1765625 0.9015625 0.20625 0.9 0.228125 0.9125 0.3171875 0.9125 0.3421875 0.9015625 0.3484375 0.8703125 0.3453125 0.76875 0.340625 0.7796875 0.296875 0.7796875 0.278125 0.775 0.278125 0.7671875 0.2328125 0.7765625 0.2234375 0.7671875 0.2109375 0.7734375 0.1609375 0.7671875 0.1328125 0.7703125 0.121875 0.759375 0.1171875 0.76875 0.0859375 0.7765625 0.0171875 0.7796875 0 0.7734375
0 0.9046875 0.7015625 0.9109375 0.7078125 0.9375 0.709375 0.940625 0.671875 0.9296875 0.6453125 0.8953125 0.6453125 0.8765625 0.6703125 0.8765625 0.70625 0.8921875 0.703125 0.9 0.7078125 0.9046875 0.7015625
0 0.759375 0.6359375 0.7484375 0.6421875 0.7453125 0.66875 0.7609375 0.6703125 0.76875 0.6390625 0.759375 0.6359375
0 0.7890625 0.640625 0.7734375 0.6390625 0.765625 0.6546875 0.7640625 0.675 0.7828125 0.678125 0.7984375 0.6515625 0.7890625 0.640625
0 0.8140625 0.653125 0.8 0.653125 0.790625 0.6671875 0.7875 0.678125 0.7921875 0.6859375 0.821875 0.690625 0.8140625 0.653125
0 0.8765625 0.65 0.846875 0.65 0.8375 0.66875 0.8375 0.684375 0.871875 0.6875 0.8765625 0.65
0 0 0.7546875 0.0203125 0.7734375 0.040625 0.771875 0.0828125 0.75 0.103125 0.75625 0.1234375 0.73125 0.125 0.6953125 0.1140625 0.6390625 0.0828125 0.625 0.05625 0.6234375 0 0.6234375 0 0.7546875