4 0.809375 1 0.815625 0.9671875 0.8171875 0.9375 0.75 0.903125 0.646875 0.8671875 0.4828125 0.8296875 0.3796875 0.8109375 0.3421875 0.8140625 0.3375 0.84375 0.2671875 0.8359375 0.0015625 0.81875 0.00625 0.846875 0.2125 0.8765625 0.3 0.8875 0.340625 0.9015625 0.3515625 0.925 0.34375 0.965625 0.325 0.9953125 0.321875 1 0.809375 1
3 0.615625 0.8390625 0.6171875 0.8484375 0.70625 0.85 0.721875 0.9078125 0.815625 0.959375 0.8140625 0.771875 0.7984375 0.7609375 0.7890625 0.7390625 0.7796875 0.7328125 0.7796875 0.7109375 0.771875 0.703125 0.7515625 0.703125 0.746875 0.6921875 0.69375 0.6796875 0.590625 0.6671875 0.5703125 0.6765625 0.5828125 0.6828125 0.6 0.709375 0.5546875 0.725 0.4765625 0.725 0.45625 0.7828125 0.4546875 0.7984375 0.4953125 0.81875 0.6078125 0.8359375 0.615625 0.8390625
4 0.5890625 0.7125 0.5875 0.7078125 0.5578125 0.709375 0.5171875 0.7015625 0.4421875 0.7015625 0.45 0.7171875 0.5 0.725 0.5515625 0.7234375 0.5890625 0.7125
3 0.43125 0.7234375 0.396875 0.7671875 0.4 0.78125 0.453125 0.784375 0.475 0.7234375 0.43125 0.7234375
4 0.5140625 0.696875 0.509375 0.6609375 0.49375 0.6609375 0.4703125 0.66875 0.4796875 0.6734375 0.478125 0.6921875 0.5140625 0.696875
1 0.8515625 0 0.85 0.00625 0.8484375 0.0453125 0.8578125 0.128125 0.896875 0.34609375 0.8953125 0.3875 0.9046875 0.4828125 0.9421875 0.76875 0.9515625 0.99375 0.953125 0.9984375 0.9984375 0.9984375 0.9984375 0 0.8515625 0
3 0.946875 0.890625 0.9375 0.778125 0.9234375 0.775 0.9171875 0.765625 0.88125 0.765625 0.85625 0.778125 0.8625 0.9671875 0.86875 0.9734375 0.946875 0.9734375 0.946875 0.890625
0 0.815625 0.74375 0.8109375 0.6390625 0.8015625 0.646875 0.79375 0.6671875 0.7921875 0.7265625 0.7984375 0.746875 0.8109375 0.75 0.815625 0.74375
1 0.8125 0 0.81875 0.9671875 0.825 0.9984375 0.8546875 0.9984375 0.859375 0.95 0.8515625 0.8453125 0.8375 0.109375 0.840625 0.0234375 0.834375 0 0.8125 0
0 0.9265625 0.771875 0.9375 0.771875 0.9296875 0.6828125 0.8984375 0.640625 0.878125 0.63125 0.8515625 0.6296875 0.853125 0.76875 0.903125 0.7578125 0.91875 0.759375 0.9265625 0.771875
0 0 0.6921875 0.040625 0.6921875 0.0484375 0.70625 0.0671875 0.7078125 0.0796875 0.7015625 0.10625 0.7046875 0.115625 0.6890625 0.1265625 0.684375 0.13125 0.6765625 0.1265625 0.6265625 0.1109375 0.596875 0.065625 0.5890625 0.0078125 0.5953125 0 0.6 0 0.6921875
1 0.5390625 0.671875 0.540625 0.6125 0.5546875 0.5671875 0.5453125 0.5453125 0.5296875 0.5453125 0.525 0.559375 0.528125 0.6390625 0.5203125 0.6578125 0.5234375 0.69375 0.5390625 0.671875
1 0.5328125 0.66875 0.5265625 0.6453125 0.5265625 0.5828125 0.53125 0.559375 0.5453125 0.5484375 0.5390625 0.5484375 0.528125 0.5328125 0.528125 0.5015625 0.521875 0.5 0.51875 0.509375 0.5171875 0.6453125 0.5203125 0.6984375 0.525 0.6984375 0.5328125 0.66875
1 0.54375 0.671875 0.528125 0.6875 0.5265625 0.7015625 0.5328125 0.7046875 0.58125 0.7046875 0.54375 0.671875
0 0.6390625 0.6375 0.625 0.63125 0.6171875 0.634375 0.6140625 0.665625 0.6421875 0.66875 0.6453125 0.6578125 0.6390625 0.6375
1 0.3125 0.8109375 0.321875 0.8046875 0.33125 0.5015625 0.33125 0.371875 0.325 0.36875 0.315625 0.375 0.3140625 0.625 0.3015625 0.8 0.303125 0.8078125 0.3125 0.8109375
3 0.415625 0.7234375 0.3328125 0.71875 0.3265625 0.740625 0.325 0.7828125 0.3421875 0.784375 0.3640625 0.759375 0.415625 0.7234375
1 0 0.8203125 0.109375 0.834375 0.146875 0.8296875 0.2203125 0.8390625 0.315625 0.8390625 0.325 0.8375 0.328125 0.828125 0.3453125 0.825 0.3421875 0.8140625 0.3265625 0.809375 0.315625 0.8140625 0.2625 0.8015625 0.2265625 0.8 0.2015625 0.8125 0.178125 0.8140625 0.15625 0.8078125 0.146875 0.796875 0.025 0.7875 0 0.7875 0 0.8203125
3 0.21875 0.715625 0.2234375 0.7953125 0.2984375 0.7984375 0.3015625 0.7203125 0.21875 0.715625
3 0.046875 0.709375 0.003125 0.7046875 0 0.784375 0.1578125 0.790625 0.1640625 0.7046875 0.046875 0.709375
1 0.2015625 0.8109375 0.21875 0.7984375 0.2125 0.6390625 0.2203125 0.5453125 0.203125 0.5328125 0.178125 0.5328125 0.1765625 0.5375 0.175 0.671875 0.1578125 0.7984375 0.1640625 0.8140625 0.2015625 0.8109375
1 0.1 0.984375 0.0875 0.984375 0.078125 0.9984375 0.3234375 0.9984375 0.359375 0.934375 0.35625 0.9171875 0.34375 0.8984375 0.3015625 0.884375 0.215625 0.871875 0.1390625 0.8703125 0.1375 0.9046875 0.109375 0.946875 0.10625 0.978125 0.1 0.984375
1 0 0.9984375 0.0703125 0.9984375 0.103125 0.9578125 0.1171875 0.91875 0.1328125 0.9046875 0.134375 0.8640625 0.1265625 0.859375 0.0921875 0.8625 0 0.9125 0 0.9984375