4 0.603125 0.996875 0.603125 0.9078125 0.590625 0.825 0.5828125 0.8171875 0.5734375 0.7828125 0.5859375 0.746875 0.578125 0.7390625 0.5734375 0.6765625 0.5375 0.66875 0.45 0.859375 0.4203125 0.971875 0.4078125 0.99375 0.4140625 0.9984375 0.603125 0.996875
4 0.7859375 0.9546875 0.8 0.95 0.821875 0.959375 0.8375 0.9578125 0.8359375 0.8890625 0.7171875 0.7703125 0.6703125 0.7671875 0.634375 0.7625 0.6328125 0.7921875 0.63125 0.828125 0.61875 0.834375 0.6 0.8296875 0.596875 0.853125 0.609375 0.9296875 0.7515625 0.9515625 0.7859375 0.9546875
3 0.8375 0.884375 0.840625 0.7390625 0.7359375 0.6890625 0.6734375 0.68125 0.6515625 0.6859375 0.6640625 0.7078125 0.69375 0.728125 0.721875 0.7703125 0.8375 0.884375
3 0.9109375 0.9390625 0.925 0.9421875 0.9828125 0.9984375 0.9984375 0.9984375 0.9984375 0.8078125 0.9578125 0.7921875 0.9390625 0.7625 0.9078125 0.7515625 0.90625 0.871875 0.909375 0.9234375 0.915625 0.9359375 0.9109375 0.9390625
1 0.5046875 0.6359375 0.490625 0.6484375 0.4875 0.6734375 0.5125 0.671875 0.515625 0.640625 0.5046875 0.6359375
3 0.5953125 0.6671875 0.59375 0.653125 0.575 0.6515625 0.5609375 0.653125 0.525 0.653125 0.525 0.6625 0.5484375 0.66875 0.590625 0.671875 0.5953125 0.6671875
0 0.9984375 0.8046875 0.9984375 0.625 0.9515625 0.6171875 0.90625 0.61875 0.9046875 0.7453125 0.946875 0.765625 0.971875 0.7984375 0.9984375 0.8046875
0 0.775 0.721875 0.7796875 0.7109375 0.79375 0.7125 0.80625 0.7359375 0.8421875 0.725 0.840625 0.61875 0.7828125 0.6171875 0.7421875 0.65625 0.74375 0.69375 0.759375 0.7015625 0.7671875 0.721875 0.775 0.721875
0 0.7328125 0.6796875 0.740625 0.6453125 0.721875 0.6265625 0.684375 0.621875 0.6765625 0.646875 0.68125 0.6796875 0.69375 0.678125 0.7046875 0.684375 0.7328125 0.6796875
1 0.60625 0.821875 0.6234375 0.8265625 0.625 0.446875 0.6109375 0.4421875 0.60625 0.453125 0.615625 0.45625 0.6140625 0.6265625 0.60625 0.821875
0 0.6734375 0.6203125 0.659375 0.6328125 0.659375 0.65625 0.6734375 0.659375 0.6890625 0.621875 0.6734375 0.6203125
1 0.9828125 0 0.9703125 0.071875 0.9671875 0.165625 0.96875 0.1859375 0.9734375 0.1859375 0.9984375 0.1109375 0.9953125 0 0.9828125 0
1 0.8375 0 0.85 0.378125 0.840625 0.9953125 0.9015625 0.9984375 0.90625 0.978125 0.9015625 0.79375 0.9046875 0.4765625 0.896875 0.378125 0.90625 0.36875 0.903125 0.2578125 0.9203125 0.08125 0.9265625 0.06875 0.928125 0.0078125 0.925 0 0.8375 0
1 0.60625 0.4390625 0.5765625 0.43125 0.56875 0.434375 0.571875 0.4984375 0.590625 0.51875 0.6 0.509375 0.60625 0.4390625
1 0.75625 0.465625 0.75625 0.4265625 0.746875 0.4125 0.68125 0.415625 0.6640625 0.43125 0.6359375 0.434375 0.625 0.4421875 0.6296875 0.51875 0.69375 0.4984375 0.7140625 0.4703125 0.75625 0.465625
1 0.44375 0.8640625 0.490625 0.7828125 0.521875 0.7140625 0.53125 0.678125 0.5203125 0.6734375 0.496875 0.678125 0.4640625 0.6984375 0.4421875 0.7265625 0.409375 0.734375 0.3953125 0.7515625 0.3875 0.7703125 0.4078125 0.775 0.4265625 0.7890625 0.44375 0.8640625
1 0.425 0.7296875 0.446875 0.7171875 0.4734375 0.6890625 0.4734375 0.671875 0.4421875 0.6671875 0.428125 0.678125 0.4046875 0.678125 0.3609375 0.6984375 0.3578125 0.7609375 0.3796875 0.7671875 0.4078125 0.73125 0.425 0.7296875
1 0 0.9984375 0.3921875 0.9984375 0.425 0.934375 0.4359375 0.8609375 0.428125 0.803125 0.40625 0.7828125 0.3796875 0.7734375 0.3484375 0.7703125 0.334375 0.7796875 0.3140625 0.778125 0.3015625 0.76875 0.290625 0.76875 0.26875 0.8015625 0.25625 0.809375 0.2203125 0.7984375 0.1890625 0.803125 0.15 0.8296875 0.121875 0.865625 0.0875 0.871875 0.0609375 0.86875 0.0390625 0.91875 0.0078125 0.9484375 0.009375 0.9609375 0 0.965625 0 0.9984375
1 0.9296875 0.9765625 0.9171875 0.9765625 0.9109375 0.9875 0.909375 0.9984375 0.95 0.9984375 0.9484375 0.990625 0.9296875 0.9765625
1 0.8375 0.99375 0.834375 0.9625 0.80625 0.953125 0.7375 0.9515625 0.6375 0.934375 0.6171875 0.934375 0.6109375 0.94375 0.6109375 0.9828125 0.625 0.9984375 0.8359375 0.9984375 0.8375 0.99375
1 0 0 0 0.9078125 0.0046875 0.91875 0.0125 0.909375 0.0203125 0.915625 0.028125 0.909375 0.025 0.9015625 0.0484375 0.86875 0.24375 0.78125 0.2640625 0.7828125 0.2734375 0.765625 0.296875 0.746875 0.30625 0.74375 0.321875 0.7640625 0.3484375 0.7546875 0.35625 0.721875 0.35 0.6625 0.3578125 0.5515625 0.3640625 0.53125 0.3453125 0.390625 0.3265625 0.346875 0.2734375 0.271875 0.2171875 0.121875 0.16875 0.034375 0.1546875 0.015625 0.1265625 0 0 0
1 0.7078125 0.7515625 0.6859375 0.7265625 0.646875 0.696875 0.64375 0.7015625 0.6421875 0.7484375 0.6734375 0.7625 0.7109375 0.7640625 0.7078125 0.7515625