4 0.5328125 0.690625 0.525 0.70625 0.48125 0.74375 0.346875 0.9609375 0.3265625 0.9671875 0.1140625 0.9421875 0.0578125 0.978125 0.0359375 0.9984375 0.5796875 0.9984375 0.559375 0.6953125 0.5328125 0.690625
1 0.4421875 0.796875 0.434375 0.7890625 0.35625 0.7734375 0.3265625 0.775 0.1953125 0.853125 0.1578125 0.884375 0.125 0.925 0.125 0.9390625 0.2171875 0.953125 0.3390625 0.9625 0.4421875 0.796875
4 0.4515625 0.7875 0.459375 0.775 0.3609375 0.765625 0.3578125 0.7703125 0.3640625 0.775 0.4390625 0.7875 0.4515625 0.7875
1 0.5546875 0 0.5359375 0.0125 0.5203125 0.0125 0.5171875 0.121875 0.5359375 0.13125 0.540625 0.140625 0.5390625 0.1765625 0.5453125 0.2078125 0.5578125 0.225 0.5546875 0.2546875 0.546875 0.2625 0.553125 0.284375 0.5515625 0.340625 0.5640625 0.3453125 0.571875 0.3890625 0.578125 0.39375 0.5703125 0.40625 0.5703125 0.4546875 0.5859375 0.5015625 0.6015625 0.4984375 0.609375 0.509375 0.609375 0.5734375 0.6203125 0.6171875 0.6140625 0.7265625 0.6265625 0.73125 0.63125 0.6078125 0.6515625 0.4609375 0.659375 0.45625 0.6640625 0.4296875 0.6796875 0.4109375 0.671875 0.403125 0.6546875 0.3140625 0.646875 0.309375 0.6421875 0.2921875 0.646875 0.253125 0.6421875 0.2484375 0.65625 0.2171875 0.6765625 0.20625 0.684375 0.1859375 0.678125 0.1796875 0.684375 0.1734375 0.6734375 0.1453125 0.6765625 0.1328125 0.6515625 0.1078125 0.6515625 0.0546875 0.640625 0 0.5546875 0
1 0.4828125 0.665625 0.4625 0.665625 0.409375 0.703125 0.40625 0.7203125 0.4359375 0.7203125 0.48125 0.6859375 0.4828125 0.665625
2 0.5125 0.65 0.5125 0.6171875 0.503125 0.58125 0.496875 0.5875 0.490625 0.625 0.490625 0.7265625 0.4921875 0.734375 0.5015625 0.7390625 0.5125 0.65
4 0.559375 0.678125 0.5734375 0.66875 0.5640625 0.6546875 0.55 0.65 0.528125 0.653125 0.515625 0.66875 0.53125 0.6890625 0.55625 0.690625 0.559375 0.678125
1 0.740625 0 0.728125 0.0671875 0.7265625 0.1015625 0.734375 0.1265625 0.73125 0.1546875 0.7375 0.165625 0.7359375 0.2453125 0.734375 0.2609375 0.71875 0.28125 0.71875 0.3171875 0.7265625 0.3265625 0.7203125 0.33125 0.728125 0.4375 0.7203125 0.453125 0.725 0.4625 0.725 0.65625 0.7140625 0.9 0.7203125 0.9296875 0.7359375 0.9359375 0.74375 0.8875 0.740625 0.7828125 0.75 0.53125 0.7609375 0.49375 0.759375 0.46875 0.75 0.4546875 0.7484375 0.403125 0.7484375 0.3609375 0.7625 0.34375 0.7625 0.3296875 0.746875 0.321875 0.7546875 0.109375 0.75 0 0.740625 0
1 0.7703125 0 0.771875 0.2125 0.765625 0.2671875 0.771875 0.8125 0.759375 0.9484375 0.771875 0.9984375 0.8734375 0.9984375 0.871875 0.8921875 0.8625 0.8395833328125001 0.871875 0.7421875 0.865625 0 0.7703125 0
0 0.9984375 0.759375 0.9703125 0.73125 0.9359375 0.6703125 0.921875 0.65625 0.8765625 0.6515625 0.875 0.8734375 0.8796875 0.9140625 0.996875 0.928125 0.9984375 0.759375
1 0.7515625 0.9359375 0.7453125 0.9296875 0.7265625 0.9453125 0.7109375 0.9203125 0.7140625 0.80625 0.6921875 0.7875 0.6828125 0.76875 0.6375 0.7171875 0.628125 0.7375 0.6125 0.7328125 0.6109375 0.6875 0.596875 0.696875 0.584375 0.69375 0.578125 0.6765625 0.5625 0.68125 0.584375 0.9984375 0.7375 0.9984375 0.75 0.984375 0.7515625 0.9359375
3 0.6984375 0.6875 0.696875 0.6625 0.640625 0.6640625 0.640625 0.6828125 0.634375 0.684375 0.634375 0.715625 0.7125 0.796875 0.7203125 0.696875 0.6984375 0.6875
0 0.746875 0.653125 0.7453125 0.8328125 0.7578125 0.8453125 0.759375 0.6140625 0.746875 0.653125
0 0.9109375 0.640625 0.8765625 0.6328125 0.875 0.65 0.8796875 0.6546875 0.91875 0.653125 0.9109375 0.640625
1 0.7296875 0.1109375 0.7234375 0.1046875 0.71875 0.0703125 0.725 0.009375 0.7234375 0 0.7109375 0.003125 0.70625 0.1140625 0.7171875 0.2671875 0.7234375 0.2734375 0.7296875 0.1109375
1 0.09375 0.871875 0.1203125 0.8984375 0.11875 0.9046875 0.1375 0.903125 0.1421875 0.890625 0.253125 0.8125 0.3140625 0.7765625 0.3484375 0.7703125 0.378125 0.7296875 0.403125 0.7140625 0.40625 0.5953125 0.38125 0.5953125 0.3640625 0.584375 0.3140625 0.5875 0.3109375 0.5984375 0.3203125 0.6046875 0.3203125 0.64375 0.271875 0.68125 0.2453125 0.6875 0.246875 0.703125 0.2390625 0.7078125 0.1953125 0.71875 0.16875 0.71875 0.165625 0.7140625 0.1546875 0.740625 0.1375 0.74375 0.140625 0.765625 0.134375 0.7734375 0.121875 0.771875 0.0984375 0.7875 0.0921875 0.7859375 0.0859375 0.79375 0.0859375 0.8265625 0.09375 0.834375 0.09375 0.871875
1 0.3359375 0.7515625 0.3328125 0.7703125 0.3421875 0.7703125 0.35625 0.7625 0.365625 0.7421875 0.3703125 0.5890625 0.3453125 0.5828125 0.321875 0.59375 0.3234375 0.6671875 0.3296875 0.6984375 0.325 0.746875 0.3359375 0.7515625
1 0.4875 0.7 0.4625 0.7 0.4234375 0.7234375 0.4140625 0.7171875 0.390625 0.7234375 0.3640625 0.7546875 0.3640625 0.7640625 0.4578125 0.771875 0.484375 0.73125 0.4875 0.7
3 0.890625 0.9171875 0.8796875 0.9203125 0.878125 0.9984375 0.9984375 0.9984375 0.9984375 0.9296875 0.890625 0.9171875
1 0.321875 0.7421875 0.3265625 0.6921875 0.296875 0.69375 0.1859375 0.7265625 0.1578125 0.740625 0.1515625 0.884375 0.33125 0.7640625 0.33125 0.7515625 0.321875 0.7421875
1 0.48125 0.6546875 0.4890625 0.653125 0.4921875 0.6015625 0.5125 0.5578125 0.5109375 0.5109375 0.4953125 0.471875 0.48125 0.4734375 0.4703125 0.465625 0.4625 0.5046875 0.46875 0.6453125 0.471875 0.653125 0.48125 0.6546875
1 0.121875 0.9171875 0.15 0.8890625 0.1625 0.5640625 0.134375 0.5546875 0.09375 0.5546875 0.0875 0.559375 0.0859375 0.59375 0.078125 0.884375 0.090625 0.8921875 0.109375 0.8890625 0.121875 0.9171875
1 0.271875 0.653125 0.2109375 0.653125 0.2 0.609375 0.1796875 0.6109375 0.18125 0.63125 0.1734375 0.6421875 0.165625 0.6421875 0.165625 0.69375 0.2625 0.678125 0.271875 0.671875 0.271875 0.653125
1 0.1140625 0.8984375 0.075 0.8703125 0.075 0.8546875 0.05625 0.85625 0.0234375 0.875 0.0171875 0.9515625 0.015625 0.9984375 0.028125 0.9984375 0.1140625 0.934375 0.1140625 0.8984375