4 0.8046875 0.7671875 0.78125 0.803125 0.853125 0.8046875 0.8328125 0.771875 0.821875 0.759375 0.8046875 0.7671875
2 0.815625 0.7046875 0.809375 0.70625 0.8109375 0.7515625 0.8171875 0.75625 0.8203125 0.721875 0.815625 0.7046875
4 0.859375 0.9984375 0.8515625 0.90625 0.8578125 0.8890625 0.8765625 0.88125 0.8734375 0.8671875 0.840625 0.8515625 0.8015625 0.84375 0.765625 0.8453125 0.75 0.9046875 0.7328125 0.93125 0.70625 0.9984375 0.859375 0.9984375
3 0.371875 0.809375 0.384375 0.80625 0.39375 0.79375 0.3171875 0.7875 0.3125 0.7890625 0.3125 0.8015625 0.321875 0.80625 0.371875 0.809375
3 0.690625 0.8328125 0.7109375 0.821875 0.7046875 0.7984375 0.6484375 0.8015625 0.56875 0.7890625 0.478125 0.79375 0.4765625 0.8015625 0.4921875 0.8078125 0.50625 0.8265625 0.690625 0.8328125
3 0.790625 0.8625 0.853125 0.871875 0.9328125 0.8734375 0.95 0.8609375 0.9234375 0.809375 0.9046875 0.8015625 0.8796875 0.8015625 0.8515625 0.8109375 0.778125 0.8046875 0.725 0.8078125 0.728125 0.828125 0.734375 0.825 0.7453125 0.8375 0.790625 0.8625
3 0.9375 0.728125 0.9234375 0.7234375 0.89375 0.7265625 0.8890625 0.71875 0.8828125 0.7203125 0.8875 0.7625 0.915625 0.7765625 0.9234375 0.7921875 0.9375 0.728125
0 0.3015625 0.790625 0.2921875 0.7515625 0.2453125 0.721875 0.1890625 0.7265625 0.171875 0.7375 0.1671875 0.75625 0.165625 0.7921875 0.1796875 0.8015625 0.2921875 0.80625 0.3015625 0.790625
0 0.471875 0.7671875 0.4859375 0.7546875 0.4796875 0.73125 0.4625 0.7390625 0.4546875 0.7515625 0.4546875 0.7796875 0.4671875 0.7828125 0.471875 0.7671875
0 0.43125 0.725 0.4234375 0.7234375 0.4234375 0.7296875 0.4140625 0.73125 0.4 0.7109375 0.3546875 0.746875 0.353125 0.76875 0.365625 0.7890625 0.434375 0.7859375 0.43125 0.725
0 0.9625 0.86875 0.9984375 0.8765625 0.98125 0.7 0.9625 0.6984375 0.9546875 0.7046875 0.9296875 0.75625 0.928125 0.815625 0.9328125 0.828125 0.946875 0.8390625 0.9625 0.86875