1 0.8484375 0.946875 0.8515625 0.921875 0.8484375 0.909375 0.828125 0.884375 0.828125 0.8734375 0.846875 0.85 0.8296875 0.821875 0.828125 0.7765625 0.821875 0.759375 0.8109375 0.753125 0.8046875 0.728125 0.78125 0.76875 0.7875 0.9984375 0.8296875 0.9984375 0.8328125 0.95625 0.8484375 0.946875
1 0.709375 0 0.6796875 0.2828125 0.678125 0.415625 0.7015625 0.746875 0.69375 0.9265625 0.7046875 0.9484375 0.7625 0.9625 0.7671875 0.94375 0.7578125 0.8734375 0.759375 0.7484375 0.7515625 0.7015625 0.7484375 0.578125 0.7375 0.4765625 0.746875 0.3953125 0.74375 0.3578125 0.7515625 0.2125 0.7609375 0.184375 0.7546875 0.1671875 0.75625 0.1328125 0.7671875 0.075 0.79375 0.01875 0.796875 0 0.709375 0
3 0.8359375 0.8234375 0.85 0.846875 0.85 0.8609375 0.8390625 0.86875 0.8375 0.8859375 0.8578125 0.91875 0.94375 0.9984375 0.9984375 0.9984375 0.9984375 0.7421875 0.821875 0.709375 0.8140625 0.71875 0.8125 0.7421875 0.8234375 0.75625 0.834375 0.790625 0.8359375 0.8234375
1 0.903125 0.9875 0.85625 0.946875 0.84375 0.9546875 0.8375 0.96875 0.8328125 0.98125 0.840625 0.9984375 0.9078125 0.9984375 0.903125 0.9875
1 0.571875 0.9984375 0.78125 0.9984375 0.7796875 0.8828125 0.6921875 0.884375 0.690625 0.8546875 0.56875 0.8515625 0.5609375 0.8578125 0.5625 0.9109375 0.571875 0.928125 0.565625 0.9390625 0.571875 0.9984375
1 0.3875 0.915625 0.428125 0.828125 0.4265625 0.8140625 0.3734375 0.796875 0.309375 0.79375 0.2875 0.834375 0.2609375 0.8453125 0.1265625 0.9546875 0.13125 0.965625 0.121875 0.9765625 0.0875 0.99375 0.0859375 0.9984375 0.35 0.9953125 0.3765625 0.9578125 0.3875 0.915625
1 0.1234375 0.95625 0.140625 0.95 0.184375 0.90625 0.2375 0.8765625 0.25 0.8625 0.253125 0.840625 0.2828125 0.8296875 0.29375 0.8140625 0.3015625 0.778125 0.284375 0.7703125 0.0015625 0.875 0 0.9984375 0.0765625 0.9984375 0.115625 0.975 0.1234375 0.95625
1 0 0.871875 0.1921875 0.803125 0.2421875 0.7796875 0.265625 0.778125 0.275 0.7625 0.2171875 0.75 0.015625 0.7375 0 0.7375 0 0.871875
1 0.3171875 0.746875 0.31875 0.5796875 0.3140625 0.5640625 0.2984375 0.5625 0.29375 0.5546875 0.290625 0.565625 0.28125 0.7578125 0.2859375 0.7640625 0.30625 0.7640625 0.3171875 0.746875
1 0.3921875 0.440625 0.3828125 0.515625 0.375 0.7671875 0.3859375 0.7625 0.3953125 0.51875 0.3921875 0.440625
3 0.4890625 0.8015625 0.521875 0.8 0.5328125 0.8140625 0.5515625 0.81875 0.5828125 0.8140625 0.6 0.8296875 0.6203125 0.834375 0.6265625 0.8140625 0.646875 0.8140625 0.6515625 0.821875 0.684375 0.8328125 0.6859375 0.8421875 0.6796875 0.8453125 0.6890625 0.853125 0.69375 0.846875 0.696875 0.7109375 0.6776041671875 0.709375 0.6578125 0.69375 0.6578125 0.6796875 0.5859375 0.671875 0.58125 0.6828125 0.5984375 0.7015625 0.603125 0.7109375 0.5984375 0.7140625 0.55625 0.7203125 0.471875 0.71875 0.44375 0.728125 0.4453125 0.740625 0.428125 0.7515625 0.428125 0.75625 0.4484375 0.7546875 0.4578125 0.7828125 0.4890625 0.8015625
3 0.69375 0.8359375 0.69375 0.7078125 0.665625 0.7015625 0.66875 0.6828125 0.6515625 0.6765625 0.6125 0.6734375 0.5828125 0.66875 0.559375 0.6671875 0.603125 0.7171875 0.5203125 0.7203125 0.39375 0.7125 0.3921875 0.765625 0.440625 0.771875 0.5203125 0.7859375 0.69375 0.8359375
4 0.50625 0.6796875 0.5 0.696875 0.471875 0.703125 0.4734375 0.71875 0.59375 0.7171875 0.5359375 0.7015625 0.5265625 0.65625 0.50625 0.6796875
1 0.5609375 0.6765625 0.546875 0.684375 0.5453125 0.7 0.5515625 0.7046875 0.5921875 0.7046875 0.5609375 0.6765625
3 0.471875 0.715625 0.459375 0.7109375 0.3921875 0.7140625 0.390625 0.7328125 0.4046875 0.74375 0.4265625 0.7265625 0.471875 0.715625
1 0.459375 0.6890625 0.4578125 0.6734375 0.3921875 0.6703125 0.3921875 0.690625 0.409375 0.696875 0.45625 0.696875 0.459375 0.6890625
1 0.5140625 0.671875 0.4609375 0.6765625 0.4578125 0.696875 0.49375 0.696875 0.509375 0.6796875 0.5140625 0.671875
3 0.371875 0.7125 0.3234375 0.7125 0.3265625 0.7515625 0.35625 0.75625 0.371875 0.7484375 0.371875 0.7125
1 0.3203125 0.6671875 0.3234375 0.7046875 0.3734375 0.696875 0.371875 0.665625 0.3203125 0.6671875
3 0 0.7359375 0.1171875 0.7375 0.2453125 0.7546875 0.275 0.7546875 0.2796875 0.746875 0.2828125 0.7078125 0.271875 0.7 0.25625 0.7046875 0.2 0.6984375 0.15625 0.7015625 0.009375 0.684375 0 0.690625 0 0.7359375
1 0.265625 0.69375 0.28125 0.6953125 0.278125 0.6640625 0.2203125 0.6625 0.2078125 0.671875 0.203125 0.6890625 0.2125 0.6921875 0.2609375 0.6984375 0.265625 0.69375
4 0.5703125 1 0.5515625 0.846875 0.6921875 0.8421875 0.65 0.821875 0.440625 0.7734375 0.3234375 0.778125 0.31875 0.790625 0.4296875 0.8109375 0.3421875 1 0.5703125 1
3 0.7796875 0.7578125 0.79375 0.746875 0.79375 0.7375 0.76875 0.7359375 0.7625 0.7578125 0.7625 0.8578125 0.7796875 0.8625 0.7765625 0.78125 0.7796875 0.7578125
0 0.7984375 0.675 0.78125 0.65 0.7546875 0.6484375 0.7625 0.7328125 0.8046875 0.728125 0.8109375 0.703125 0.7984375 0.675
0 0.0859375 0.684375 0.1296875 0.6859375 0.1453125 0.7 0.1859375 0.696875 0.2046875 0.6734375 0.1953125 0.621875 0.18125 0.60625 0.134375 0.5984375 0.1109375 0.6015625 0.05 0.6375 0.04375 0.6625 0.0546875 0.6921875 0.071875 0.6921875 0.0859375 0.684375
0 0.678125 0.640625 0.66875 0.6609375 0.6671875 0.7 0.6984375 0.7015625 0.696875 0.6421875 0.678125 0.640625