3 1 0.753125 0.971875 0.7375 0.975 0.7203125 0.928125 0.7046875 0.896875 0.70625 0.8390625 0.690625 0.790625 0.6703125 0.79375 0.7125 0.8484375 0.75 0.8453125 0.7734375 0.7984375 0.7828125 0.65625 0.7734375 0.31875 0.759375 0.265625 0.7671875 0.1921875 0.75625 0.15625 0.7515625 0.08125 0.7484375 0.065625 0.7859375 0.2546875 0.803125 0.5 0.825 0.6296875 0.8390625 0.8078125 0.875 0.9953125 0.9078125 1 0.9296875 1 0.753125
4 0.5703125 0.9984375 0.771875 0.996875 0.771875 0.9484375 0.8125 0.9578125 0.99375 0.9578125 1 0.9265625 0.9234375 0.89375 0.8046875 0.8828125 0.771875 0.86875 0.65 0.846875 0.5703125 0.9984375
4 0.7328125 0.7484375 0.734375 0.7078125 0.721875 0.7125 0.7078125 0.7296875 0.6953125 0.7328125 0.6734375 0.7703125 0.7609375 0.778125 0.840625 0.765625 0.7578125 0.7515625 0.7328125 0.7484375
2 0.7125 0.6625 0.709375 0.6671875 0.70625 0.6796875 0.7140625 0.7234375 0.721875 0.6796875 0.7125 0.6625
0 0.9984375 0.7484375 0.9984375 0.6734375 0.9890625 0.6859375 0.9828125 0.6984375 0.984375 0.740625 0.9859375 0.746875 0.9984375 0.7484375
0 0.2546875 0.7515625 0.2671875 0.7640625 0.2796875 0.7625 0.2859375 0.7546875 0.3109375 0.759375 0.3203125 0.7546875 0.33125 0.728125 0.325 0.6671875 0.2859375 0.653125 0.234375 0.65625 0.16875 0.7078125 0.16875 0.740625 0.1890625 0.759375 0.20989583281250002 0.7515625 0.2546875 0.7515625
0 0.828125 0.653125 0.825 0.659375 0.821875 0.6765625 0.8375 0.678125 0.8375 0.65625 0.828125 0.653125
0 0.86875 0.6578125 0.846875 0.653125 0.84375 0.6875 0.86875 0.6875 0.8734375 0.6828125 0.86875 0.6578125
0 0.909375 0.6546875 0.89375 0.653125 0.8828125 0.665625 0.88125 0.7 0.9234375 0.6984375 0.9171875 0.665625 0.909375 0.6546875
0 0.9390625 0.659375 0.9265625 0.6734375 0.9265625 0.696875 0.946875 0.7 0.9609375 0.6625 0.9390625 0.659375
0 0.965625 0.6640625 0.9546875 0.678125 0.95 0.7125 0.978125 0.715625 0.99375 0.66875 0.965625 0.6640625