3 1 0.7578125 0.6359375 0.6640625 0.565625 0.6546875 0.5625 0.675 0.6515625 0.753125 0.675 0.803125 0.5671875 0.8453125 0.4453125 0.859375 0 0.821875 0 1 1 1 1 0.7578125
4 0.6296875 0.81875 0.6546875 0.7890625 0.5328125 0.7703125 0.5 0.634375 0.4859375 0.6484375 0.428125 0.7578125 0.309375 0.753125 0.0015625 0.728125 0 0.75 0.3625 0.7921875 0.3484375 0.8234375 0.5 0.8546875 0.6296875 0.81875
1 0 0.790625 0.3203125 0.81875 0.3453125 0.81875 0.35625 0.7953125 0.284375 0.7796875 0.04375 0.75625 0 0.75625 0 0.790625
1 0.653125 0.778125 0.65 0.7671875 0.5984375 0.71875 0.5890625 0.71875 0.56875 0.69375 0.553125 0.7234375 0.553125 0.7640625 0.596875 0.778125 0.634375 0.7828125 0.653125 0.778125
1 0.615625 0.7828125 0.653125 0.7828125 0.6546875 0.7703125 0.646875 0.759375 0.6046875 0.71875 0.5875 0.7109375 0.584375 0.7 0.5703125 0.6875 0.5640625 0.684375 0.5609375 0.7015625 0.5453125 0.709375 0.546875 0.73671875 0.528125 0.753125 0.5296875 0.765625 0.615625 0.7828125
1 0.53125 0.746875 0.5375 0.75 0.5421875 0.746875 0.54375 0.7015625 0.55 0.35625 0.5359375 0.3515625 0.53125 0.3703125 0.534375 0.5578125 0.528125 0.5703125 0.528125 0.603125 0.53125 0.746875
1 0 0.7875 0.0125 0.790625 0.1359375 0.790625 0.2 0.80625 0.23125 0.803125 0.2296875 0.7953125 0.19921875 0.796875 0.1609375 0.7765625 0.125 0.7828125 0.1078125 0.775 0.096875 0.7796875 0.0921875 0.7734375 0.0625 0.7703125 0.0375 0.759375 0.0328125 0.7640625 0.0109375 0.7625 0 0.7640625 0 0.7875
1 0 0.725 0.3125 0.7546875 0.4125 0.7546875 0.425 0.7515625 0.4296875 0.7359375 0.4390625 0.73125 0.4484375 0.70625 0.465625 0.6859375 0.4671875 0.671875 0.459375 0.6671875 0.4078125 0.6671875 0.378125 0.6859375 0.36875 0.68125 0.359375 0.6875 0.34375 0.678125 0.290625 0.6796875 0.284375 0.675 0.2859375 0.6546875 0.278125 0.65625 0.26875 0.671875 0.28125 0.6859375 0.278125 0.73125 0.1328125 0.725 0.075 0.7125 0.0140625 0.7078125 0 0.709375 0 0.725
1 0.1453125 0.7203125 0.3046875 0.728125 0.334375 0.728125 0.34375 0.715625 0.3421875 0.696875 0.33125 0.69375 0.0015625 0.6578125 0 0.6984375 0.0203125 0.7046875 0.078125 0.7078125 0.1453125 0.7203125
1 0.140625 0.6515625 0.1421875 0.665625 0.15 0.665625 0.15 0.653125 0.140625 0.6515625
1 0.109375 0.646875 0.10625 0.6625 0.1296875 0.66875 0.1328125 0.6578125 0.109375 0.646875
1 0.1625 0.6453125 0.15625 0.653125 0.15625 0.671875 0.1765625 0.675 0.1796875 0.65 0.1625 0.6453125
1 0.1921875 0.640625 0.18125 0.6484375 0.1796875 0.675 0.2359375 0.678125 0.234375 0.6484375 0.1921875 0.640625
1 0.2375 0.6421875 0.2375 0.678125 0.2625 0.6828125 0.26875 0.6453125 0.2375 0.6421875
1 0.075 0.621875 0.075 0.659375 0.1 0.665625 0.1078125 0.6296875 0.075 0.621875
1 0.26875 0.6640625 0.26875 0.68125 0.2953125 0.684375 0.278125 0.665625 0.26875 0.6640625