3 0.834375 0.95625 0.8390625 0.98125 0.8640625 0.9890625 0.8703125 0.9984375 0.9984375 0.9984375 0.9984375 0.7703125 0.95625 0.759375 0.9421875 0.74375 0.903125 0.7375 0.871875 0.725 0.85 0.7234375 0.7984375 0.7359375 0.771875 0.725 0.76875 0.7046875 0.73125 0.7 0.715625 0.7109375 0.715625 0.8578125 0.7359375 0.8484375 0.75 0.871875 0.834375 0.95625
0 0.83125 0.6796875 0.796875 0.675 0.7765625 0.7 0.778125 0.728125 0.84375 0.7390625 0.8453125 0.6921875 0.83125 0.6796875
3 0.634375 0.678125 0.634375 0.7375 0.6734375 0.7859375 0.6796875 0.6921875 0.634375 0.678125
3 0.6765625 0.7515625 0.6796875 0.6890625 0.634375 0.6734375 0.6328125 0.721875 0.6703125 0.73125 0.671875 0.7515625 0.6765625 0.7515625
3 0.6171875 0.653125 0.5984375 0.653125 0.5953125 0.6796875 0.5953125 0.7265625 0.6265625 0.7296875 0.6265625 0.6625 0.6171875 0.653125
0 0.646875 0.6484375 0.6359375 0.6546875 0.6359375 0.66875 0.653125 0.6734375 0.65625 0.6515625 0.646875 0.6484375
0 0.6609375 0.6546875 0.65625 0.6796875 0.68125 0.684375 0.678125 0.6546875 0.6609375 0.6546875
0 0.7234375 0.6578125 0.7171875 0.6609375 0.715625 0.7 0.7265625 0.703125 0.7296875 0.675 0.7234375 0.6578125
3 0.6734375 0.7953125 0.6765625 0.7609375 0.6671875 0.759375 0.6734375 0.7953125
4 0.559375 0.9046875 0.55625 0.884375 0.546875 0.8765625 0.55 0.8640625 0.540625 0.8390625 0.553125 0.76875 0.5484375 0.725 0.5328125 0.70625 0.4875 0.7109375 0.4859375 0.7171875 0.5 0.725 0.465625 0.79375 0.4375 0.8296875 0.4125 0.8828125 0.3875 0.9015625 0.359375 0.9484375 0.340625 0.9890625 0.3421875 0.9984375 0.5640625 0.9984375 0.559375 0.9046875
3 0.58125 0.7203125 0.5796875 0.7 0.5328125 0.6953125 0.5234375 0.7109375 0.50625 0.7125 0.5203125 0.71875 0.58125 0.7203125