1 0.5328125 0.6109375 0.5203125 0.61875 0.4921875 0.6140625 0.4875 0.625 0.4875 0.6640625 0.5390625 0.6609375 0.546875 0.6296875 0.5328125 0.6109375
4 0.5546875 0.6265625 0.54375 0.6390625 0.540625 0.6609375 0.571875 0.6640625 0.571875 0.6296875 0.5546875 0.6265625
1 0.4421875 0.715625 0.4703125 0.728125 0.4765625 0.525 0.475 0.5140625 0.465625 0.5140625 0.46875 0.5453125 0.4421875 0.7015625 0.446875 0.7125 0.4421875 0.715625
2 0.5515625 0.59375 0.5484375 0.6171875 0.553125 0.6234375 0.55625 0.5984375 0.5515625 0.59375
4 0.4171875 0.9109375 0.396875 0.9390625 0.3703125 0.9984375 0.6125 0.996875 0.6109375 0.96875 0.6 0.9375 0.5890625 0.7703125 0.571875 0.7375 0.5796875 0.7234375 0.559375 0.696875 0.559375 0.66875 0.5375 0.6671875 0.528125 0.675 0.521875 0.6671875 0.50625 0.66875 0.5234375 0.6859375 0.5125 0.7171875 0.4921875 0.74375 0.4171875 0.9109375
3 0.8859375 0.9046875 0.95625 0.9609375 0.9875 0.9984375 0.9984375 0.9984375 0.9984375 0.68125 0.9421875 0.6734375 0.86875 0.6734375 0.7921875 0.6609375 0.709375 0.665625 0.7109375 0.7375 0.8515625 0.871875 0.8625 0.8765625 0.8859375 0.9046875
0 0.7421875 0.65 0.7375 0.621875 0.7265625 0.609375 0.7 0.609375 0.6953125 0.621875 0.7078125 0.659375 0.7375 0.6640625 0.7421875 0.65
0 0.778125 0.65 0.76875 0.6234375 0.7484375 0.621875 0.7421875 0.6328125 0.74375 0.6546875 0.76875 0.659375 0.778125 0.65
0 0.79375 0.6203125 0.7640625 0.625 0.7640625 0.653125 0.80625 0.659375 0.80625 0.625 0.79375 0.6203125
0 0.8484375 0.61875 0.8375 0.6140625 0.8125 0.61875 0.809375 0.6609375 0.8546875 0.665625 0.8578125 0.6390625 0.8484375 0.61875
1 0.95 0.99375 0.9078125 0.95625 0.8953125 0.9375 0.8765625 0.9296875 0.8578125 0.9 0.8046875 0.85625 0.7171875 0.759375 0.7078125 0.759375 0.703125 0.76875 0.6890625 0.7734375 0.6234375 0.759375 0.590625 0.76875 0.6 0.93125 0.615625 0.9984375 0.9453125 0.9984375 0.95 0.99375
1 0.70625 0.746875 0.7046875 0.671875 0.7 0.646875 0.6875 0.625 0.678125 0.61875 0.603125 0.621875 0.596875 0.6734375 0.5921875 0.7515625 0.596875 0.7578125 0.6953125 0.7671875 0.70625 0.746875
1 0 0.9984375 0.146875 0.9984375 0.390625 0.7625 0.4 0.746875 0.421875 0.7359375 0.425 0.7265625 0.4375 0.71875 0.4328125 0.6375 0.2953125 0.65625 0.2984375 0.5484375 0.278125 0.5265625 0.2515625 0.525 0.25 0.5734375 0.2453125 0.5796875 0.25 0.621875 0.2421875 0.6609375 0.2453125 0.7296875 0.23125 0.74375 0.1515625 0.7671875 0.1453125 0.775 0.1078125 0.78125 0 0.821875 0 0.9984375
1 0.48125 0.7703125 0.4953125 0.7234375 0.509375 0.7078125 0.50625 0.6890625 0.4859375 0.6953125 0.4796875 0.73125 0.4484375 0.725 0.4328125 0.728125 0.4140625 0.74375 0.2671875 0.8859375 0.24375 0.9 0.1671875 0.9796875 0.159375 0.9984375 0.3625 0.9984375 0.4125 0.9109375 0.48125 0.7703125
1 0.434375 0.575 0.3265625 0.5546875 0.3078125 0.5453125 0.2984375 0.559375 0.2984375 0.6484375 0.4390625 0.634375 0.446875 0.584375 0.434375 0.575
1 0 0.790625 0.1984375 0.734375 0.234375 0.73125 0.240625 0.7203125 0.2421875 0.571875 0.2484375 0.55625 0.2421875 0.5078125 0.2234375 0.4921875 0.1625 0.409375 0.1171875 0.403125 0.0890625 0.4203125 0.028125 0.41875 0.0015625 0.525 0 0.684375 0.009375 0.7046875 0.009375 0.7296875 0 0.790625
1 0.58125 0.371875 0.5875 0.3484375 0.5828125 0.325 0.58125 0.371875
1 0.5875 0.7015625 0.5890625 0.646875 0.5890625 0.45 0.584375 0.4375 0.5765625 0.440625 0.58125 0.4921875 0.578125 0.7 0.5828125 0.70625 0.5875 0.7015625