3 0.465625 0.8 0.4828125 0.7984375 0.5578125 0.8296875 0.6453125 0.84375 0.84375 0.9125 0.85 0.73125 0.8484375 0.7265625 0.8265625 0.7265625 0.79375 0.715625 0.778125 0.696875 0.7546875 0.696875 0.6515625 0.659375 0.6453125 0.6609375 0.6390625 0.6890625 0.6453125 0.6953125 0.640625 0.7078125 0.65 0.725 0.6375 0.74375 0.4671875 0.7546875 0.4265625 0.746875 0.415625 0.7640625 0.415625 0.7875 0.434375 0.7953125 0.4421875 0.790625 0.465625 0.8
4 0.54375 0.7125 0.559375 0.7203125 0.5796875 0.7203125 0.5765625 0.709375 0.5765625 0.671875 0.575 0.628125 0.5625 0.6296875 0.5515625 0.640625 0.546875 0.671875 0.5390625 0.6734375 0.54375 0.7125
4 0.5484375 0.75 0.6 0.75 0.640625 0.7390625 0.6390625 0.728125 0.63125 0.7265625 0.565625 0.7171875 0.534375 0.71875 0.5265625 0.7203125 0.5421875 0.725 0.540625 0.7453125 0.5484375 0.75
4 0.5015625 0.95625 0.5265625 0.9984375 0.6 0.9984375 0.5890625 0.896875 0.5765625 0.8515625 0.521875 0.8140625 0.4921875 0.809375 0.4625 0.8359375 0.4546875 0.8609375 0.45625 0.8734375 0.44375 0.896875 0.446875 0.9078125 0.5015625 0.95625
4 0.4703125 0.9984375 0.51875 0.9984375 0.5140625 0.984375 0.4546875 0.9265625 0.4390625 0.91875 0.4234375 0.95 0.43125 0.9703125 0.4484375 0.9765625 0.4703125 0.9984375
4 0.4578125 0.8578125 0.4625 0.84375 0.4625 0.83125 0.4546875 0.828125 0.4046875 0.825 0.384375 0.8296875 0.3796875 0.8421875 0.3875 0.8515625 0.4453125 0.8625 0.4578125 0.8578125
3 0.9984375 0.75 0.9 0.728125 0.903125 0.9671875 0.9375 0.9984375 0.9984375 0.9984375 0.9984375 0.75
0 0.846875 0.665625 0.8171875 0.6625 0.796875 0.690625 0.7984375 0.715625 0.825 0.721875 0.8484375 0.71875 0.846875 0.665625
0 0.625 0.6421875 0.6109375 0.6453125 0.6109375 0.6796875 0.6375 0.6828125 0.634375 0.646875 0.625 0.6421875
0 0.7390625 0.65 0.73125 0.665625 0.73125 0.6890625 0.7703125 0.69375 0.7671875 0.653125 0.7390625 0.65
0 0.715625 0.6390625 0.7078125 0.6421875 0.7046875 0.653125 0.7015625 0.675 0.7265625 0.6765625 0.728125 0.6546875 0.715625 0.6390625