0 0.9359375 0.6765625 0.91875 0.66875 0.8921875 0.66875 0.8890625 0.7203125 0.890625 0.771875 0.9390625 0.7640625 0.95 0.7 0.9359375 0.6765625
0 0.971875 0.784375 0.9984375 0.7953125 0.9984375 0.6765625 0.965625 0.6765625 0.94375 0.721875 0.940625 0.7515625 0.946875 0.7953125 0.9609375 0.8 0.971875 0.784375
3 0.746875 0.7046875 0.71875 0.7 0.71875 0.73125 0.7859375 0.7953125 0.7890625 0.7296875 0.746875 0.7046875
0 0.7921875 0.6807291671875 0.7859375 0.66875 0.7921875 0.6640625 0.790625 0.65625 0.7875 0.665625 0.7734375 0.66875 0.765625 0.6796875 0.765625 0.7125 0.7828125 0.725 0.790625 0.7234375 0.7921875 0.6807291671875
3 0.828125 0.8296875 0.8359375 0.746875 0.828125 0.7296875 0.8140625 0.7328125 0.809375 0.74375 0.809375 0.8359375 0.815625 0.8265625 0.825 0.834375 0.828125 0.8296875
0 0.8359375 0.6796875 0.8234375 0.665625 0.8078125 0.6640625 0.80625 0.725 0.834375 0.725 0.8390625 0.7078125 0.8359375 0.6796875
0 0.7515625 0.6640625 0.7375 0.6609375 0.7296875 0.6796875 0.73125 0.7 0.7609375 0.7 0.7609375 0.6796875 0.7515625 0.6640625
3 0.96875 0.9984375 0.9984375 0.9984375 0.9984375 0.796875 0.9765625 0.7890625 0.965625 0.8046875 0.95625 0.80625 0.94375 0.8 0.934375 0.765625 0.8875 0.778125 0.8859375 0.871875 0.8953125 0.9265625 0.9328125 0.9546875 0.96875 0.9984375
4 0.6515625 0.9046875 0.64375 0.89375 0.64375 0.703125 0.65 0.7015625 0.6453125 0.69375 0.6203125 0.6859375 0.6015625 0.6875 0.5328125 0.8140625 0.5015625 0.89375 0.4640625 0.9734375 0.4546875 0.98125 0.453125 0.9984375 0.6484375 0.996875 0.653125 0.928125 0.6515625 0.9046875
0 0.5546875 0.6625 0.509375 0.621875 0.490625 0.6265625 0.478125 0.64375 0.478125 0.65625 0.5453125 0.684375 0.5578125 0.678125 0.5546875 0.6625
0 0.40625 0.609375 0.3921875 0.609375 0.390625 0.646875 0.4125 0.6515625 0.4140625 0.6171875 0.40625 0.609375