4 0.565625 0.9796875 0.578125 0.9375 0.634375 0.9515625 0.653125 0.95 0.66875 0.9609375 0.715625 0.9703125 0.775 0.9796875 0.7796875 0.9703125 0.775 0.9 0.740625 0.890625 0.6484375 0.88125 0.5953125 0.8578125 0.58125 0.8453125 0.5921875 0.821875 0.56875 0.8140625 0.553125 0.7875 0.559375 0.775 0.5421875 0.746875 0.5453125 0.7171875 0.49375 0.7015625 0.4734375 0.74375 0.4109375 0.9296875 0.4046875 0.934375 0.40625 0.9984375 0.5625 0.9984375 0.56875 0.99375 0.565625 0.9796875
1 0.453125 0.6078125 0.4515625 0.6734375 0.4578125 0.675 0.459375 0.521875 0.453125 0.6078125
3 0.5078125 0.659375 0.4796875 0.6609375 0.4765625 0.678125 0.4953125 0.684375 0.5078125 0.6796875 0.5078125 0.659375
3 0.5015625 0.6828125 0.55625 0.7 0.578125 0.696875 0.584375 0.665625 0.575 0.6578125 0.515625 0.65 0.5015625 0.65 0.5109375 0.6640625 0.5109375 0.6765625 0.5015625 0.6828125
1 0.4609375 0.690625 0.459375 0.6828125 0.4390625 0.68125 0.434375 0.6921875 0.4359375 0.7390625 0.465625 0.75 0.4875 0.7 0.4609375 0.690625
4 0.5203125 0.625 0.5125 0.6375 0.528125 0.6421875 0.528125 0.6234375 0.5203125 0.625
1 0.678125 0 0.6890625 0.0625 0.725 0.153125 0.74375 0.284375 0.7578125 0.3140625 0.7640625 0.346875 0.771875 0.596875 0.790625 0.7234375 0.78125 0.79375 0.7875 0.9984375 0.8953125 0.9984375 0.89375 0.9390625 0.875 0.7796875 0.8515625 0.390625 0.875 0.2078125 0.91875 0.0953125 0.93125 0.075 0.9421875 0.06875 0.95 0.05 0.9546875 0 0.678125 0
1 0.646875 0.8828125 0.7765625 0.8921875 0.775 0.8609375 0.71875 0.8078125 0.7171875 0.796875 0.6515625 0.728125 0.621875 0.7078125 0.6140625 0.7125 0.6140625 0.73125 0.6015625 0.7375 0.5875 0.7125 0.5609375 0.7125 0.5453125 0.7203125 0.565625 0.8375 0.5828125 0.8484375 0.590625 0.865625 0.646875 0.8828125
3 0.778125 0.7546875 0.7671875 0.728125 0.7671875 0.690625 0.7359375 0.6828125 0.73125 0.6828125 0.7328125 0.8125 0.7734375 0.8515625 0.778125 0.7546875
3 0.6546875 0.7265625 0.7203125 0.7921875 0.721875 0.690625 0.7109375 0.6640625 0.684375 0.646875 0.64375 0.6453125 0.6359375 0.665625 0.61875 0.66875 0.61875 0.7046875 0.6546875 0.7265625
3 0.9015625 0.9546875 0.9046875 0.965625 0.9296875 0.965625 0.940625 0.9984375 0.9984375 0.9984375 0.9984375 0.790625 0.99375 0.7890625 0.9984375 0.721875 0.9515625 0.7 0.9296875 0.696875 0.921875 0.703125 0.9234375 0.7640625 0.90625 0.775 0.88125 0.778125 0.9015625 0.9546875
1 0.053125 0 0.0078125 0.0078125 0 0.025 0.01875 0.0484375 0.0203125 0.1296875 0.0125 0.134375 0.003125 0.1296875 0 0.1390625 0.0046875 0.2 0.01875 0.2390625 0.0515625 0.265625 0.0671875 0.2625 0.0671875 0.25625 0.0859375 0.2484375 0.109375 0.26875 0.1234375 0.2703125 0.1265625 0.3 0.1390625 0.303125 0.153125 0.3203125 0.1671875 0.353125 0.171875 0.3796875 0.165625 0.403125 0.18125 0.43125 0.19375 0.403125 0.1953125 0.375 0.2140625 0.3734375 0.2140625 0.3640625 0.228125 0.353125 0.25625 0.353125 0.2640625 0.36875 0.271875 0.365625 0.278125 0.3703125 0.30625 0.359375 0.3140625 0.3703125 0.3640625 0.3828125 0.36875 0.4015625 0.403125 0.3953125 0.4015625 0.38125 0.4234375 0.34375 0.44375 0.340625 0.459375 0.325 0.46875 0.2671875 0.4578125 0.2078125 0.4671875 0.1953125 0.490625 0.1828125 0.5 0.16875 0.496875 0.1015625 0.4765625 0.0734375 0.484375 0.040625 0.4765625 0 0.053125 0
1 0.125 0.6484375 0.096875 0.71875 0.0984375 0.74375 0.1046875 0.75 0.1234375 0.746875 0.13125 0.7328125 0.1640625 0.621875 0.1890625 0.3953125 0.1875 0.3484375 0.18125 0.3390625 0.16875 0.34375 0.1703125 0.3796875 0.1515625 0.521875 0.1328125 0.58125 0.125 0.6484375
1 0 0.9984375 0.0984375 0.9984375 0.121875 0.9828125 0.153125 0.9578125 0.18125 0.921875 0.215625 0.903125 0.2515625 0.846875 0.278125 0.8328125 0.3078125 0.80625 0.3359375 0.7671875 0.3953125 0.728125 0.4265625 0.734375 0.4328125 0.6703125 0.4234375 0.665625 0.4125 0.6734375 0.3671875 0.678125 0.2640625 0.7125 0.2515625 0.7265625 0.25625 0.746875 0.246875 0.7796875 0.2203125 0.7890625 0.1921875 0.8125 0.1765625 0.8140625 0.1125 0.8453125 0.071875 0.875 0 0.90625 0 0.9984375
1 0.7796875 0.9984375 0.775 0.98125 0.728125 0.975 0.5921875 0.9375 0.578125 0.9390625 0.5703125 0.9546875 0.5703125 0.9875 0.5796875 0.9984375 0.7796875 0.9984375
1 0.3734375 0.9984375 0.3828125 0.9546875 0.3890625 0.9515625 0.4171875 0.875 0.4359375 0.8484375 0.446875 0.8171875 0.4609375 0.765625 0.4578125 0.75 0.3875 0.7359375 0.3453125 0.765625 0.278125 0.8421875 0.259375 0.84375 0.1328125 0.9828125 0.1140625 0.99375 0.115625 0.9984375 0.3734375 0.9984375
1 0.575 0 0.575 0.0171875 0.5625 0.0171875 0.5703125 0.05 0.578125 0.05625 0.575 0.0796875 0.5828125 0.0875 0.5890625 0.1265625 0.6 0.13125 0.6046875 0.1453125 0.5859375 0.1578125 0.5875 0.203125 0.59375 0.2125 0.5796875 0.2203125 0.5796875 0.2390625 0.5625 0.2453125 0.5640625 0.259375 0.5546875 0.26875 0.5421875 0.2703125 0.5484375 0.2984375 0.5640625 0.3234375 0.5703125 0.3484375 0.584375 0.35625 0.596875 0.3953125 0.5859375 0.5328125 0.590625 0.640625 0.5953125 0.6484375 0.609375 0.634375 0.60625 0.5703125 0.6125 0.5328125 0.60625 0.5109375 0.6328125 0.353125 0.6546875 0.309375 0.684375 0.2859375 0.6734375 0.2421875 0.6828125 0.2359375 0.68125 0.225 0.703125 0.1890625 0.6671875 0.0625 0.6625 0.0609375 0.66875 0 0.575 0
1 0.5875 0.6203125 0.584375 0.70625 0.590625 0.7078125 0.590625 0.6140625 0.5875 0.6203125
1 0.6078125 0.640625 0.5984375 0.64375 0.5984375 0.7265625 0.60625 0.7328125 0.6125 0.6625 0.6078125 0.640625