4 0.3671875 0.8859375 0.3125 0.9640625 0.296875 0.9984375 0.5484375 0.9984375 0.546875 0.7 0.5375 0.6953125 0.5421875 0.665625 0.5171875 0.6671875 0.5203125 0.6828125 0.4921875 0.7015625 0.4703125 0.740625 0.4375 0.778125 0.425 0.8046875 0.41875 0.85625 0.403125 0.8515625 0.38125 0.8578125 0.3796875 0.8390625 0.340625 0.8375 0.3484375 0.85625 0.3578125 0.853125 0.36875 0.8625 0.3671875 0.8859375
2 0.4203125 0.85 0.4296875 0.696875 0.4390625 0.6796875 0.4453125 0.6453125 0.4390625 0.5921875 0.4203125 0.5546875 0.4078125 0.5609375 0.390625 0.603125 0.3875 0.825 0.3890625 0.8546875 0.396875 0.8609375 0.4203125 0.85
0 0.94375 0.990625 0.946875 0.9984375 0.9984375 0.9984375 0.9984375 0.675 0.959375 0.678125 0.953125 0.7140625 0.95625 0.8375 0.94375 0.9390625 0.95 0.9484375 0.94375 0.990625
0 0.809375 0.928125 0.825 0.909375 0.88125 0.9640625 0.8875 0.9640625 0.896875 0.9515625 0.8984375 0.9203125 0.8984375 0.878125 0.890625 0.853125 0.896875 0.678125 0.89375 0.65625 0.88125 0.6390625 0.865625 0.6375 0.8046875 0.6515625 0.775 0.7328125 0.7734375 0.821875 0.7859375 0.9078125 0.8015625 0.928125 0.809375 0.928125
3 0.7515625 0.8703125 0.775 0.8734375 0.771875 0.790625 0.775 0.7234375 0.78125 0.7046875 0.7578125 0.69375 0.7359375 0.6921875 0.7359375 0.671875 0.721875 0.665625 0.6921875 0.6640625 0.6765625 0.6828125 0.6515625 0.6796875 0.64375 0.6703125 0.6453125 0.653125 0.6390625 0.653125 0.6359375 0.7203125 0.6421875 0.7359375 0.725 0.8453125 0.7515625 0.8703125
3 0.5984375 0.6484375 0.5953125 0.6734375 0.6140625 0.6734375 0.6140625 0.646875 0.5984375 0.6484375
0 0.68125 0.63125 0.6578125 0.6296875 0.653125 0.640625 0.6515625 0.6765625 0.6890625 0.68125 0.690625 0.6515625 0.68125 0.63125
0 0.7671875 0.6984375 0.7734375 0.6984375 0.790625 0.6828125 0.7984375 0.6515625 0.778125 0.6484375 0.775 0.6296875 0.7625 0.625 0.740625 0.6578125 0.740625 0.690625 0.746875 0.6921875 0.7546875 0.68125 0.7671875 0.6984375
0 0.5765625 0.6203125 0.575 0.6421875 0.584375 0.6453125 0.5859375 0.621875 0.5765625 0.6203125
0 0.6109375 0.6125 0.603125 0.6234375 0.6015625 0.640625 0.6125 0.640625 0.615625 0.615625 0.6109375 0.6125
4 0.3828125 0.8484375 0.3703125 0.8375 0.3140625 0.8265625 0.25 0.821875 0.2296875 0.8296875 0.221875 0.8375 0.228125 0.84375 0.371875 0.86875 0.3828125 0.8484375