3 0.9984375 0.9828125 0.9984375 0.7953125 0.978125 0.778125 0.9234375 0.775 0.9140625 0.765625 0.909375 0.7421875 0.884375 0.7 0.8609375 0.6921875 0.85 0.6984375 0.859375 0.8578125 0.8765625 0.88125 0.9984375 0.9828125
0 0.9515625 0.7625 0.9984375 0.7828125 0.9984375 0.6109375 0.9375 0.6140625 0.91875 0.6296875 0.903125 0.6734375 0.9015625 0.7203125 0.9171875 0.7625 0.9265625 0.7703125 0.9515625 0.7625
3 0.6625 0.634375 0.6421875 0.6265625 0.6390625 0.6640625 0.64375 0.68125 0.6609375 0.690625 0.6625 0.634375
0 0.734375 0.703125 0.7359375 0.6578125 0.7140625 0.615625 0.6734375 0.615625 0.6625 0.6453125 0.6640625 0.6921875 0.68125 0.7046875 0.696875 0.6953125 0.734375 0.703125
3 0.7765625 0.6875 0.74375 0.68125 0.725 0.703125 0.6953125 0.703125 0.6859375 0.715625 0.775 0.796875 0.7796875 0.7796875 0.7765625 0.6875
3 0.7421875 0.6828125 0.7375 0.70625 0.69375 0.70625 0.6890625 0.7171875 0.778125 0.7921875 0.775 0.6875 0.7421875 0.6828125
0 0.7765625 0.6578125 0.7671875 0.625 0.7515625 0.621875 0.74375 0.63125 0.7390625 0.675 0.7515625 0.6828125 0.775 0.68125 0.7765625 0.6578125
0 0.66875 0.5984375 0.653125 0.603125 0.65 0.6234375 0.659375 0.6265625 0.6734375 0.6046875 0.66875 0.5984375
4 0.6390625 0.93625 0.6375 0.8609375 0.625 0.8296875 0.609375 0.734375 0.5796875 0.6296875 0.5671875 0.634375 0.55625 0.6765625 0.525 0.7515625 0.521875 0.778125 0.4875 0.853125 0.4828125 0.8953125 0.4609375 0.978125 0.4609375 0.9984375 0.6484375 0.9984375 0.6484375 0.9640625 0.6390625 0.93625
3 0.8921875 0.6953125 0.9 0.6921875 0.9 0.6859375 0.884375 0.6734375 0.85 0.6703125 0.8515625 0.753125 0.9015625 0.75625 0.9078125 0.7515625 0.8921875 0.6953125
3 0.9078125 0.9046875 0.93125 0.9140625 0.946875 0.9109375 0.953125 0.9171875 0.953125 0.934375 0.9671875 0.934375 0.971875 0.940625 0.96875 0.95 0.9828125 0.9515625 0.9859375 0.965625 0.9953125 0.965625 0.9984375 0.8375 0.99375 0.834375 0.9984375 0.821875 0.9859375 0.8140625 0.9859375 0.8 0.9453125 0.8015625 0.9078125 0.7828125 0.853125 0.7671875 0.8609375 0.8578125 0.8921875 0.8890625 0.9046875 0.8875 0.9078125 0.9046875