4 0.63125 1 0.56875 0.66875 0.5578125 0.671875 0.4046875 1 0.63125 1
1 0.771875 0 0.775 0.9984375 0.83125 0.9984375 0.81875 0.0203125 0.8171875 0 0.771875 0
1 0.3484375 0 0.3265625 0.009375 0.3296875 0.0515625 0.34375 0.0625 0.346875 0.075 0.36875 0.1015625 0.371875 0.1078125 0.365625 0.115625 0.3796875 0.1125 0.396875 0.11875 0.409375 0.140625 0.4078125 0.203125 0.4 0.21875 0.4078125 0.2421875 0.434375 0.2484375 0.446875 0.2375 0.4671875 0.253125 0.4703125 0.2625 0.503125 0.271875 0.5265625 0.2703125 0.5421875 0.2546875 0.5578125 0.253125 0.5875 0.296875 0.603125 0.3015625 0.6109375 0.315625 0.6265625 0.3953125 0.6421875 0.4328125 0.6453125 0.4609375 0.671875 0.525 0.6765625 0.553125 0.671875 0.565625 0.678125 0.575390625 0.678125 0.6046875 0.6671875 0.609375 0.6671875 0.6296875 0.678125 0.6453125 0.6828125 0.6890625 0.675 0.8296875 0.7109375 0.840625 0.715625 0.825 0.7125 0.728125 0.7171875 0.6515625 0.73125 0.6 0.7328125 0.5640625 0.746875 0.5234375 0.7640625 0.4140625 0.771875 0.396875 0.778125 0.3265625 0.771875 0.0421875 0.7640625 0.0265625 0.7625 0 0.3484375 0
3 0.9984375 0.9984375 0.9984375 0.7625 0.96875 0.7640625 0.8296875 0.734375 0.840625 0.91875 0.884375 0.953125 0.9265625 0.9984375 0.9984375 0.9984375
3 0.9984375 0.9984375 0.9984375 0.76875 0.83125 0.734375 0.828125 0.775 0.8390625 0.9140625 0.93125 0.9984375 0.9984375 0.9984375
1 0.8421875 0.9375 0.8375 0.9359375 0.840625 0.9984375 0.896875 0.9984375 0.8421875 0.9375
1 0.8375 0.934375 0.840625 0.9984375 0.9 0.9984375 0.8484375 0.9390625 0.8375 0.934375
1 0.76875 0.9984375 0.765625 0.853125 0.7234375 0.81875 0.721875 0.840625 0.70625 0.8515625 0.7 0.8453125 0.6921875 0.85 0.6765625 0.84375 0.671875 0.8296875 0.6734375 0.7625 0.6234375 0.71875 0.6171875 0.721875 0.603125 0.7046875 0.5765625 0.696875 0.5890625 0.7875 0.6265625 0.9078125 0.6375 0.9984375 0.76875 0.9984375
1 0.7546875 0.8421875 0.7234375 0.8203125 0.725 0.8453125 0.715625 0.85 0.6859375 0.8421875 0.61875 0.8484375 0.6359375 0.9984375 0.7703125 0.9984375 0.7671875 0.859375 0.7546875 0.8421875
1 0 0.9984375 0.1109375 0.9984375 0.1484375 0.9703125 0.215625 0.9328125 0.2375 0.9078125 0.434375 0.7703125 0.4578125 0.740625 0.4625 0.696875 0.4546875 0.68125 0.45625 0.6484375 0.45 0.63125 0.2296875 0.5375 0.21875 0.5375 0.215625 0.53125 0.1828125 0.5328125 0.1640625 0.540625 0.06875 0.509375 0.03125 0.5046875 0.0328125 0.5203125 0.071875 0.521875 0.0765625 0.5296875 0.0765625 0.5625 0.0578125 0.5609375 0.0578125 0.5890625 0.0671875 0.5984375 0.0625 0.6109375 0.0703125 0.6171875 0.08125 0.6578125 0.0703125 0.6625 0 0.659375 0 0.9984375
1 0.434375 0.9421875 0.4640625 0.84375 0.440625 0.8328125 0.3546875 0.83125 0.3 0.8671875 0.1859375 0.9625 0.1765625 0.98125 0.1890625 0.9984375 0.409375 0.9984375 0.434375 0.9421875
1 0.4671875 0.7296875 0.48125 0.7296875 0.509375 0.7 0.5078125 0.640625 0.48125 0.625 0.4625 0.628125 0.4703125 0.6515625 0.4578125 0.671875 0.4640625 0.721875 0.4671875 0.7296875
1 0.5140625 0.7015625 0.4796875 0.7359375 0.48125 0.74375 0.525 0.746875 0.540625 0.7 0.5140625 0.7015625
1 0.615625 0.65625 0.6140625 0.7203125 0.621875 0.675 0.621875 0.6234375 0.615625 0.65625
3 0.7203125 0.725 0.7203125 0.8015625 0.7671875 0.8453125 0.7703125 0.728125 0.7203125 0.725
3 0.7546875 0.725 0.7203125 0.728125 0.721875 0.803125 0.7671875 0.84375 0.76875 0.7296875 0.7546875 0.725
3 0.6375 0.69375 0.6265625 0.6953125 0.63125 0.7203125 0.6765625 0.759375 0.6765625 0.7125 0.6375 0.69375
0 0.66875 0.671875 0.6625 0.68125 0.6609375 0.7 0.6765625 0.70625 0.6796875 0.6734375 0.66875 0.671875
0 0.7328125 0.6796875 0.721875 0.675 0.7171875 0.6890625 0.7171875 0.721875 0.7359375 0.7234375 0.7421875 0.70625 0.7328125 0.6796875
0 0.6328125 0.671875 0.625 0.675 0.625 0.6875 0.6390625 0.6890625 0.6390625 0.6765625 0.6328125 0.671875