4 0 0.9984375 0.9984375 0.9984375 0.9984375 0.721875 0.959375 0.678125 0.9046875 0.5875 0.846875 0.5171875 0.8390625 0.5203125 0.821875 0.5109375 0.746875 0.4390625 0.7359375 0.4390625 0.7 0.415625 0.7 0.40625 0.6338541671875 0.40625 0.61875 0.390625 0.621875 0.359375 0.6140625 0.3515625 0.509375 0.3515625 0.5 0.3703125 0.4796875 0.384375 0.4375 0.3984375 0.428125 0.390625 0.3953125 0.3921875 0.38125 0.3828125 0.375 0.3421875 0.3859375 0.3328125 0.384375 0.315625 0.403125 0.3 0.403125 0.2828125 0.334375 0.2828125 0.0609375 0.4375 0.046875 0.4296875 0.0046875 0.4390625 0 0.4421875 0 0.9984375
3 0.040625 0.5046875 0.0609375 0.5046875 0.0625 0.5125 0.071875 0.5171875 0.134375 0.50625 0.14375 0.5109375 0.340625 0.3484375 0.4125 0.278125 0.4203125 0.25 0.4046875 0.246875 0.4078125 0.23125 0.403125 0.21875 0.35625 0.2078125 0.2390625 0.2703125 0.1671875 0.265625 0.1453125 0.2734375 0.1390625 0.296875 0.1109375 0.3046875 0.0953125 0.28125 0.003125 0.3125 0 0.5125 0.0171875 0.51875 0.034375 0.5140625 0.040625 0.5046875
0 0.13125 0.3 0.1390625 0.271875 0.159375 0.2625 0.20625 0.265625 0.2375 0.259375 0.2609375 0.2796875 0.2796875 0.284375 0.29375 0.2421875 0.31875 0.2359375 0.3296875 0.2546875 0.34375 0.246875 0.34375 0.171875 0.3296875 0.0890625 0.3078125 0.0734375 0.28125 0.025 0.2625 0.009375 0.18125 0.0109375 0.1265625 0.025 0.10625 0.06875 0.1 0.096875 0.103125 0.1453125 0.0921875 0.171875 0.09375 0.2328125 0.103125 0.2796875 0.115625 0.3015625 0.13125 0.3
1 0.465625 0.321875 0.4296875 0.325 0.421875 0.309375 0.4109375 0.3078125 0.4 0.315625 0.3921875 0.3421875 0.3921875 0.3828125 0.4625 0.38125 0.4671875 0.375 0.465625 0.321875
1 0.6796875 0.3671875 0.7109375 0.365625 0.725 0.3796875 0.74375 0.3421875 0.7515625 0.3421875 0.7515625 0.3109375 0.7828125 0.2875 0.7828125 0.265625 0.7671875 0.215625 0.7125 0.096875 0.6953125 0.1046875 0.6546875 0.2734375 0.653125 0.3125 0.6375 0.3328125 0.6375 0.39375 0.6546875 0.3921875 0.665625 0.375 0.6796875 0.3671875
1 0.7046875 0.3625 0.7203125 0.3859375 0.7453125 0.3828125 0.7625 0.3875 0.7546875 0.3359375 0.7640625 0.3171875 0.7859375 0.3203125 0.7765625 0.3015625 0.7 0.3015625 0.653125 0.3109375 0.6359375 0.3328125 0.6375 0.3953125 0.6515625 0.3953125 0.6765625 0.3734375 0.7046875 0.3625
1 0.4734375 0.2640625 0.4890625 0.253125 0.5046875 0.2296875 0.521875 0.1734375 0.5140625 0.0984375 0.4890625 0.053125 0.46875 0.0390625 0.4515625 0.040625 0.43125 0.0515625 0.4109375 0.0875 0.4015625 0.13125 0.4 0.1703125 0.4171875 0.2328125 0.4453125 0.2625 0.4734375 0.2640625
1 0.66875 0 0.6578125 0.015625 0.65 0.084375 0.65625 0.103125 0.771875 0.0796875 0.78125 0.06875 0.778125 0.0359375 0.765625 0 0.66875 0
1 0.5546875 0.2171875 0.5609375 0.215625 0.559375 0.2046875 0.5359375 0.203125 0.525 0.228125 0.5171875 0.2640625 0.5328125 0.278125 0.5484375 0.2484375 0.5546875 0.2171875
1 0.6015625 0.0390625 0.565625 0.1265625 0.5640625 0.1609375 0.584375 0.159375 0.6359375 0.0359375 0.6015625 0.0390625
1 0.6515625 0.1609375 0.578125 0.1625 0.5453125 0.15 0.525 0.15 0.5203125 0.203125 0.65 0.1953125 0.653125 0.1890625 0.6515625 0.1609375
1 0.65625 0 0.384375 0.003125 0.3828125 0.0296875 0.396875 0.0421875 0.65625 0.0296875 0.65625 0
1 0.646875 0.3015625 0.646875 0.2875 0.6375 0.284375 0.5203125 0.2859375 0.490625 0.2984375 0.5046875 0.346875 0.6296875 0.3453125 0.646875 0.3015625