3 1 0.3240725875 0.974671003125 0.3224844609375 0.9413355718749999 0.2960744921875 0.8863461015625 0.2324333953125 0.847937328125 0.22924784687500002 0.89076194375 0.32835713437499997 0.7840905593749999 0.33807410781249997 0.6387708234375 0.3309063234375 0.4063711703125 0.3049217015625 0.207669871875 0.2738502453125 0.07393664375 0.2503818828125 0.0209411640625 0.21625459062500002 0.025746498437499998 0.4912724703125 0.030260614062500003 0.5774069015625 0.0679032265625 0.5844956796874999 0.251452321875 0.5845747703125 0.468795628125 0.5850468546875 0.681464203125 0.5793013328125001 0.7934004171875 0.5573191125 0.9120888328125 0.5559596984375 1 0.5772430046875 1 0.3240725875
4 0.18782289375 0.1832255234375 0.2140469859375 0.16846475625 0.36516548437499996 0.0894145875 0.36480644687499997 0.068866296875 0.3046924078125 0.07775476718749999 0.23287229062499998 0.0960944109375 0.071789215625 0.1675991140625 0.035531546875 0.19515135625 0.5233842984375 0.2076701640625 0.5215536203125 0.25969390468750003 0.425914440625 0.2736479328125 0.3880080984375 0.299229690625 0.709940896875 0.3276248859375 0.8393744984374999 0.3140637703125 0.6867997031249999 0.2575059484375 0.6767566453125 0.20534426562500002 0.802704115625 0.20132983593749998 0.88891889375 0.2228760921875 0.8967082140624999 0.198313828125 0.5916466406249999 0.19476771875 0.3001659109375 0.184531425 0.18782289375 0.1832255234375
4 1 0.5901147531250001 0.8484889843750001 0.574394896875 0.5693605421875 0.5916942374999999 0.276412115625 0.601984959375 0.030940134375 0.5903729296875 0.03710396875 0.70798589375 0.796077965625 0.982690884375 1 0.9779445453125 1 0.5901147531250001
3 0.0515086921875 0.9828443874999999 0.543680240625 0.98856550625 0.708754615625 0.9847233578125 0.43060308281250004 0.9078296359375001 0.039101878125 0.7461082796875 0.0515086921875 0.9828443874999999
0 1 0.043274642187500004 0.9958941765624999 0.043110525 0.9555017843750001 0.04633103125 0.9457159015625001 0.0499073140625 0.9298786234374999 0.06949127187500001 0.9227303734375001 0.08311402968750001 0.9217717109375 0.0886379421875 0.9191544281249999 0.093176134375 0.916258084375 0.095163203125 0.911675484375 0.09458278437499999 0.9093519421874999 0.0924471828125 0.90617193125 0.09161949375 0.8941914828125 0.10044175 0.8973081703125001 0.13790549375 0.8941779734375 0.1499935140625 0.8944506046875 0.1555317390625 0.8930563687499999 0.1663220671875 0.89261533125 0.1813406640625 0.891304865625 0.1868604859375 0.8931525515625 0.2322167015625 0.8946003421875 0.2446215109375 0.89684471875 0.252291246875 0.9009641078125 0.25655631875 0.9060744078124999 0.25714286875000003 0.9102176875 0.2527102734375 0.9157865875000001 0.24934854374999998 0.91762935625 0.2440984828125 0.943374309375 0.2581035984375 0.9470489125 0.26710783125000004 0.9477968546875 0.2897838953125 0.9507255453125 0.30642310625 0.9557106125000001 0.3099075140625 0.9636537265625 0.31158129218749997 0.9718795453125001 0.3093047453125 0.972911909375 0.307998875 0.9774685906249999 0.2869659171875 0.976862584375 0.28247811562499997 0.9775946796874999 0.27405225624999996 0.980205534375 0.272501159375 0.9903800671875 0.2710379859375 1 0.271749775 1 0.043274642187500004
0 0.1370636609375 0 0.15334114062499998 0.023564248437499997 0.1518778078125 0.030400164062500002 0.1528217953125 0.034101171875 0.15514994375 0.036500403125000004 0.158510459375 0.0375937609375 0.1669444234375 0.037164653125 0.170560003125 0.0327259234375 0.17544833906249999 0.030674153125 0.18790956406249998 0.0292375609375 0.1906686796875 0.02610674375 0.1894336359375 0.015813 0.1817206515625 0 0.1370636609375 0
0 0.1813936703125 0 0.18200065468749999 0.0030750421875 0.1887484640625 0.01685933125 0.191048115625 0.0276926 0.19074237968750002 0.0303247875 0.19214957500000002 0.03034114375 0.1978437078125 0.02408155625 0.21239730156249997 0.021614990625 0.21392972656250003 0.0187334890625 0.21448131718750002 0.0100419578125 0.212580559375 0 0.1813936703125 0
0 0.0171625890625 0 0.018098875 0.05358530625 0.0195066953125 0.0536374109375 0.02247395625 0.05235403281249999 0.024534079687499998 0.049478665625 0.027512271875 0.028690934374999998 0.02771666875 0.020258940625 0.026791106250000002 0.017612440625 0.0262965125 0.009435895312500001 0.026709053125 0.002851340625 0.026237268749999997 0 0.0171625890625 0
0 0.0243576234375 0 0.0272459640625 0.0033847296875 0.0280232625 0.00761095 0.0274163984375 0.0131389515625 0.0295171203125 0.022652035937500002 0.02905765625 0.0366161203125 0.0296636625 0.0411039234375 0.03149175 0.045078784375 0.040004021875000004 0.04913134375 0.059186276562499994 0.049881470312499995 0.064583884375 0.046781325 0.066296815625 0.044165496875 0.0696066625 0.042358951562500004 0.0747077484375 0.0424182484375 0.07747146875000001 0.0395510609375 0.0801992015625 0.024559046875 0.080588709375 0.016656353125000002 0.077455621875 0.0084491390625 0.0705815953125 0 0.0243576234375 0
0 0.0701891375 0 0.07958944999999999 0.0097918125 0.0812232125 0.012710118749999999 0.0824997125 0.025376510937500003 0.08046722656250001 0.02983364375 0.0787994984375 0.045101551562499995 0.0813173671875 0.0482937109375 0.08748766875 0.04915615625 0.0960606796875 0.0466200703125 0.10172631406249999 0.048794521875 0.1045360984375 0.048563609375 0.13080125781250002 0.0420159984375 0.13443986875 0.0388954046875 0.13734264062499998 0.033921239062500004 0.138255240625 0.025761053125 0.13542875000000001 0.0049058453125 0.133771953125 0.000669403125 0.1329117390625 0 0.0701891375 0
0 0.4408209671875 0 0.4405176125 0.0029172171875 0.4402867453125 0.0500942875 0.46042680625 0.0553363078125 0.48362711249999996 0.0545516984375 0.48507201718750004 0.046661271875 0.48541804375000003 0.006074890625 0.4850909453125 0 0.4408209671875 0
1 0.5051335296875 0.158122725 0.5059937421875 0.1670942421875 0.5078310453125 0.1715963578125 0.5161489890625 0.17459236250000001 0.55852694375 0.1742942515625 0.5615034156250001 0.173538128125 0.5642579265625 0.170143684375 0.5652626546875 0.16725605 0.5654762640625 0.1593513125 0.56519325 0.1129589875 0.5642316984375 0.0981876609375 0.5561771734375001 0.100202628125 0.514859221875 0.100776634375 0.506642615625 0.10358043750000001 0.5040962484375 0.10882231875 0.5051335296875 0.158122725
1 0.593490034375 0.11197004531250002 0.5925313703125 0.11749395625 0.5931569703124999 0.163363115625 0.59398954375 0.170752865625 0.59670634375 0.1752652046875 0.600256578125 0.17715149375 0.644041728125 0.176869740625 0.645639503125 0.1676632203125 0.6459377453124999 0.14447217031249998 0.6453112859375 0.1086188171875 0.6427243234375 0.10147224531250001 0.6366700390625 0.0971846859375 0.6306572140625 0.09526977187499999 0.6083133734375 0.094746465625 0.6013096390625 0.096510071875 0.5941806734374999 0.1011715375 0.592842571875 0.1051095953125 0.593490034375 0.11197004531250002
1 0.6783297187499999 0.10610331718749999 0.6784863328124999 0.11506665468749999 0.6771390203125 0.11847745624999999 0.677688890625 0.1298175328125 0.676674090625 0.142193715625 0.6767737109375 0.1680251328125 0.6779396578125 0.17436446249999998 0.6808231453125 0.17835159218750002 0.6924647546875 0.18033193593750002 0.7179839984374999 0.1814192984375 0.72570975625 0.1807183828125 0.728464265625 0.1773239390625 0.7308255203125 0.17155275781249998 0.7313218328125 0.15969769375 0.728525559375 0.11037684218749999 0.7275815734375 0.1066758328125 0.7263272453125 0.1053433828125 0.7170837375 0.0997008765625 0.6919162953125 0.098617603125 0.6834961515625 0.0998375953125 0.6783297187499999 0.10610331718749999