3 1 0.2980212515625 0.9336526328125 0.2969458234375 0.8987860078125 0.2718034109375 0.84032511875 0.210025425 0.8014353328125001 0.208609509375 0.849297134375 0.3068301140625 0.742164240625 0.321672503125 0.5952546671875 0.321255565625 0.3596285078125 0.305902309375 0.1577514890625 0.2838201640625 0.0217604875 0.26637292968750004 0.0121460765625 0.260781128125 0.023491106249999998 0.50436346875 0.029895154687499998 0.6043481093749999 0.0314122390625 0.6045619796875 0.21654671093750003 0.596012428125 0.435785109375 0.5862714984374999 0.6500156375 0.5704621875 0.7618810234375 0.542967840625 0.8815281531249999 0.536012878125 1 0.558990459375 1 0.2980212515625
4 0.627653690625 0.19248270781250001 0.754497371875 0.182501315625 0.84246991875 0.20023870625 0.84916945 0.1750314890625 0.5413121203125 0.185787571875 0.246837546875 0.189139046875 0.13346495625000002 0.19310011875 0.159219771875 0.1769389203125 0.30791710625 0.0898868578125 0.3065871265625 0.0691222625 0.246373740625 0.080937853125 0.1747985640625 0.1028622328125 0.015695387499999998 0.18275168749999998 0.0087817421875 0.188547540625 0.0098604234375 0.211707253125 0.473069278125 0.202045784375 0.4736732078125 0.25474596875 0.37786715000000004 0.27335481562499997 0.3408391 0.3010090421875 0.6668834546875 0.31459083906249996 0.7967936484375 0.2947905234375 0.6402401671875 0.2447641578125 0.627653690625 0.19248270781250001
4 1 0.5689016265625 0.99904945 0.5679792421875 0.8182485828124999 0.5576474218749999 0.537529696875 0.5882662703125 0.242541625 0.612446709375 0.030402759374999998 0.6122731828125 0.0386481265625 0.741005821875 0.8134936953125 0.9820230343749999 1 0.9755067765625001 1 0.5689016265625
3 0.0411853046875 0.7806180687500001 0.055227117187499994 0.9998489890625001 0.5509392 0.991196303125 0.7229294484375 0.985187215625 0.41246691406249997 0.9145129031250001 0.0411853046875 0.7806180687500001
0 1 0.11776735468749999 0.99329400625 0.013068546875 0.9418998421874999 0.0134036921875 0.9013110765624999 0.0185597875 0.891609315625 0.0226367390625 0.87655799375 0.0431875265625 0.8699897968749999 0.057300953125 0.869283053125 0.06293262187500001 0.866856971875 0.0676453671875 0.8640292640625 0.0697911546875 0.8593798406250001 0.0694196 0.8569356828125001 0.06736900312500001 0.8536892875 0.06668143125 0.8420211406250001 0.0761670640625 0.8469292718749999 0.11390942343749999 0.8443414609375001 0.12628178750000002 0.8448772984374999 0.13187004062500002 0.8439792859375 0.142848371875 0.8442418421875001 0.1580581359375 0.843180075 0.163702209375 0.8471800125 0.20948626718750002 0.8492245625000001 0.2219637828125 0.8518495328125001 0.22961503749999998 0.8562053093750001 0.2337348359375 0.86138726875 0.234087784375 0.8653574703125001 0.22941008906250002 0.87081601875 0.2257483890625 0.8724273828125 0.2203521140625 0.8990538390625 0.233305765625 0.9031842156250001 0.24223941875000002 0.9050066734375 0.2651376515625 0.908744325 0.28182799375 0.9139364703125 0.285117571875 0.9220268687500001 0.2864369 0.9302163421874999 0.28374778125 0.9311960953125 0.28237855624999997 0.9348013609375 0.26089268125 0.933978753125 0.25638244062500004 0.9343202890625 0.24782654375000002 0.93688058125 0.24613509687500001 0.947073871875 0.244176965625 0.9599058906250001 0.2445296296875 0.9864814281250001 0.242800121875 0.994394315625 0.24412565000000003 0.9987467875 0.24263858749999997 1 0.2427351640625 1 0.11776735468749999
0 0.1289347796875 0.03406453125 0.127204246875 0.023712037499999998 0.11677297499999999 0.0045855703125000005 0.0706113078125 0.0061983906249999995 0.0911658328125 0.03324813125 0.09001187187500001 0.0402304203125 0.0911383140625 0.0439290484375 0.0935995328125 0.046246046875 0.097040503125 0.0471938203125 0.10552693124999998 0.04636331875 0.10896459843749999 0.04170423125 0.113798415625 0.039399353124999995 0.1262993546875 0.037360596875 0.1289347796875 0.03406453125
0 0.1490523125 0.0034577781250000003 0.1174812609375 0.0045608234375 0.11910724218749999 0.0111789859375 0.1265624546875 0.0248024546875 0.12939218125000002 0.03565054375 0.129207790625 0.038326975 0.130627884375 0.038277359375 0.136076246875 0.031679028125 0.150639071875 0.028500234375 0.15204898125 0.0255139875 0.15219594218750002 0.0166978875 0.1490523125 0.0034577781250000003
0 0.0037555765625 0.010136225 0.000487753125 0.010472265625000001 0.0028292609375 0.060745359374999995 0.0043417875 0.058175546875 0.007595064062499999 0.056192889062499994 0.0127428984375 0.05601303125 0.0153953890625 0.0529833671875 0.017440482812499998 0.037692978125 0.017461121875 0.029682290625000003 0.013914467187499998 0.021529240625 0.0037555765625 0.010136225
0 0.0431177359375 0.0608257546875 0.069300821875 0.05296898437499999 0.07282380468750001 0.0496419109375 0.0755173 0.044474825 0.0760534109375 0.036179126562500004 0.0722202578125 0.015220139062499999 0.07034964375 0.0110135125 0.065317946875 0.007451329687499999 0.061902334375 0.00650266875 0.0012441125 0.008621978125 0.016129921875 0.02278683125 0.0179152203125 0.0256614421875 0.0197993234375 0.0384115609375 0.0179592578125 0.0430148328125 0.016996296875 0.0585344125 0.019686215625 0.0616444171875 0.02595030625 0.062226554687500005 0.034477740624999996 0.059258629687499995 0.0402946140625 0.061191389062500004 0.0431177359375 0.0608257546875
0 0.3798917171875 0 0.38183365937499997 0.046588526562499996 0.40239417343749995 0.0509431515625 0.425757440625 0.0490588765625 0.42684315 0.041010978125 0.4252824765625 0 0.3798917171875 0
1 0.4523274984375 0.1527941265625 0.45361769374999994 0.1618270125 0.4556828828125 0.16629383749999999 0.46421361875 0.16893277499999998 0.5069427046875 0.1666388859375 0.5099092109375001 0.16573424375 0.5125275734375 0.162171778125 0.5134049484375 0.159204134375 0.5132480765625 0.1511996484375 0.510777490625 0.10429416093749999 0.50911190625 0.0894004171875 0.50108288125 0.0918169296875 0.4594359265625 0.094340009375 0.45128058125 0.0975619328125 0.448959171875 0.1029830171875 0.4523274984375 0.1527941265625
1 0.53927153125 0.101963628125 0.5385647875 0.107595296875 0.5413562703125 0.1539555734375 0.542544084375 0.16139004375 0.5454968328125 0.165825859375 0.5491665046875001 0.1675666375 0.593315684375 0.165223134375 0.5944935874999999 0.15583701875 0.5937020734375 0.1323687703125 0.59138148125 0.09613799843750001 0.5884356140625 0.089031953125 0.5821272109375 0.0849803765625 0.5759723765625 0.08332642343749999 0.55341135 0.0838476734375 0.5464303328125 0.08596057343749999 0.5394594968749999 0.09101010468750001 0.5382953515625 0.0950557625 0.53927153125 0.101963628125
1 0.6245659515625 0.09204159375 0.6251461 0.1010992875 0.6239478296875001 0.1046121390625 0.62503656875 0.1160550515625 0.6245959578125 0.12861939375 0.6259131265625 0.154739265625 0.6273877125 0.1610957203125 0.6304838453125 0.164992528125 0.642319046875 0.1664480171875 0.6681094078125 0.1663479359375 0.6758687234375 0.165275840625 0.6784870859375001 0.16171337187499998 0.6805968578125 0.155765684375 0.6805390609375 0.1437527515625 0.67539561875 0.094003665625 0.6742691765625 0.0903050359375 0.67294128125 0.0890164375 0.6633523546875 0.08374448281249999 0.63791701875 0.083832159375 0.62948178125 0.0854618671875 0.6245659515625 0.09204159375