2 0.636305184375 0.8104350874999999 0.792634225 0.8333866953125 0.8285578765625001 0.826829040625 0.8006831578125 0.7997057640625 0.6338310218750001 0.7768391921875 0.636305184375 0.8104350874999999
2 0.8038166890625 0.672623775 0.8108100609375001 0.6597476437500001 0.7744575140625 0.64351833125 0.6911963984375 0.637354 0.6974641171875 0.6558205796875 0.7055791171875 0.6605979734375 0.8038166890625 0.672623775
4 0 0.95457028125 0.044197285937500004 0.961553240625 0.051069715625 0.9539008953125 0.090984909375 0.95671204375 0.11948629375 0.9402435515625 0.1262487578125 0.9290785703125 0.15438731249999998 0.9282814328125 0.16072088125 0.8943294843749999 0.1737839875 0.8754218187499999 0.20525427812500002 0.8629176624999999 0.2449056359375 0.8936492218750001 0.29349664375 0.9100645234375 0.316291121875 0.8839562125 0.3540291328125 0.8899186374999999 0.357426934375 0.9166699406250001 0.3700942875 0.9396428968749999 0.42732796406249995 0.9049947625 0.47426945781249996 0.868720515625 0.4867717515625 0.8409860890624999 0.5799620062499999 0.7735710390625 0.6036471999999999 0.766827396875 0.61110239375 0.750528971875 0.629608134375 0.587427834375 0.6467286328124999 0.5254704375 0.6300697375000001 0.4931286828125 0.6331705609375 0.4831328109375 0.577322128125 0.4166372 0.456553696875 0.3119224421875 0.4298335265625 0.2762434234375 0.3776138046875 0.2347879671875 0.336840821875 0.1864028828125 0.23151066562499997 0.0841273 0.1682070375 0.0339301140625 0.1420739953125 0.0074457828125 0.049797978124999996 0.0026098015625 0 0.3716352125 0 0.95457028125
4 0.6374593 0.6201256390625 0.6323463515625 0.6839801703124999 0.6818939234375 0.6673416109375 0.7464508765625 0.6303552609375 0.7588212515625 0.6165810421875 0.7640002703125 0.5911848328125 0.7497494687499999 0.553980653125 0.701521290625 0.521893996875 0.6694241171875001 0.48711306875 0.6532931125 0.4898073390625 0.6513139109375 0.5174567328124999 0.6597588140624999 0.5327720375 0.6374593 0.6201256390625
3 0.6750150984375 1 0.6952875875 0.9316024171875 0.7191044796875 0.8200217171874999 0.6433975515625 0.8098080171875001 0.6270685578124999 0.788004171875 0.5929592625 0.807081903125 0.478426059375 0.9287966984375 0.41680508906249997 0.9959566499999999 0.4162594609375 1 0.6750150984375 1
3 0.5852391421875 0.3969164765625 0.60390994375 0.2845227203125 0.590582784375 0.2404739453125 0.5341076890625 0.2175701015625 0.4962377625 0.22556788437500003 0.4949512921875 0.2480838328125 0.47835846406250004 0.2542004 0.4795790828125 0.2841029828125 0.5502720578125 0.370420271875 0.574946959375 0.3952903609375 0.5852391421875 0.3969164765625
1 0.3519534734375 1 0.34657415468749997 0.9970939171875 0.339349653125 0.920804340625 0.32278975 0.9007116453125 0.3139820203125 0.901067696875 0.31236564843750003 0.9130457359375 0.293925540625 0.9328514921875 0.2733411703125 0.929599259375 0.2683269953125 0.9148259968750001 0.2197359890625 0.89841069375 0.2054522625 0.887415778125 0.1826907109375 0.887314825 0.1737510625 0.9016310843750001 0.179688878125 0.9095597546875 0.17863331875 0.9303645546875 0.170287409375 0.927298309375 0.11796891406250001 0.9644706484375 0.091083903125 0.9689610999999999 0.28753860468750003 1 0.3519534734375 1
1 0.7158054515625001 0.71464261875 0.7089769203125 0.687349275 0.6934396515625 0.67266104375 0.665762915625 0.6700358843750001 0.628783703125 0.6973983375 0.622681046875 0.7296391390625 0.62677158125 0.7512569984375 0.690701871875 0.7578624140625 0.7026104265625001 0.7475104906250001 0.7077894453125 0.722114284375 0.7158054515625001 0.71464261875
1 0.363626621875 0.07878651875 0.3453513546875 0.058422803125 0.32522880625 0.051748274999999996 0.311077 0.0267931515625 0.2869920953125 0.015040618750000002 0.23748415625 0.0124460171875 0.26162841875 0.05568076875 0.43959782187499996 0.2428335125 0.4641737328125 0.25545454375 0.4865063890625 0.2327685296875 0.49178439999999995 0.21962138125 0.4875619484375 0.21196372968750002 0.43168059062499997 0.1716773828125 0.363626621875 0.07878651875
1 0.35782072343750004 0.0568976421875 0.35963508125 0.06941771875 0.3768877140625 0.0843769703125 0.392853878125 0.121852171875 0.4363648609375 0.1759127375 0.4711010390625 0.20412009062499997 0.49933858593749997 0.21557201250000002 0.5546920562500001 0.2208223328125 0.569338609375 0.2161458921875 0.567986075 0.20020351875000003 0.5569021671875001 0.191461790625 0.5042864734375 0.10101009999999999 0.50191130625 0.0796632625 0.47199131875000006 0.041731056249999995 0.4471844984375 0.030821171874999997 0.3858602875 0.043851446875 0.35782072343750004 0.0568976421875
1 0.732925078125 0.2891778109375 0.8676141906250001 0.32968198593750003 0.939791396875 0.3271045875 0.9918175015624999 0.33362202500000004 0.9985510265625 0.1022057578125 0.5716253250000001 0.0347535453125 0.5482590609375 0.0607715171875 0.5570009406249999 0.1128339953125 0.6083960140625 0.1733831046875 0.6172698109375 0.211485375 0.651379325 0.283284496875 0.6886555140625 0.29266921875 0.732925078125 0.2891778109375
1 0.713264784375 0.46083469218750006 0.7037643234375001 0.4663241875 0.6992780375 0.4865869515625 0.7255363874999999 0.5256882671875001 0.7523884734374999 0.5474070796875 0.7555553671874999 0.5758695312500001 0.7728080015625001 0.59082878125 0.791907915625 0.59209884375 0.8065544687499999 0.58742240625 0.8224874906249999 0.5602300171875 0.8721669796875 0.5296312546874999 0.9024495765625 0.46101525 0.87160595 0.4299276390625 0.8384532171875 0.41595151093749994 0.7786463859375 0.4047546875 0.747637915625 0.4138365484375 0.723820803125 0.43454039375000003 0.713264784375 0.46083469218750006