2 0.6578599140625 0.68356185 0.8023535546874999 0.6794513828125 0.83379704375 0.6677808109375001 0.8046059296875001 0.6476354015625 0.6506284046874999 0.653500209375 0.6578599140625 0.68356185
2 0.7885253421875 0.53193116875 0.7929206625 0.5191437921875 0.7576996609375 0.51022545 0.6816437234375 0.517908075 0.6900476359375001 0.533649753125 0.6980818203125 0.5366872125000001 0.7885253421875 0.53193116875
4 0.008660159375 0 0.0230846421875 0.4956365421875 0.0460205453125 0.9880795578124999 0.056437273437500005 0.9864029999999999 0.054664059375 0.980078609375 0.06831218125 0.9575967578125001 0.08737238281250001 0.9572641281250001 0.08718751875 0.9509120187500001 0.10610907031250001 0.9458153078124999 0.11685779062499999 0.9329170546875 0.141947878125 0.9213573593750001 0.15106203125 0.9068987999999999 0.1875016515625 0.9030852062499999 0.21077230781249998 0.8836130921875001 0.21521384375000002 0.8724137453124999 0.24048879531249998 0.8672061578125 0.24115282031250002 0.8354178921875001 0.2501283265625 0.8161952515625 0.27666811406249997 0.7998437546875 0.3170238953125 0.8213831578124999 0.363317128125 0.8285194390624999 0.38000330312499997 0.8012180656250001 0.4149470046875 0.800608246875 0.42199365 0.8243177765624999 0.4368433953125 0.8431246343750001 0.4833384921875 0.8025923796875001 0.5203034875 0.7622264390625 0.5274595609375 0.73509138125 0.6015282015625 0.659123584375 0.6218994546875 0.6492350734375 0.626202340625 0.63327164375 0.6186350953125 0.4824644953125 0.62486684375 0.4235688921875 0.605020965625 0.396905059375 0.60633201875 0.3873491765625 0.546037928125 0.3359698875 0.421470375 0.260290925 0.3920481828125 0.23220537812500003 0.33875452031250003 0.2029475921875 0.2947598765625 0.16558335625 0.1844874734375 0.089654921875 0.1198904953125 0.05423906093750001 0.0446583421875 0 0.008660159375 0
4 0.6305854375 0.5108549515624999 0.635472140625 0.5695565203124999 0.6777105671875 0.5465757234375 0.7304666296875 0.5027565375 0.7395807828125001 0.48829797812500003 0.7404758890625 0.4644498515625 0.7220797125 0.43299421718750003 0.6737821828125 0.411593409375 0.6396411546875 0.385179046875 0.625484653125 0.3901926015625 0.6278124625 0.4155733171875 0.6377122921875 0.4281112203125 0.6305854375 0.5108549515624999
3 0.4876073859375 0.8946702375 0.5409934796875 0.9271040781250001 0.554670821875 0.960230896875 0.5563577984375 0.9821980187499999 0.70509980625 0.9770038328125 0.7291168078125 0.7840036687499999 0.7340082859375 0.679055278125 0.664167096875 0.681862946875 0.6461868671875 0.6646995578125 0.61824359375 0.6874308828125 0.532993290625 0.8160253296875 0.48737630468750004 0.8867301015625 0.4876073859375 0.8946702375
3 0.5502483828125 0.3168304015625 0.5503748093749999 0.21196516718749997 0.53179376875 0.174157425 0.4774201359375 0.1623956578125 0.4444345140625 0.1756819765625 0.4466236765625 0.1962986109375 0.43255960625 0.20448821874999998 0.438110334375 0.23140152343749998 0.5147500875000001 0.298383896875 0.5407182828125 0.316996715625 0.5502483828125 0.3168304015625
1 0.380465465625 0.8170983390625001 0.38078897968750003 0.8282145296874999 0.367094640625 0.84910835625 0.3480344390625 0.849440984375 0.341311309375 0.83684764375 0.2950180765625 0.8297113609375 0.2804918421875 0.822020696875 0.25993572343750004 0.8255570999999999 0.2539982703125 0.8399602234374999 0.260536534375 0.8462014546875001 0.2626794796875 0.8652300625 0.254691515625 0.8637806296875 0.2130076859375 0.9058177546874999 0.1846946796875 0.9158448609375001 0.1723576109375 0.9287708328125 0.1549781921875 0.932251796875 0.1443219046875 0.9483261031250001 0.092830678125 0.981001378125 0.0901756359375 0.990580715625 0.5422123171875 0.9826919890625 0.5473734765625 0.9825117578125001 0.5467752875 0.9619575203125 0.5314171640625001 0.9256823656250001 0.5087180984375 0.9101901609375 0.44663379531249997 0.9065071250000001 0.4241658140625 0.8989550562499999 0.4062950140625 0.8309470765625001 0.3883610015625 0.815371715625 0.380465465625 0.8170983390625001
1 0.715351809375 0.5840508359375 0.7051284640625 0.5603967437499999 0.6889214499999999 0.54955774375 0.6635540640625 0.551589278125 0.6342535203125 0.5822884578124999 0.6335432796875 0.61248869375 0.640451275 0.6314341437500001 0.699127796875 0.62723248125 0.708334384375 0.6159499765625001 0.7092294890625 0.5921018484375 0.715351809375 0.5840508359375
1 0.16390749531249998 0 0.1692387796875 0.002535178125 0.1711506421875 0.013623650000000001 0.20743461562499999 0.05906661875 0.39588890625 0.20036167656249998 0.4199452390625 0.2078860265625 0.4367238453125 0.183760709375 0.43953081406249994 0.1710010515625 0.4345809 0.1647321015625 0.3781567546875 0.13711778125000001 0.3029204859375 0.0637555796875 0.2833981234375 0.0482079375 0.2642454890625 0.045364512499999995 0.247761175 0.0249973484375 0.201283078125 0.011508959374999999 0.179922325 0 0.16390749531249998 0
1 0.294424140625 0.04483785 0.2979243546875 0.055898601562500004 0.31571971875 0.06670988125 0.3357042453125 0.098137796875 0.38301423749999997 0.14021067812500002 0.41855875156250005 0.1602452109375 0.44574556718749997 0.16612609375 0.4964803390625 0.162063028125 0.509002271875 0.1554891671875 0.5054096265625 0.141252359375 0.4941063109375 0.13509428437499998 0.43316519218750005 0.0614826125 0.4278455484375 0.04250944375 0.3952004359375 0.012891307812499999 0.3711903203125 0.0069549859375 0.3177872296875 0.0285417890625 0.294424140625 0.04483785
1 0.47820512031250006 0 0.46686105624999996 0.01799605625 0.482496478125 0.063799375 0.53788686875 0.110497740625 0.5515642109375001 0.14362455937500002 0.5930291828125 0.20327661406250003 0.628065315625 0.20584284843749998 0.6674967703125 0.1956217078125 0.79507315625 0.21087247812499998 0.8598257796875 0.19703177656249998 1 0.190058146875 1 0 0.47820512031250006 0
1 0.6752950984375 0.3543689921875 0.6675382109375 0.360859696875 0.6665044578125 0.3799437421875 0.696019084375 0.411205340625 0.723483196875 0.4266143875 0.7305760593749999 0.45191194843750004 0.7483714234375001 0.46272322812500005 0.7657970578125 0.46083029218749993 0.7783189953125 0.45425642968749996 0.78865176875 0.42706593125000003 0.8289321125000001 0.3914086359375 0.8460512296875 0.3243788640625 0.813590984375 0.3011128375 0.781592903125 0.293727084375 0.7259544328125 0.2931092265625 0.6993222109375 0.30628466875 0.6809090375 0.328849678125 0.6752950984375 0.3543689921875