4 0.4984375 0.5984375 0.5171875 0.621875 0.590625 0.6640625 0.8296875 0.8421875 0.9921875 0.9546875 0.9984375 0.95 0.9984375 0.1046875 0.975 0.08125 0.971875 0.0640625 0.9765625 0.053125 0.9703125 0.0515625 0.96875 0.0640625 0.9390625 0.0671875 0.9390625 0.0890625 0.9140625 0.1234375 0.8765625 0.134375 0.840625 0.1203125 0.8375 0.1140625 0.809375 0.11875 0.796875 0.1140625 0.7984375 0.10625 0.784375 0.096875 0.7671875 0.1015625 0.740625 0.1296875 0.728125 0.128125 0.7171875 0.11875 0.715625 0.1015625 0.7046875 0.0828125 0.6890625 0.08125 0.6328125 0.146875 0.5953125 0.1796875 0.5546875 0.2390625 0.490625 0.2984375 0.4703125 0.3078125 0.4609375 0.3234375 0.4578125 0.38125 0.4390625 0.425 0.4421875 0.540625 0.4484375 0.559375 0.465625 0.58125 0.4984375 0.5984375
4 0.4046875 0.578125 0.4203125 0.653125 0.434375 0.6546875 0.4453125 0.6390625 0.4453125 0.61875 0.4359375 0.6015625 0.43125 0.4234375 0.3859375 0.4296875 0.3640625 0.4390625 0.3328125 0.46875 0.33125 0.4859375 0.3625 0.540625 0.3859375 0.55 0.4046875 0.578125
2 0.3203125 0.30625 0.2859375 0.2984375 0.2578125 0.3125 0.2703125 0.321875 0.3 0.334375 0.415625 0.328125 0.40625 0.309375 0.3203125 0.30625
2 0.3015625 0.428125 0.284375 0.4375 0.321875 0.453125 0.40625 0.44375 0.359375 0.428125 0.3015625 0.428125
1 0.7640625 0.0890625 0.7875 0.090625 0.8015625 0.103125 0.8421875 0.103125 0.8484375 0.1125 0.8625 0.1109375 0.8875 0.1265625 0.921875 0.1078125 0.9265625 0.0875 0.9203125 0.0765625 0.965625 0.0296875 0.96875 0.01875 0.9296875 0.0078125 0.8171875 0.0078125 0.7984375 0.0171875 0.796875 0.0359375 0.778125 0.0546875 0.7640625 0.0453125 0.7625 0.015625 0.7296875 0.009375 0.7234375 0.0125 0.7140625 0.040625 0.7109375 0.0640625 0.728125 0.115625 0.746875 0.121875 0.7640625 0.0890625
1 0.603125 0.8765625 0.6015625 0.8953125 0.6125 0.903125 0.61875 0.9234375 0.6953125 0.9984375 0.8421875 0.9984375 0.8421875 0.98125 0.834375 0.9703125 0.6921875 0.8359375 0.6703125 0.825 0.6421875 0.8234375 0.628125 0.8140625 0.5734375 0.8359375 0.575 0.8515625 0.5671875 0.86875 0.575 0.875 0.603125 0.8765625
1 0.728125 0.8734375 0.7796875 0.9140625 0.7921875 0.934375 0.809375 0.9421875 0.825 0.959375 0.840625 0.959375 0.85625 0.9703125 0.8609375 0.9609375 0.875 0.9625 0.8796875 0.99375 0.884375 0.990625 0.8875 0.96875 0.878125 0.9265625 0.859375 0.921875 0.6953125 0.784375 0.6734375 0.7734375 0.6421875 0.8109375 0.640625 0.8171875 0.665625 0.81875 0.6953125 0.8375 0.728125 0.8734375
1 0 0.9984375 0.621875 0.9984375 0.6234375 0.9796875 0.609375 0.946875 0.5859375 0.91875 0.5734375 0.9140625 0.5671875 0.9 0.5421875 0.8875 0.521875 0.8546875 0.521875 0.821875 0.4734375 0.7796875 0.4390625 0.7796875 0.415625 0.7875 0.4109375 0.7828125 0.38125 0.7828125 0.3515625 0.7671875 0.2640625 0.759375 0.0046875 0.775 0 0.7765625 0 0.9984375
1 0.3203125 0.65625 0.3328125 0.640625 0.36875 0.634375 0.3921875 0.615625 0.3984375 0.59375 0.38125 0.559375 0.346875 0.5296875 0.3390625 0.5140625 0.3171875 0.5 0.3109375 0.5140625 0.2703125 0.55 0.2515625 0.5578125 0.2390625 0.603125 0.2375 0.61875 0.2515625 0.646875 0.303125 0.6578125 0.3203125 0.65625
1 0.428125 0.4078125 0.446875 0.3859375 0.4515625 0.3484375 0.446875 0.3265625 0.4125 0.3171875 0.3921875 0.31875 0.378125 0.325 0.3578125 0.3484375 0.3625 0.4 0.3921875 0.4234375 0.403125 0.4234375 0.428125 0.4078125
3 0.515625 0.2296875 0.553125 0.196875 0.58125 0.184375 0.6859375 0.075 0.7046875 0.0359375 0.7 0.0171875 0.6921875 0.0140625 0.6765625 0.0203125 0.6515625 0.00625 0.384375 0.00625 0.34375 0.259375 0.3453125 0.3015625 0.4390625 0.3171875 0.4515625 0.3125 0.515625 0.2296875
3 0.621875 0.8203125 0.6375 0.78125 0.65 0.76875 0.6390625 0.7421875 0.540625 0.65625 0.528125 0.653125 0.525 0.6640625 0.5234375 0.7671875 0.53125 0.7859375 0.5796875 0.825 0.621875 0.8203125