4 0.9400837171875001 1 0.9969131687499999 0.5596783390625 0.9993574890625 0.13953525312499998 0.9905136593750001 0.139124903125 0.9875353046875001 0.1622015734375 0.956406040625 0.1944449234375 0.915243378125 0.1999532796875 0.8791376109375 0.179339546875 0.8766824453125001 0.1722437140625 0.8462891125 0.1726662296875 0.8337028375 0.16571123593749998 0.836419596875 0.15772081875 0.8228184781250001 0.145569575 0.803996578125 0.1477508359375 0.7720652125 0.173149603125 0.75905345625 0.169491275 0.7487584609375 0.1578425296875 0.7494455359375001 0.13945961406250001 0.740426978125 0.117920865625 0.7241090984375 0.113760040625 0.655663803125 0.1739450796875 0.611522784375 0.20253010468750002 0.56045906875 0.2586343015625 0.48459942343750007 0.310969759375 0.46183318125 0.317593521875 0.4497874125 0.3325693640625 0.43860992187500003 0.3930552046875 0.4128164671875 0.43619355468750004 0.40037985468750004 0.5586727328125 0.40443922499999996 0.57945773125 0.41964455 0.6052981421875 0.45201871406249994 0.62870604375 0.46866436250000004 0.6564460359375001 0.5406142984375 0.7127597515625 0.7692804453125001 0.9391108921875 0.8351274921874999 1 0.9400837171875001 1
4 0.3395931875 0.5595177640625 0.355600615625 0.5922027578125 0.36191973125 0.673835259375 0.3765845484375 0.6777448359375 0.3902833765625 0.66302024375 0.39304899375 0.641591909375 0.3854707578125 0.62195274375 0.40476389687500003 0.43328897499999997 0.3559741421875 0.43259608437499997 0.3315548390625 0.4389685984375 0.2944515453125 0.465261953125 0.29045834843749996 0.4831423703125 0.31607369687500003 0.545859028125 0.3395931875 0.5595177640625
2 0.4012103984375 0.33022813906250004 0.3938449046875 0.3089406421875 0.303351978125 0.2918252703125 0.26804831406249996 0.27805612343749997 0.23637854374999998 0.2883686390625 0.2483266015625 0.300268634375 0.278032859375 0.3182290359375 0.4012103984375 0.33022813906250004
2 0.2850075109375 0.4470198734375 0.37554929062500003 0.45069732343749996 0.32808483125 0.4266765140625 0.266921540625 0.4173802953125 0.24746142343750002 0.42450655625 0.2850075109375 0.4470198734375
1 0.749592103125 0.0991458609375 0.7607553734375 0.156304609375 0.7797411578125 0.1659129328125 0.8023923703125 0.13406166875 0.8269755609375 0.1394787390625 0.8401512 0.15492665 0.883130809375 0.16145912812500002 0.8884666187500001 0.172354125 0.9035569156250001 0.172967034375 0.927878509375 0.19347035625 0.9667987484375 0.179217834375 0.9745235484375 0.1585432453125 0.9694004796875 0.14599991406249999 0.9994556015624999 0.1226712203125 0.999664675 0.086734396875 0.8485457593750001 0.06376580781249999 0.8443398203125 0.083294559375 0.8219502000000001 0.100059571875 0.8083490812499999 0.087908328125 0.8106123390625 0.058000300000000005 0.767545725 0.0514545984375 0.756089321875 0.07492335624999999 0.749592103125 0.0991458609375
1 0.6965735390625001 1 0.6246619578125 0.9104076328125 0.6030082671875 0.8953518109375 0.57346589375 0.8891809921875 0.559864775 0.8770297499999999 0.49902925312499996 0.8913126968749999 0.49855491875 0.9080472828125 0.48794947187500004 0.9249227046874999 0.4953638234375 0.9327722859375 0.5249061984375001 0.938943103125 0.5207002609375 0.9584718578125001 0.5312079953125 0.96847226875 0.5350546265625 0.9909056015625 0.54209575625 1 0.6965735390625001 1
1 0.7645930328125 1 0.634988490625 0.8565151249999999 0.613334803125 0.841459303125 0.5751678109375 0.875994325 0.5726637921875 0.8823364093749999 0.5989000421874999 0.8880047296875 0.627755340625 0.912558465625 0.6575766296875 0.9557463671875001 0.6999890234375 1 0.7645930328125 1
1 0.5130897484375 1 0.5009785453125 0.9806843687500001 0.48839226875 0.9737293765624999 0.483694678125 0.9578893781250001 0.45894760625000003 0.9406827203124999 0.44192533437500003 0.902801478125 0.44639286875 0.8681864734375001 0.4008919203125 0.8158927453124999 0.36452456093749996 0.8103652640625001 0.3386649328125 0.814838196875 0.334343965625 0.8091394484375 0.3029357890625 0.8043657156249999 0.273655009375 0.7831086453125 0.1821472421875 0.7607970265625 0 0.74418258125 0 0.9431959203125 0.3737352484375 1 0.5130897484375 1
1 0.17697222031249998 0.5919436859375 0.17319176249999998 0.6081757734375 0.1842400046875 0.6401070171875001 0.2373018703125 0.6599365734375 0.25569828906250003 0.66105198125 0.27105018125 0.6465786390625 0.30992156406250004 0.645764034375 0.33727036875 0.6297527703125 0.346860971875 0.607681096875 0.3333575640625 0.56865401875 0.30103225624999996 0.5318082015625001 0.29489434375 0.5140686203125 0.273666134375 0.49571613125 0.26513922968750003 0.5095461359375 0.21726660781249998 0.5409253281249999 0.196366165625 0.54615200625 0.17697222031249998 0.5919436859375
1 0.42640026718749996 0.3962414609375 0.43646520625 0.3574352046875 0.4344843765625 0.3336047875 0.3993934515625 0.31818730624999997 0.377690909375 0.3165694 0.36196239375 0.3209014921875 0.3372814921875 0.34236025625 0.33522026875 0.397509009375 0.36343735 0.42700774687500004 0.3750087828125 0.4287664890625 0.4035851703125 0.4163031421875 0.42640026718749996 0.3962414609375
3 0.7216539328125 0.10666420937500001 0.74680916875 0.0684708609375 0.744402859375 0.0479371109375 0.727872240625 0.045424620312500004 0.7191814515625 0.047465040624999996 0.7137293765625 0.04327504375 0.5305813109375 0.0154383390625 0.40420983593750004 0.0117613046875 0.334530096875 0.246144003125 0.33043918906249997 0.29090025625 0.42749550625 0.322458540625 0.44135821875000003 0.3195235328125 0.520408959375 0.242463071875 0.564549978125 0.21387804687499998 0.596007009375 0.2052138640625 0.7216539328125 0.10666420937500001
3 0.5891770921874999 0.832745565625 0.581222234375 0.80296515 0.48878001718749997 0.6964781125 0.4759810015625 0.69117145 0.47118570000000004 0.7022072875 0.4554918203125 0.81074605 0.4612042515625 0.8317822984375001 0.5071306796874999 0.8807793609375001 0.55240156875 0.8826180875 0.5742506796875 0.843922240625 0.5891770921874999 0.832745565625