4 0.9472512312499999 0.633590621875 0.9339637984375001 0.6131992 0.8908189328124999 0.57916765625 0.8730420625 0.5750563671875 0.845948271875 0.5437748499999999 0.8340401203125 0.5357978171875 0.8198872500000001 0.53596085 0.7453332609375 0.47432299687499996 0.698566090625 0.42186040625 0.6870027578125 0.41698696875 0.624694965625 0.423056646875 0.596390915625 0.40922598906249996 0.5684299953124999 0.41265565468750004 0.5403051328124999 0.3437498953125 0.5120010859375 0.3299192375 0.4198189171875 0.4639160453125 0.1352770484375 0.9960888109375 0.5271780546875 0.9824033265625 0.9674096546875001 0.9284048671875 0.974662734375 0.8944833375 0.92185613125 0.8301779671875 0.9246231625 0.7842231203125001 0.9027186140625 0.6579283140625 0.917045590625 0.6451603546875 0.9463874875 0.6399883546875 0.9472512312499999 0.633590621875
3 1 0.357248071875 0.99406414375 0.30382163906250004 0.76382179375 0.3006040546875 0.73171964375 0.2951040015625 0.6972003625000001 0.2961922171875 0.694783234375 0.302780484375 0.698228046875 0.3621299078125 0.6966712734375 0.39063389531250003 0.690111221875 0.402449171875 0.72290131875 0.42831314374999996 0.740160959375 0.4277690359375 0.7525863421875 0.4404014671875 0.7667392125 0.44023843281249997 0.7828466281249999 0.4529435421875 0.788483209375 0.465884365625 0.8150614624999999 0.47835376093750004 0.841981146875 0.52224020625 0.8918567812499999 0.5601649984375 0.90083226875 0.555918178125 0.914466215625 0.565256475 0.917571290625 0.579032125 0.9532957468750001 0.602963225 0.9676210296875001 0.604351990625 0.9736604625 0.6161947703124999 0.9964440015625 0.6086813203125 1 0.613309603125 1 0.357248071875
1 0.6176193765625 0.416059803125 0.6813081453125001 0.4082477875 0.6768271765625 0.35374429687500003 0.655774515625 0.32014883437499997 0.6186656968750001 0.32627351875 0.5924271796875 0.35937789531250003 0.5939771765625 0.3875008078125 0.6176193765625 0.416059803125
2 0.6678635484375001 0.2588940421875 0.671823896875 0.3370555859375 0.6883888140625001 0.372774459375 0.69581430625 0.340404728125 0.6790854484375 0.23235043125 0.6678635484375001 0.2588940421875
2 0.5587682546875 0.3823818296875 0.5730935359375 0.38377059375 0.5703434453125 0.28815819062500003 0.5563663734375 0.26155957343749997 0.551187296875 0.2716325125 0.5520442625 0.3218616796875 0.5587682546875 0.3823818296875
3 0.3640610125 0.5431107984375 0.36544368125000004 0.5272117359374999 0.3102131703125 0.5261215359375 0.2513569671875 0.5349137374999999 0.20612962812500002 0.595514409375 0.20008680625 0.6119850796875 0.2126829046875 0.640326034375 0.2568656171875 0.6553549203125 0.2641136171875 0.6639035640625 0.27671310312499997 0.6639310671875001 0.3640610125 0.5431107984375
1 1 0.6377921796875 0.9634747171875 0.6378924484375 0.9118665125 0.6552332953125 0.903580665625 0.6656873078125 0.905477175 0.68275709375 0.9246333265625 0.6992827703125 0.937393365625 0.7999591484375 0.9313505421875 0.8164298203125 0.9382520265625001 0.836031590625 0.9546479218749999 0.8418852156250001 0.9732885359375001 0.8395987734375 1 0.8508564796875 1 0.6377921796875
1 0.0901091328125 0.897594575 0.103917184375 0.8943279421874999 0.11599605312500001 0.9180135 0.1270472375 0.8757613671875 0.14258108281249998 0.8738559968749999 0.1569080578125 0.8610880375000001 0.25858633124999997 0.69918635625 0.259969 0.683287296875 0.2325286953125 0.6630589062500001 0.21647761875 0.6603088796875001 0.21854653906250002 0.6789304640625 0.1891978671875 0.7407293640625 0.1715917125 0.7523266 0.13827421875 0.8067475796875 0.0854523671875 0.869852734375 0.0901091328125 0.897594575
1 0.1902509625 0.59431618125 0.17506193750000001 0.5993251468749999 0.103425365625 0.6773216718749999 0.0937602375 0.675361296875 0.07149223593750001 0.7016868671875 0.037140282812499995 0.7467970562499999 0.0526571875 0.8864589374999999 0.0576621609375 0.8889909234375001 0.0801008796875 0.878373875 0.1368932453125 0.8084899156249999 0.1688297640625 0.7558112703125001 0.1905788421875 0.7389870281250001 0.207669459375 0.708577671875 0.2138846921875 0.6936588 0.21475351874999998 0.6447908921875001 0.20629695468749998 0.6395363828125 0.1902509625 0.59431618125
1 0.4909467296875 0.3104804984375 0.487843346875 0.2825481234375 0.4500465828125 0.26830888750000004 0.4265767921875 0.24130169375000002 0.358401975 0.237080390625 0.3366528984375 0.253904634375 0.33250827968749996 0.273288365625 0.342161546875 0.374345815625 0.3778860046875 0.39827691718749997 0.3972162609375 0.40219766874999996 0.4358801578125 0.381725721875 0.4909467296875 0.3104804984375
1 0.54698315 0 0.5600005375 0.18089354375 0.575174315625 0.303295103125 0.5786242109375 0.32017435 0.5870807734375 0.3254288625 0.5913994953125 0.29344020312499997 0.558797303125 0 0.54698315 0