4 0.8125435234375 1 0.8116867265625001 0.9978541 0.8297930093750001 0.9504041593749999 0.8489417515625 0.81093876875 0.86803714375 0.8019189046875 0.900190125 0.8054934015624999 0.9032072484375 0.799034471875 0.896183896875 0.773522253125 0.8627097312500001 0.7245052375000001 0.8456316828125001 0.7147252015625 0.8278966000000001 0.6735275359374999 0.818188203125 0.66148669375 0.8034524546874999 0.65731194375 0.746548153125 0.569634828125 0.715426959375 0.5001339875 0.7050473015625001 0.4914609890625 0.63839903125 0.478706715625 0.6136228140625 0.4554786734375 0.583480059375 0.4504970140625 0.5771493109375 0.36943874375 0.55237309375 0.3462107015625 0.4123212578125 0.4587370125 0 0.8713539625 0 0.933283209375 0.40368639999999995 1 0.8125435234375 1
3 0.7385321359375 0.5143889015625 0.756617078125 0.5191171703124999 0.7653185828125 0.5362097796875 0.7800543281250001 0.54038453125 0.79255135 0.5586842171875 0.7941081421875 0.57401623125 0.81754539375 0.5952835921874999 0.8309208343750001 0.649675871875 0.8700864968750001 0.704851690625 0.88080534375 0.7031444 0.8918527078125 0.7171459234374999 0.8905066265625001 0.7325779796874999 0.9196318187499999 0.7687005078125 0.932431921875 0.7739082171875 0.9780231374999999 0.5451686796875 0.9822172874999999 0.442236840625 0.8233222546875 0.392729553125 0.7918440906249999 0.37709084531250003 0.7556742078124999 0.36763430625 0.7509824890625 0.373816478125 0.734879321875 0.437251990625 0.7238141734375 0.46673230937500004 0.7130917703125 0.47713596875000003 0.7385321359375 0.5143889015625
1 0.633378796875 0.4691800703125 0.70203729375 0.48052718125 0.7154589703124999 0.42186667343749995 0.7047579078124999 0.380092121875 0.6642319375 0.3751338328125 0.6260375984375 0.4018699328125 0.6183216453125 0.43190376875 0.633378796875 0.4691800703125
2 0.73760705 0.319424196875 0.715801715625 0.40279001406250003 0.7211433546875 0.4454182109375 0.739578153125 0.41367708593749997 0.7580485203125 0.294972275 0.73760705 0.319424196875
2 0.5834942875 0.4157115421875 0.5978944015625001 0.4215702140625 0.6267408718749999 0.32023477499999997 0.6210600453125 0.28798686875 0.6123478703125 0.29698336406250003 0.5965838906250001 0.3500385875 0.5834942875 0.4157115421875
3 0.32822374062500004 0.5248503062500001 0.3349292453125 0.50856460625 0.2779964875 0.4904584359375 0.21402615156250002 0.48162552343750004 0.14701735625 0.5314297484375 0.135288059375 0.546885175 0.13895865937500002 0.58054024375 0.179809590625 0.6099037140625 0.18449419375 0.62111428125 0.19755534375 0.625012275 0.32822374062500004 0.5248503062500001
1 0.88736844375 1 0.9251479859374999 0.8104530656250001 0.9186106984375 0.8085377484375 0.85932496875 0.8109154015625 0.8472635984375 0.819358378125 0.8435716578125 0.8378815203125001 0.8579646609375 0.8611329296875001 0.8378232546875 0.9708646125 0.8260939578125001 0.9863200375 0.8264916843749999 1 0.88736844375 1
1 0 0.7991745156250001 0.007908390625000001 0.795438921875 0.1670627296875 0.6565000109375 0.173768234375 0.640214309375 0.1520091375 0.610527340625 0.1362700546875 0.6027079859375 0.132242484375 0.6229150484375 0.0813084015625 0.67885470625 0.05919944687499999 0.6856371328125 0.006594323437500001 0.7326036625000001 0 0.7369673125 0 0.7991745156250001
1 0 0.7371387781250001 0.00458409375 0.734010825 0.055178989062499996 0.688451459375 0.0833186296875 0.6774475437499999 0.111129753125 0.6507348140625 0.1225234171875 0.6369633109375 0.1396263640625 0.5858687687499999 0.1325958984375 0.5777492859375 0.1309426421875 0.5252943171875 0.11352540625 0.525894571875 0.013353178125 0.5858724375000001 0.0039768546875 0.5808440390625 0 0.583446796875 0 0.7371387781250001
1 0.53697675625 0.3193146890625 0.5430181109375 0.28900409531250004 0.5085299390625 0.26243157968749997 0.49313715937499997 0.2268392 0.4238145140625 0.20146719375000002 0.3956748734375 0.2124711109375 0.38494891249999996 0.23157113749999997 0.36145831093749997 0.3407493015625 0.3905835015625 0.37687183125 0.40933614843750005 0.386928625 0.456231990625 0.3772851359375 0.53697675625 0.3193146890625
1 0.624716415625 0.356427409375 0.6317468796875 0.3645468921875 0.646832484375 0.3322522484375 0.7069104078125 0.030830228124999998 0.693630459375 0.028635467187500003 0.6515739984375 0.204320921875 0.6267337578125 0.33762750937499997 0.624716415625 0.356427409375