4 0.919189696875 0.0823465625 0.8957586578125 0.119758246875 0.8573913390625 0.13328528906249998 0.8186767828124999 0.12051695625 0.8149117453124999 0.114136271875 0.7858575359375 0.1205958390625 0.7724077609375 0.11636834375 0.7734231546875 0.10809201718749999 0.7579669828125 0.09903608593749999 0.7403561546875 0.1048947109375 0.7147948453125 0.1358398609375 0.7015928203125 0.1348885578125 0.6894061890625001 0.1256609265625 0.6864087921875 0.10772772500000001 0.67347890625 0.0886715234375 0.6570073453124999 0.0878919171875 0.6033584390625 0.1597824890625 0.5667253765625 0.19624286875000002 0.52892865625 0.26072256875 0.46661040781249996 0.3264900046875 0.4461016671875 0.337434615625 0.43753180937499997 0.3543306640625 0.438845659375 0.4151118921875 0.4226969484375 0.4620087546875 0.43513326093750004 0.583056121875 0.44315884062500005 0.602369871875 0.46287554999999997 0.6243588703125 0.49856831875 0.64057509375 0.5200436734375 0.6641163390625 0.60022243125 0.7043100156250001 0.86446381875 0.8779180125 0.9893058140625 0.9539769218749999 0.99443599375 0.5130903046874999 0.9614459312499999 0.0768383 0.9561699984375001 0.07218155937500001 0.9515378328124999 0.054334206249999996 0.9555750109375 0.042609990625 0.9489120609375 0.041315292187500005 0.948268296875 0.054505904687499995 0.9174554421875 0.059413225 0.919189696875 0.0823465625
4 0.37702484375 0.59597525625 0.3988718234375 0.6244307874999999 0.42116552812499997 0.7022008828125 0.4360023203125 0.7030663359375 0.446206946875 0.6860844390625 0.4445965671875 0.6647891984375 0.433425325 0.647285240625 0.4143992296875 0.46079990468750004 0.367486440625 0.46984190468750003 0.3453429328125 0.4808723625 0.3150011921875 0.5137131546875 0.3147290546875 0.53181805625 0.3517600625 0.5874344171875 0.37702484375 0.59597525625
2 0.39049514687500003 0.36173456875 0.37920003125 0.3425925171875 0.2890400078125 0.3440380171875 0.2524557203125 0.3377362171875 0.22414476562500002 0.354024359375 0.237966165625 0.3631661390625 0.270017771875 0.37463977187499997 0.39049514687500003 0.36173456875
2 0.3023190578125 0.49793314375 0.3898533125 0.4834687265625 0.3395715 0.4696632421875 0.2790850625 0.472839653125 0.261845859375 0.4836125640625 0.3023190578125 0.49793314375
1 0.8189489234374999 0.1024120578125 0.82623125 0.11189723437500002 0.8408202906250001 0.109486496875 0.86821534375 0.1244938703125 0.9026937484375 0.10294804843750001 0.9059876750000001 0.0813952578125 0.8985814734375 0.0702719859375 0.9305484171874999 0.0324954671875 0.7662718546875 0.026758803125 0.76621399375 0.034463571875 0.748083275 0.055150903125 0.73262710625 0.046094971875 0.7299795375 0.025491446875 0.6849971421875 0.0239206265625 0.6799428828125 0.043927851562499995 0.6785314765625 0.0686709796875 0.7006018171874999 0.12178379375 0.7207145421875001 0.12730598906249999 0.7360956140625 0.09196164531249999 0.7607410203125 0.0923120046875 0.776444940625 0.1046441296875 0.8189489234374999 0.1024120578125
1 0.857198484375 1 0.8646963937500001 0.9996062515625 0.7201086796875 0.8789203359375 0.6963547921875 0.8686555531250001 0.6668050812499999 0.8685627390624999 0.6513489125 0.85950680625 0.595866265625 0.8854448546875 0.5987397890625 0.9017399640624999 0.5919285734375 0.92018825625 0.60059791875 0.9263113953125 0.630147628125 0.926404209375 0.629999365625 0.9461472046875 0.642062121875 0.9537367390625 0.6502115765625 0.9746885843750001 0.679477646875 1 0.857198484375 1
1 0.817849490625 0.9560175703124999 0.83253801875 0.97662601875 0.8511398484375 0.9838721578125 0.8672401359374999 0.99947266875 0.931574059375 0.9960942078125001 0.9218309140625 0.9637138500000001 0.9018420656249999 0.9598297499999999 0.7192903312500001 0.8246914890625 0.6955364421875 0.8144267031249999 0.665814078125 0.8554579734375001 0.6646748125 0.86209620625 0.690954984375 0.86236071875 0.7235020921875 0.8803867343749999 0.760681365625 0.9162601031250001 0.817849490625 0.9560175703124999
1 0.6423768890625 1 0.6422610953125 0.999775109375 0.615509809375 0.9715771265625 0.602060034375 0.96734963125 0.59440608125 0.9529501671875 0.5672587796874999 0.9412189859375 0.54340540625 0.9079350171874999 0.5408040234375 0.8735350109375 0.48678156406250006 0.8319677515624999 0.4508166546875 0.8338564281249999 0.426914503125 0.8433346390625 0.42163857031249996 0.8386779000000001 0.390577965625 0.84030903125 0.358278609375 0.82555920625 0.2661121921875 0.82217626875 0.01876164375 0.8502247390625 0.030087884375000002 1 0.6423768890625 1
1 0.2275683578125 0.6597403046875 0.2271723421875 0.6762071078125 0.244115015625 0.7049201859374999 0.2989295078125 0.7135538390625 0.3167880875 0.7109714046875 0.32862748124999996 0.6939036578125 0.3657316578125 0.6853767515625 0.388766684375 0.664431871875 0.393571503125 0.6411551390625 0.3728637890625 0.6060613765625 0.33454525 0.5768262390625 0.325132653125 0.5608745296875 0.3011310140625 0.5473335546875 0.29570681875 0.5624198109375 0.2560519671875 0.602328078125 0.23705412187500002 0.61154874375 0.2275683578125 0.6597403046875
1 0.4277739078125 0.42062712343750003 0.429705203125 0.381055284375 0.4230666421875 0.3583794953125 0.38635848125 0.3504395984375 0.365230365625 0.35319372968749996 0.35101295 0.3605187515625 0.33161908906250004 0.38620622031249996 0.3406112796875 0.4400058265625 0.3735300140625 0.4629461265625 0.38497339375 0.462345184375 0.4098909375 0.44459064687499994 0.4277739078125 0.42062712343750003
3 0.5523840843750001 0.201929796875 0.65324230625 0.0815112328125 0.6697626453125001 0.039528659375000004 0.66438375625 0.0232007921875 0.6438255609375 0.022482884375 0.63909805625 0.024692984374999997 0.6338814609375001 0.022135628125 0.49697889218749997 0.0173548859375 0.33228145 0.026003878125 0.3098452765625 0.29360741875 0.31482467812500003 0.3377501484375 0.41414954843749996 0.3489801671875 0.4268560703125 0.3433790875 0.487316190625 0.2530402203125 0.523949253125 0.216579840625 0.5523840843750001 0.201929796875
3 0.6706432890625 0.8108001515625001 0.6570940265625 0.783553471875 0.547290459375 0.6988667046875 0.533964559375 0.6962773046875 0.53156215 0.7079156703125 0.5381031546874999 0.816115821875 0.547763503125 0.8353437234375001 0.6015382125000001 0.8736347921875 0.645305340625 0.8664025843750001 0.6585561421875 0.8245917078125 0.6706432890625 0.8108001515625001