4 0.31406239375 0.8545054109375 0.32375999375000003 0.8643018625 0.32928946406250004 0.8585680765625 0.3484474046875 0.86686493125 0.37438675312499997 0.8967541578124999 0.385423815625 0.895004625 0.42968147500000003 0.8394163078125001 0.44393762812500004 0.8080127953125 0.47843204375 0.771782134375 0.48480458125 0.7416282890625 0.5785902296875001 0.62313985 0.5788746875 0.496805371875 0.5686184796875 0.38509449687499997 0.564968634375 0.3727202921875 0.5531541515625 0.369735775 0.530346365625 0.349064715625 0.3946640734375 0.29123667656249996 0.3954633765625 0.286252690625 0.002053434375 0.08822390937499999 0.0124514109375 0.5349634015625 0.0854997265625 0.979786096875 0.0886318890625 0.9988591953125001 0.1114399953125 0.998461078125 0.1110083203125 0.96764714375 0.099733996875 0.9581006234375 0.10239104531250001 0.9447266843750001 0.14159375000000002 0.9174642593750001 0.18098995 0.9209339640625 0.2834769625 0.9046882937499999 0.28248416718749997 0.87894015 0.31406239375 0.8545054109375
4 0.5776008671875 0.4791972484375 0.5882693828125001 0.52445988125 0.5956128359374999 0.5297722171875 0.6058724796875 0.52328863125 0.6140589984375 0.504180909375 0.6348155421875 0.5025097921875 0.6466737874999999 0.48605823593749997 0.6832413265625 0.46245171249999995 0.6848836953124999 0.4330476671875 0.668922965625 0.404814875 0.6408667296874999 0.38173758125 0.6046239765625 0.37776801249999997 0.5846886171875 0.3647371078125 0.5707572484375001 0.368564525 0.5686184796875 0.38509449687499997 0.5776008671875 0.4791972484375
3 0.4256596453125 0.992248728125 0.425128490625 0.992985625 0.5582386640625 0.9906621796874999 0.7094260765625 0.9666967953125001 0.7119368234375 0.784960196875 0.7010563656250001 0.6004890125 0.64535276875 0.6060806453125 0.5959341859375 0.6203905828125 0.5729075890625001 0.69689989375 0.423090125 0.9667505203125 0.4256596453125 0.992248728125
3 0.44615578125 0.289550878125 0.4498712703125 0.27277097031249997 0.4343447328125 0.1683719 0.42598659687499996 0.147029459375 0.3847982953125 0.12279559843750001 0.38829840781249997 0.0850016015625 0.3709982140625 0.06831479375 0.35864356875 0.0718922796875 0.34466843593749996 0.0951557703125 0.3246893125 0.10156093906250001 0.3067395515625 0.1400263203125 0.29719168749999997 0.1803980671875 0.3058089625 0.20331852499999997 0.44615578125 0.289550878125
1 0.299740596875 0.9150630296875001 0.2724180203125 0.9161558640624999 0.2637351015625 0.922389515625 0.22250303749999997 0.9175917296874999 0.18833340468749998 0.926246296875 0.148937203125 0.9227765953124999 0.11526397031249999 0.9443052359375 0.1126069234375 0.9576791734375 0.12018763750000001 0.9742875625 0.11592290000000001 0.9983828296875 0.36870262343750004 0.9939705421875 0.3584663515625 0.9672797515625 0.3703902421875 0.9216740859374999 0.3641271109375 0.9032377453124999 0.3366110375 0.87359845 0.3221613875 0.8742698328125 0.3122046484375 0.8628953625 0.299309840625 0.8730348484375 0.299740596875 0.9150630296875001
1 0.13474410625 0.044238878125 0.2235417640625 0.10626062031250001 0.2511015984375 0.116463840625 0.27816503593749997 0.11379299062499999 0.2962645328125 0.1254958125 0.3075607359375 0.125324296875 0.319700003125 0.10073272343749999 0.33311309218749996 0.0937492703125 0.339463746875 0.07331346093749999 0.287323134375 0.0200529015625 0.13474410625 0.044238878125
1 0.22012917812500002 0.10518247031250001 0.162439984375 0.05927781875 0.1373823125 0.043820684375 0.0542154140625 0.0570038375 0.0744245015625 0.06513406875 0.088312109375 0.0807427234375 0.229458228125 0.161991090625 0.2509921921875 0.16505402656249998 0.2551822015625 0.17086622812500002 0.2699128734375 0.1620548265625 0.289698496875 0.12491752812500001 0.2865669328125 0.115699359375 0.269222978125 0.11844862656249999 0.22012917812500002 0.10518247031250001
1 0.6832378921875 0.580646171875 0.66684640625 0.5103851953125 0.6513820781249999 0.495026471875 0.61824900625 0.5099931109375 0.6177088453125 0.5165551125000001 0.58455389375 0.5412397875 0.5824151265624999 0.557769759375 0.5852219078124999 0.5945640234375 0.5928026203125001 0.6111724140625 0.65271810625 0.6016749453125 0.6740148109375 0.593441825 0.6832378921875 0.580646171875
1 0.6122922156249999 0.3555042546875 0.657951546875 0.377410296875 0.6676272640625001 0.39692478750000004 0.7022714140625 0.410862328125 0.7157063828125 0.3941608390625 0.7244330640625 0.3684911140625 0.75445645 0.33458826875000003 0.7605698484375 0.3028564078125 0.758281346875 0.269218178125 0.7373094265625 0.249875203125 0.6955372 0.2516394203125 0.613762965625 0.285650046875 0.594517503125 0.316225340625 0.595013903125 0.3290994109375 0.6122922156249999 0.3555042546875
1 0.49002644531249995 0.172498303125 0.5114510046875 0.2241514203125 0.5275395859375 0.312270453125 0.574797521875 0.3242085265625 0.5947766437500001 0.31780335625 0.6069159125 0.29321178125 0.649812225 0.25888748906250003 0.688712025 0.24948311875 0.71400524375 0.2163300734375 0.7416088421875 0.20709722187500001 0.7532517109375 0.16963157499999998 0.756255421875 0.11896350625 0.7470761046875001 0.1123230875 0.67795941875 0.12489817343750001 0.6280444375 0.12633403906250001 0.5486681124999999 0.1453927109375 0.49002644531249995 0.172498303125
1 0.6757665859374999 0.5154475984375 0.7632637859375 0.5064353125000001 0.86050235 0.487783409375 0.826635621875 0.47857992187500004 0.68524880625 0.504229959375 0.6757665859374999 0.5154475984375
2 0.6555939656249999 0.4911206390625 0.6731533 0.5093854624999999 0.7373244375 0.4765460859375 0.6819018625 0.47399769999999997 0.6555939656249999 0.4911206390625