2 0.313366728125 0.5101252265625 0.40055062656249996 0.48720255 0.3802328359375 0.46767858125000006 0.3091796109375 0.472632353125 0.2634371359375 0.49829328906250003 0.313366728125 0.5101252265625
3 0.36164300312500003 0 0.35290509999999997 0.0008117468750000001 0.3122107890625 0.3191763109375 0.313363965625 0.36848029531250004 0.4239764703125 0.356557409375 0.45431723437500005 0.309268765625 0.45239665625000003 0.297917928125 0.46541651249999993 0.2884732046875 0.485234590625 0.286632115625 0.5591281765625 0.1908274359375 0.5963824828125001 0.1560728234375 0.6139340296875 0.1280897 0.6752305875 0.059807871874999995 0.6782260859375 0.04635329375 0.686368303125 0.040655775 0.68240093125 0 0.36164300312500003 0
4 0.966275734375 0 0.9433512484375 0.0596051515625 0.9286414453124999 0.0675598328125 0.887007828125 0.0566042421875 0.8111538406250001 0.06859214999999999 0.8073895578125001 0.04917740625 0.79064385625 0.0408508515625 0.779121746875 0.043568287500000004 0.7699430546875 0.0757146859375 0.7568078796875 0.0802290109375 0.7537739421875 0.0920401234375 0.7308450453125 0.1024053921875 0.708991065625 0.0879652453125 0.71210188125 0.0794410671875 0.7017315734375 0.06064001718749999 0.704727071875 0.047185440625000005 0.6963926609375 0.044665628125 0.6514958484375 0.1064828171875 0.61581616875 0.1377970734375 0.6047553328124999 0.1602361015625 0.5659263984375 0.19843106875 0.5454562328125 0.24315570000000003 0.500290346875 0.29346862812499996 0.4386478328125 0.34695926250000003 0.433886890625 0.42645933124999996 0.42136674375 0.45726911406250004 0.42812928906250003 0.6048742140625001 0.457089003125 0.6400657234375 0.8179288140625 0.8535994453125 0.9550037187499999 0.9428129437500001 0.9775253562499999 0.4592643484375 0.9667835625000001 0 0.966275734375 0
3 0.5414709796875 0.709637421875 0.5282204875 0.7092213484375 0.5236119203125 0.724472815625 0.524343646875 0.8265211375 0.52991319375 0.8523563234375 0.5703565765625 0.8831869328125 0.644674375 0.8762828453125 0.6651445421875 0.8315582125000001 0.6611880609375 0.8039261359375001 0.5414709796875 0.709637421875
4 0.3059932984375 0.548692065625 0.3126377640625 0.5497218359375 0.326657040625 0.58300723125 0.38054311093750004 0.6224712421875 0.39049059062499997 0.6231941640625001 0.39413955624999997 0.6376785109374999 0.40915687343749996 0.6428715578124999 0.4202561484375 0.6220759953125 0.41318885156249996 0.6029680984375 0.4105749828125 0.49121240468750005 0.395672984375 0.49094975625000004 0.38706949687500003 0.47692568125 0.3754705125 0.476356184375 0.31497979374999996 0.5083283359374999 0.307029775 0.5222431859375 0.3059932984375 0.548692065625
1 0.708404278125 0 0.7072613 0.014009270312499999 0.7134843140625 0.067783378125 0.7475138671875 0.1074450140625 0.7588053390625 0.0948667828125 0.77601093125 0.052092465624999994 0.8243274546875 0.065721290625 0.8902339609375 0.053010460937500004 0.940009796875 0.058268534375 0.9563326671875 0.0485169609375 0.9536048609375 0.002653334375 0.9562327890625 0 0.708404278125 0
1 0.358801690625 0.47131656250000004 0.4046210421875 0.448942559375 0.42082859531250005 0.43426058906250004 0.4315434765625 0.397030365625 0.42578173281250004 0.36297785 0.35476695 0.3695750890625 0.331876490625 0.3815838234375 0.3294960203125 0.4213338578125 0.33986633125 0.44013490624999996 0.33671707500000003 0.44701561874999995 0.345013046875 0.44789196249999996 0.358801690625 0.47131656250000004
1 0.3993247109375 0.647079034375 0.3846917890625 0.6583206484375 0.341830875 0.7364190749999999 0.3448277546875 0.7937869640625 0.3624959984375 0.8415567046874999 0.39222311875 0.83879506875 0.45789898906250004 0.8162234421875001 0.4497540125 0.6802760296875 0.42413575000000003 0.6464211375 0.3993247109375 0.647079034375
1 0.69832843125 0.8350635921875 0.6629947046875 0.8811690437499999 0.6633406578125001 0.8959602390624999 0.6963707921875 0.8928917546875 0.726328546875 0.8999909171875 0.78911988125 0.958392078125 0.8689415593750001 0.950976684375 0.7116173625 0.8371231328125001 0.69832843125 0.8350635921875
1 0.6947961640625 0.8963321109375 0.6419479515625001 0.901241684375 0.6156391625000001 0.9086268687500001 0.602811503125 0.9262889218750001 0.599931321875 0.9446738968749999 0.6283047421875 0.9733317250000001 0.78524505625 0.9587520484375001 0.7247539171875 0.9034312734375 0.6947961640625 0.8963321109375
1 0.25099525 0.6032124718749999 0.2169286375 0.6327298359375 0.20943989062499999 0.666366278125 0.20364108593750002 0.7014927625 0.2307955390625 0.73026383125 0.3019640796875 0.7302404578125 0.30495958125 0.71678588125 0.321205571875 0.7037473750000001 0.3394490234375 0.70534664375 0.3574234 0.695441646875 0.37194100625000004 0.679269634375 0.379391315625 0.643989725 0.37055719374999996 0.62010485625 0.3437486953125 0.60612498125 0.3284238640625 0.5877842046875 0.3177844796875 0.55747889375 0.29612269687500004 0.551256078125 0.268239278125 0.56208161875 0.25099525 0.6032124718749999
1 0 0.9989159375 0.47088464375 0.987955975 0.5552718718749999 0.9801164437500001 0.5454316015625 0.9497368953124999 0.5213110890625 0.9091547156249999 0.4911611390625 0.8938382218750001 0.475720990625 0.8705670484375 0.4508330734375 0.8679380125 0.40497528125000004 0.88866855 0.3669521890625 0.8905538390625001 0.3201334140625 0.8701977234375 0.263713115625 0.86390988125 0.22903147656249997 0.867131790625 0.21601161875 0.8765765125 0.174531759375 0.8721947859375 0.1382370515625 0.8772135828125001 0 0.8996897265625 0 0.9989159375