4 0.040437809375 1 0.042897771875000004 0.9909424828125 0.0599686328125 0.9868799656249999 0.068001075 0.9762021421875 0.071170725 0.941434709375 0.0601033015625 0.9296918515625 0.064480134375 0.9156761781249999 0.109806915625 0.8915646031250001 0.15186345 0.9004911484375 0.2641318390625 0.896565865625 0.26597667812500003 0.868776078125 0.30276803124999996 0.8466957609374999 0.3121082484375 0.8584990078124999 0.318715278125 0.8530695125 0.33841873125 0.8645104281249999 0.362984971875 0.90004095 0.3750754140625 0.8996182265625 0.42905526250000003 0.8457459937499999 0.447970965625 0.8138936875 0.48923974687499994 0.7795270125 0.4995194203125 0.7479766515625 0.6139855468750001 0.633073375 0.6285925578125 0.49740188593749995 0.6301867078125001 0.3760480140625 0.6276547156250001 0.3622738953125 0.6152624796875 0.3575086796875 0.59302703125 0.332293646875 0.45337565 0.2522676359375 0.4548010609375 0.247019309375 0.11279424375 0.0215792390625 0.0001484578125 0.025517715625 0.0022157921875 0.38086234375 0.032585640625 0.9029286734375 0.0369284 0.9478304281250001 0.042311215624999995 0.9511078890625001 0.037531990625 0.9582063078124999 0.039963231249999995 1 0.040437809375 1
4 0.62921318125 0.47831904999999997 0.6355849453125 0.5283483578125 0.6428961625 0.5350240562499999 0.6546848093750001 0.52941339375 0.66566866875 0.5099682234375 0.6882229468750001 0.51091248125 0.7028624156250001 0.4948051609375 0.7449359828125 0.4742729921875 0.7500340375000001 0.44290379843750005 0.736032228125 0.41046956718749994 0.70841396875 0.3819770765625 0.669811846875 0.3729297546875 0.6498065984375 0.3563009015625 0.6343623421875 0.3585737140625 0.6301867078125001 0.3760480140625 0.62921318125 0.47831904999999997
3 0.718387628125 1 0.7393487484375 0.8245001046875 0.748506415625 0.6249044109375 0.6878530109375001 0.6235594 0.6329848124999999 0.632409096875 0.5995132046875 0.711556753125 0.40753942812500005 0.9816590406250001 0.40746162343750003 1 0.718387628125 1
3 0.5090486328125 0.25725244375 0.5149514749999999 0.23971775312500002 0.5100391937500001 0.1255226921875 0.5034492 0.1014934734375 0.46181209531249995 0.070025465625 0.469861571875 0.0298889265625 0.45310953749999994 0.00968066875 0.43939248593749997 0.011893092187499999 0.42170099843750003 0.0350384453125 0.39944851875 0.039282128124999996 0.37575359062499997 0.078232853125 0.360895890625 0.12034026093750001 0.36758648125 0.14609879374999998 0.5090486328125 0.25725244375
1 0.344863309375 1 0.3378476 0.97369871875 0.3558579171875 0.9262825937500001 0.351196325 0.9056516125 0.32490287812499996 0.870181478125 0.30925742500000003 0.8689956656250001 0.2998166109375 0.8554631046875001 0.28477474687500004 0.8646531718749999 0.280481478125 0.9098568734375 0.25091778124999997 0.9074248578124999 0.240856340625 0.91297513125 0.19697200312500002 0.9023796624999999 0.15917466875 0.9071668453124999 0.117118134375 0.8982403015625 0.07839837968749999 0.9169223796875 0.0740215484375 0.930938053125 0.080309746875 0.94977933125 0.0709439765625 0.9821641546875 0.0520812546875 1 0.344863309375 1
1 0.28993035312500004 0.030981437499999997 0.3184710328125 0.0455790359375 0.347934134375 0.0462817359375 0.366111578125 0.061241665625 0.3783026171875 0.0625482578125 0.394166303125 0.0377339828125 0.4094093609375 0.0320025390625 0.4185654171875 0.0108884484375 0.2729531703125 0.01597954375 0.28993035312500004 0.030981437499999997
1 0.1917616828125 0.0188182703125 0.2899968828125 0.09162818125 0.312852953125 0.097760378125 0.3167097578125 0.10455685156250001 0.33357942343749997 0.09703571093749999 0.35910215624999997 0.05975390781249999 0.35677135937500004 0.049438415624999996 0.33777209375 0.0501026953125 0.2863753421875 0.029372903125 0.27297211250000003 0.01597888125 0.1917616828125 0.0188182703125
1 0.7315531875 0.6012375265625 0.7218446453125 0.523599596875 0.706920415625 0.5050602625 0.669525475 0.5167646984375 0.6682006609375 0.5237423406249999 0.6296821031250001 0.5458830453125 0.62550646875 0.5633573468749999 0.6243658171875001 0.603252328125 0.6306540187499999 0.6220936078125 0.69628784375 0.6197988265625 0.7201669328125 0.6137654421875001 0.7315531875 0.6012375265625
1 0.6805945109375 0.3500259609375 0.7273126343749999 0.379583484375 0.7355292375 0.4018230015625 0.7712805359375 0.42136698125 0.787647209375 0.40519927187500004 0.799955884375 0.37877646249999997 0.8361436453125 0.3463202671875 0.8463227203124999 0.3130405921875 0.84766456875 0.2766042359375 0.827256925 0.25305812968749997 0.7820477765625 0.249440303125 0.69008643125 0.275182378125 0.6658885125 0.3054865375 0.66496609375 0.31938143281250003 0.6805945109375 0.3500259609375
1 0.5695689828125 0.137303971875 0.586806975 0.1956175109375 0.5941676828125 0.2923986640625 0.6437366296875 0.311459534375 0.6659891109375 0.3072158515625 0.68185279375 0.2824015765625 0.7319588031250001 0.25119158124999996 0.7749377546875 0.24622323124999998 0.8059438999999999 0.2139482015625 0.8367318140625001 0.2076732609375 0.8535179156250001 0.1689640921875 0.8624898109375 0.11493265781249999 0.8533507890625 0.10658803750000001 0.777454325 0.1109744640625 0.7235085453125001 0.10592926875 0.635823434375 0.11592635625 0.5695689828125 0.137303971875
1 0.7308830687500001 0.5302149046875 0.8261811921875 0.532081453125 0.933066765625 0.5248787109374999 0.8976172609375 0.510522671875 0.7423699203125 0.519416303125 0.7308830687500001 0.5302149046875
2 0.7119008375 0.50142046875 0.7287534703125 0.5233580421874999 0.8016149499999999 0.49655093125 0.7421857593750001 0.4864989640625 0.7119008375 0.50142046875