2 0.364103934375 0.511625940625 0.4471352796875 0.5022697671875 0.4269498953125 0.480594259375 0.3588197625 0.47504922031249996 0.3157140078125 0.4930384390625 0.364103934375 0.511625940625
3 0.5896042421875001 0.24091586875 0.624245659375 0.21297219531249997 0.6401762078125001 0.1886694671875 0.696800815625 0.132044859375 0.6992281140625 0.11957094531250001 0.706863034375 0.1152848984375 0.698337753125 0.0501350078125 0.6799841765625 0.03960456875 0.38559403593749997 0.0224582953125 0.3565782546875 0.32826595 0.359342971875 0.3757343046875 0.465263471875 0.3803265609375 0.4928385171875 0.3393560296875 0.4906111390625 0.328187921875 0.5028085812499999 0.3210137875 0.5217959234375 0.3221196734375 0.5896042421875001 0.24091586875
4 1 0.0939115234375 0.9763267687500001 0.1120564421875 0.9545122875000001 0.17070850937499998 0.940640409375 0.1762082078125 0.9002540328125 0.15966376875 0.8277456937500001 0.16017137343750001 0.8234752515625001 0.140999715625 0.8070995234374999 0.1305844734375 0.79611573125 0.1315216515625 0.7883730484375 0.161032 0.775899134375 0.1634592984375 0.7733796765625 0.174350934375 0.7516885640625001 0.18097212499999998 0.730197371875 0.163951296875 0.73290114375 0.1562242171875 0.7223015859374999 0.1366839328125 0.7247288859375 0.12421002031249999 0.716633178125 0.120584675 0.6755548828125 0.1733840203125 0.6423114296875 0.1982552953125 0.6324335249999999 0.21817981562500002 0.5963941421875 0.24919589062499997 0.578220609375 0.2891370875 0.5364972156250001 0.33086048125 0.4790431921875 0.3732445828125 0.477137625 0.44882532187499996 0.4661382265625 0.4765690765625 0.477596934375 0.6191584531250001 0.5066152859375 0.6571175328125001 0.8606287437500001 0.9142731078124999 0.9701726890625 1 1 1 1 0.0939115234375
3 0.5900605984375 0.73609248125 0.5773102140625 0.7337729453125 0.57339279375 0.7477369796875 0.5775242625 0.8457460875 0.5837456140625 0.871339015625 0.6236555984375001 0.9067786375000001 0.69485813125 0.9109257140624999 0.7130316640625 0.8709845171874999 0.7083004328125 0.8439014671875 0.5900605984375 0.73609248125
4 0.358312159375 0.5475575578125 0.3647334296875 0.549508465625 0.37932696093749996 0.583473571875 0.432448115625 0.629144121875 0.4420339453125 0.6312793437499999 0.4460279171875 0.645704165625 0.46063705156249996 0.6528626937500001 0.470607115625 0.634520453125 0.46317211406250003 0.61516448125 0.45690542343749996 0.5075695437500001 0.44257275937499996 0.5051578515624999 0.4338319515625 0.490456559375 0.4226638453125 0.4882291796875 0.3655940578125 0.51013581875 0.358419921875 0.5223332593750001 0.358312159375 0.5475575578125
1 1 0.0645758828125 0.9787522609374999 0.057005828125000005 0.73924050625 0.04305585625 0.7328714078125 0.04741563125 0.7274638671875 0.0628697875 0.726050296875 0.0927487640625 0.733838321875 0.1452404265625 0.7678799781250001 0.18822281093749998 0.778310828125 0.1777919625 0.793411959375 0.139248728125 0.840311765625 0.15932635312500001 0.903234275 0.156683528125 0.9512555734375001 0.1689419140625 0.9666175718750001 0.16195209531250002 0.962454890625 0.117556140625 1 0.084204009375 1 0.0645758828125
1 0.40647243125 0.48097849375 0.44976249843750005 0.466153834375 0.46484802500000005 0.45441717812500004 0.4738965171875 0.42025215156250006 0.4672143796875 0.38674783125 0.39917640468750004 0.38278507031250003 0.37757744843749996 0.390988540625 0.37662466562499997 0.42877890937499996 0.38722422343749996 0.4483191953125 0.3844282953125 0.45446399375 0.3924318453125 0.45650705937499997 0.40647243125 0.48097849375
1 0.45132769531249994 0.6554743078125 0.43764013281249997 0.6641385625 0.3990656875 0.73285285 0.4038734703125 0.7883247546875001 0.422460971875 0.8367146796875 0.450941984375 0.838373509375 0.5133115515625 0.8262370140625 0.5009156671875 0.6946314296875 0.4751540296875 0.65843894375 0.45132769531249994 0.6554743078125
1 0.8952153671874999 1 0.7578884046875001 0.8830585890625 0.7450458609374999 0.879156775 0.7126318234375 0.9182685562499999 0.7134612375 0.9325090625 0.7451068078125 0.9343522078125 0.7741407640625 0.9455047078125001 0.8262831765625 1 0.8952153671874999 1
1 0.822637471875 1 0.7727428 0.948577109375 0.7437088453125 0.9374246062499999 0.6930759328125 0.9344755749999999 0.6680359484375 0.9377478953124999 0.65629929375 0.9528334218750001 0.654148465625 0.970054171875 0.6809008078125001 1 0.822637471875 1
1 0.30727940781249996 0.5918925671874999 0.2755260765625 0.615273721875 0.2694578265625 0.6464585046875 0.26506401562500004 0.6793177234375001 0.2921314578125 0.7108555296875 0.3605380625 0.7211474046874999 0.3629653609375 0.7086734921875 0.3781430453125 0.698519115625 0.395732421875 0.7026974015625 0.4126767 0.6957997390624999 0.42608779218750004 0.682388646875 0.4320638828125 0.649621584375 0.42277013124999996 0.625426621875 0.396532103125 0.608129321875 0.381185709375 0.588312565625 0.369941053125 0.5576963296875 0.3489106453125 0.54858689375 0.32247269843750004 0.5549316125 0.30727940781249996 0.5918925671874999
1 0.6132402328125 1 0.6019332765625001 0.9670129828125 0.5773852890625 0.9245835421875 0.5478905468749999 0.905519646875 0.53226768125 0.88095605625 0.5082570328125 0.8748268609375 0.4648748078125 0.8880692437500001 0.42839024531250003 0.8843673484375 0.38270408906250003 0.8580527703125 0.3282615203125 0.8438434750000001 0.2950336734375 0.8419081734375 0.28283623125 0.8490823078125 0.2428184828125 0.838866984375 0.2081005140625 0.838421803125 0.07257750625 0.839989953125 0.0493041171875 0.8465189875 0.05824336718749999 1 0.6132402328125 1