4 1 0.085507084375 0.8292869421875 0.054697296875 0.8258839531250001 0.055705429687499995 0.7644901421875 0.101405546875 0.6925221125000001 0.1662870828125 0.6851540484374999 0.186047140625 0.6069705390625 0.24818463125 0.5279428734375 0.29070224375 0.5215589734375 0.30252844843750004 0.517679134375 0.3602308109375 0.49293086875 0.40118855 0.48168296406250005 0.47865096874999996 0.48238711093750003 0.5258245796875001 0.488068915625 0.5592958968749999 0.5075595078124999 0.5871479093749999 0.5079815859375 0.59695785 0.5324498328125 0.6111075703125 0.9103886937500001 0.9599737234375001 0.9604523031250001 1 0.9726212171874999 1 1 0.779286046875 1 0.085507084375
1 0.396023896875 0.7860279875 0.419029075 0.7723346578125 0.43955860625 0.7257486531249999 0.43604196718750005 0.6748228640625 0.440400709375 0.652897403125 0.4265635109375 0.6455332234375 0.43322742812500004 0.578599559375 0.42757403437499997 0.5581117234375 0.4016427203125 0.5161189515625 0.39362733125 0.5146723578125 0.3554618921875 0.4656047296875 0.34103419218750003 0.463000859375 0.33023472656249997 0.47078556875000005 0.298286815625 0.5169331125000001 0.2706692390625 0.528171715625 0.24538730000000003 0.599856725 0.251040690625 0.6203445609375 0.2847621484375 0.6523872140625 0.2703770671875 0.6692585656250001 0.256554071875 0.668386128125 0.2449672734375 0.682517915625 0.21611392343750002 0.769781309375 0.2425789140625 0.7810468078125 0.2658093359375 0.7787501890625 0.285862015625 0.7888584140625 0.29511522968750004 0.806751346875 0.329595609375 0.8194634390625 0.35141978749999997 0.815290734375 0.3491977984375 0.80677824375 0.3594067640625 0.8037538453125 0.362387675 0.792935775 0.396023896875 0.7860279875
4 0.42574571250000004 0.5464256921875 0.4378398265625 0.5810542843750001 0.4628985734375 0.5904436953125 0.4742885375 0.5778986749999999 0.486321725 0.4016180453125 0.47850316875 0.39858468281250004 0.3690170234375 0.4356052375 0.3636741140625 0.465464553125 0.379564884375 0.49591147031249994 0.3960177421875 0.5086145953125001 0.399055475 0.5237634859375 0.42574571250000004 0.5464256921875
3 0.6023297265625 0.23274642499999998 0.6845067234375 0.16484048906249998 0.6872908 0.15560918906250001 0.75169393125 0.112074478125 0.75807783125 0.100248271875 0.809065840625 0.059159321875000004 0.8225183906250001 0.053475728125 0.54374433125 0.0031634124999999997 0.44816615000000004 0.0026073546874999997 0.398992496875 0.220383134375 0.3906970890625 0.274044 0.3969693921875 0.30275500625 0.452232959375 0.29326128281249997 0.50552819375 0.29963526093750004 0.5293207046874999 0.2795948515625 0.599348815625 0.243564496875 0.6023297265625 0.23274642499999998
3 0.581922053125 0.701150871875 0.568987884375 0.8318446625 0.588703721875 0.8710933859375001 0.622622015625 0.9015492703125 0.620850515625 0.9158302015625001 0.6074353921875 0.9182759609375 0.6028514046875 0.928804715625 0.6067048828125 0.9505900015625001 0.621751496875 0.961417040625 0.6457976640624999 0.9657568218750001 0.691414353125 0.9415437062500001 0.7335712265625001 0.8923717640625 0.7435265359375001 0.864967175 0.6523458796875 0.7544181062499999 0.594943509375 0.7018786515625 0.58571870625 0.6969691984375 0.581922053125 0.701150871875
1 0.5042924234374999 0.375660053125 0.5140224875 0.33685875468750004 0.5127562515624999 0.30742893437499996 0.43381177031249996 0.29642585625 0.40400061562499995 0.31213545 0.400260784375 0.342284084375 0.4061110078125 0.3611851484375 0.4229859421875 0.383698215625 0.46266922343749994 0.394104725 0.482693490625 0.39122946875000003 0.5042924234374999 0.375660053125
1 0.3223918609375 0.639710984375 0.3514156828125 0.630348471875 0.37186202968750004 0.63728315625 0.401701596875 0.6345570421875 0.41970070625 0.621582528125 0.42782769375 0.5824919125 0.42076805781250004 0.5601279875 0.4020932109375 0.538912371875 0.304699128125 0.5180903875 0.27907829375 0.52644476875 0.257929853125 0.5648076046875 0.2523901125 0.596253690625 0.26023707812499997 0.6122705328125 0.3223918609375 0.639710984375
1 0.8823026859375 1 0.7922946078125 0.9078368671874999 0.781269896875 0.904224865625 0.763861284375 0.9124390703125 0.7218728328124999 0.9470407609375 0.7202981671875001 0.9597349234375001 0.76538118125 0.9662490796875 0.8056833703124999 0.98487875625 0.8179763765624999 1 0.8823026859375 1
1 0.817173346875 1 0.81130835 0.9923831109375 0.7962617375 0.9815560734375 0.765184346875 0.9678358484375 0.700667565625 0.9594366390625 0.6788433875 0.9636093453125 0.666862921875 0.980914675 0.6682975796874999 0.9957742453125 0.6712679984375 1 0.817173346875 1
1 0.6025735812499999 1 0.5870742843750001 0.9502917171874999 0.5478962671875001 0.8961744578124999 0.5270278421875 0.879429834375 0.4871477296875 0.870610096875 0.4619205625 0.8757909343750001 0.4082174546875 0.8660987578125001 0.38396024687499997 0.8568540062500001 0.3612919125 0.8414068359375 0.35906992187500003 0.832894346875 0.272278471875 0.8058744250000001 0.2041902828125 0.8130535984374999 0.10679620000000001 0.792231615625 0.04126424375 0.7873686875 0.0481915640625 0.919549815625 0.493955665625 1 0.6025735812499999 1
1 0.41385253593750004 0.6951525937499999 0.40696337343750005 0.7506895499999999 0.4140514203125 0.786036953125 0.43970066562500004 0.790666053125 0.4490938875 0.7810052562500001 0.5001671328125 0.7788667453125 0.49465375156249997 0.7308251796875 0.5036512546874999 0.6318667921875 0.49659161875 0.60950286875 0.46509215 0.585972703125 0.43303059375 0.580186328125 0.423357353125 0.644954584375 0.4099422296875 0.647400346875 0.40538665468749996 0.67091258125 0.41385253593750004 0.6951525937499999
1 0.40138701093750007 0.399267634375 0.38873080937500004 0.38238283281249996 0.28593699375 0.365453203125 0.2833497484375 0.373097734375 0.3130208953125 0.384941871875 0.394187365625 0.40445743749999996 0.40138701093750007 0.399267634375
2 0.3625478890625 0.4084810015625 0.3339177328125 0.4146699765625 0.3415394546875 0.419290109375 0.45035191562500004 0.440550553125 0.452123415625 0.42626962187500006 0.417643034375 0.41355752968750004 0.3625478890625 0.4084810015625