4 0.4765625 0.5828125 0.478125 0.5921875 0.503125 0.6015625 0.9046875 0.871875 0.9953125 0.9234375 0.9984375 0.015625 0.9921875 0.009375 0.7609375 0.0078125 0.7296875 0.009375 0.7171875 0.015625 0.6640625 0.0703125 0.603125 0.1453125 0.5984375 0.165625 0.53125 0.2390625 0.4609375 0.29375 0.45625 0.30625 0.459375 0.3625 0.440625 0.40625 0.4390625 0.4828125 0.4453125 0.528125 0.4546875 0.559375 0.4765625 0.5828125
1 0.246875 0.7046875 0.2375 0.7203125 0.2203125 0.809375 0.246875 0.815625 0.26875 0.809375 0.2890625 0.815625 0.3 0.83125 0.334375 0.8375 0.3546875 0.8296875 0.3515625 0.821875 0.3609375 0.8171875 0.3625 0.80625 0.39375 0.79375 0.4140625 0.7765625 0.428125 0.728125 0.41875 0.6796875 0.4203125 0.6578125 0.40625 0.653125 0.4046875 0.5875 0.396875 0.56875 0.3671875 0.5328125 0.359375 0.5328125 0.3171875 0.4921875 0.303125 0.4921875 0.29375 0.5015625 0.26875 0.5515625 0.24375 0.5671875 0.228125 0.640625 0.2359375 0.659375 0.271875 0.684375 0.26015625 0.703125 0.246875 0.7046875
4 0.365625 0.540625 0.39375 0.5578125 0.409375 0.5890625 0.434375 0.59375 0.44375 0.5796875 0.434375 0.4078125 0.4265625 0.40625 0.3265625 0.4609375 0.325 0.490625 0.34375 0.5171875 0.3609375 0.5265625 0.365625 0.540625
3 0.440625 0.30625 0.4609375 0.2828125 0.5234375 0.2359375 0.525 0.225 0.5953125 0.1453125 0.596875 0.1359375 0.653125 0.0828125 0.6578125 0.0703125 0.7015625 0.021875 0.7234375 0.0078125 0.353125 0.00625 0.3296875 0.2484375 0.328125 0.3015625 0.3375 0.328125 0.3890625 0.309375 0.440625 0.30625
3 0.6234375 0.8796875 0.6109375 0.884375 0.6078125 0.8953125 0.6140625 0.915625 0.6296875 0.9234375 0.653125 0.9234375 0.69375 0.8921875 0.728125 0.8375 0.734375 0.809375 0.634375 0.71875 0.5734375 0.678125 0.5640625 0.675 0.5609375 0.6796875 0.5640625 0.8078125 0.5875 0.8421875 0.6234375 0.865625 0.6234375 0.8796875
1 0.4109375 0.4046875 0.4296875 0.3984375 0.4484375 0.3796875 0.453125 0.340625 0.4484375 0.3125 0.371875 0.315625 0.3453125 0.3359375 0.3453125 0.365625 0.353125 0.3828125 0.371875 0.4015625 0.4109375 0.4046875
1 0.3328125 0.6515625 0.353125 0.6546875 0.38125 0.646875 0.396875 0.63125 0.4 0.5921875 0.390625 0.571875 0.3703125 0.5546875 0.275 0.5515625 0.2515625 0.5640625 0.2359375 0.6046875 0.234375 0.6359375 0.24375 0.65 0.30625 0.665625 0.3328125 0.6515625
1 0.8859375 0.9859375 0.890625 0.9984375 0.984375 0.9984375 0.978125 0.9875 0.7859375 0.8421875 0.775 0.840625 0.759375 0.8515625 0.7234375 0.8921875 0.7234375 0.9046875 0.7671875 0.903125 0.8078125 0.9140625 0.8859375 0.9859375
1 0.8796875 0.9984375 0.871875 0.9765625 0.8140625 0.9203125 0.7984375 0.9125 0.7671875 0.9046875 0.7046875 0.9078125 0.684375 0.915625 0.675 0.934375 0.678125 0.9484375 0.725 0.9984375 0.8796875 0.9984375
1 0 0.9984375 0.621875 0.9984375 0.6203125 0.9734375 0.5953125 0.91875 0.5515625 0.8734375 0.5296875 0.8609375 0.490625 0.859375 0.4671875 0.86875 0.41484375 0.86875 0.390625 0.8640625 0.3671875 0.853125 0.3640625 0.8453125 0.278125 0.834375 0.2140625 0.853125 0.11875 0.85 0.0453125 0.8578125 0.009375 0.853125 0 0.85625 0 0.9984375
1 0.4109375 0.790625 0.4359375 0.790625 0.44375 0.7796875 0.4921875 0.76875 0.48125 0.7234375 0.478125 0.6265625 0.46875 0.60625 0.4359375 0.5890625 0.4046875 0.5890625 0.403125 0.653125 0.390625 0.6578125 0.3890625 0.68125 0.4 0.703125 0.4 0.7578125 0.4109375 0.790625
1 0.353125 0.4203125 0.3390625 0.40625 0.2390625 0.4078125 0.2375 0.415625 0.2671875 0.421875 0.346875 0.4265625 0.353125 0.4203125
2 0.3171875 0.4359375 0.290625 0.446875 0.2984375 0.45 0.4046875 0.4515625 0.4046875 0.4375 0.3703125 0.43125 0.3171875 0.4359375