4 1 0.330378403125 0.9744822828125 0.0170096515625 0.65731559375 0.0114734859375 0.6416475765625 0.0297237890625 0.5835407781249999 0.11168285 0.5803294671875 0.1334416109375 0.51546216875 0.213972228125 0.44565977031250004 0.27469435937500003 0.44177243906249997 0.2881512671875 0.44995244687499997 0.34780864375 0.43386229062500004 0.39499479531250004 0.4388309875 0.47641093437500004 0.44937721093749994 0.5243297515625 0.46201924375000003 0.5571892765625 0.4872358390625 0.58128309375 0.4897033890625 0.5911873359375 0.517015790625 0.60022185625 0.9660812953125 0.8725647343749999 1 0.8899171796875001 1 0.330378403125
1 0.41770330468749994 0.8085061296875 0.437748259375 0.789488296875 0.4484638296875 0.737494978125 0.43433455 0.686371378125 0.4340980109375 0.6630682109375 0.41878548593750003 0.6586089312500001 0.4114505734375 0.58893135 0.4015465015625 0.569296809375 0.3669666546875 0.5322099359375 0.3586850359375 0.5324998421875 0.31044898593750003 0.49089570625 0.295542075 0.4914175390625 0.28641536093750003 0.501727653125 0.26424073125 0.5557872109375 0.23909160156249998 0.57331861875 0.228882978125 0.6519358484375 0.23878704687500002 0.6715703875 0.2790457609375 0.6968027453125 0.26824578906249996 0.7171620515625 0.25430224375 0.7193152640625 0.24571634687500002 0.7362668578125 0.23520344531249998 0.8315457734375 0.2639017625 0.8372015718749999 0.2865494734375 0.82974835 0.308622496875 0.8356360734375 0.3215688046875 0.851833909375 0.3585487375 0.8571998000000001 0.3794049203125 0.8481441890625 0.3754162515625 0.8399582999999999 0.384948578125 0.8346292984374999 0.3856584703125 0.822948725 0.41770330468749994 0.8085061296875
4 0.39728742499999997 0.5577901796875 0.41655474843749996 0.5904177765624999 0.4434615375 0.594471184375 0.4521826375 0.5791799625 0.4273722015625 0.396887090625 0.41895538125 0.395516628125 0.3176828359375 0.45734040781249996 0.3185953984375 0.48894542812499997 0.3407697578125 0.5164759515624999 0.359800540625 0.525800378125 0.36598635156250003 0.5405697703125 0.39728742499999997 0.5577901796875
3 0.50691014375 0.21094139374999998 0.507620034375 0.1992608171875 0.5752591609375 0.11197275625 0.5761042578125 0.101952553125 0.6311349484375001 0.043412621875 0.6350222828125001 0.0299557140625 0.6498111046874999 0.011342495312500001 0.48690704062499995 0.00849899375 0.3058687046875 0.014836439062500002 0.30260767187500004 0.23141405312500002 0.3055483015625 0.28792463125 0.3177847171875 0.3158030421875 0.3708209390625 0.293965209375 0.4252092015625 0.28873108125 0.444713340625 0.263071765625 0.50691014375 0.21094139374999998
3 0.5850599828124999 0.6810950703125 0.5994594 0.8171294921875001 0.62727875 0.852787921875 0.66740225625 0.8763599078125001 0.668619096875 0.8913032421875 0.6557741234375001 0.8967482062500001 0.6534079078125 0.9084867609374999 0.6617908609375001 0.9298396515625 0.6790301171875 0.9375616921875001 0.70387496875 0.9366919703125 0.7442352890625 0.9019770421875 0.7759422453125 0.8425884828125 0.780133859375 0.8124698890625 0.6662872984375 0.7198792078125 0.5981753671875001 0.6789708484375 0.5879670171875 0.675997996875 0.5850599828124999 0.6810950703125
1 0.4398454328125 0.366478590625 0.441434290625 0.3247953828125 0.43403163906250003 0.2950826578125 0.3531422 0.3012444875 0.3267423578125 0.3238149890625 0.32931124375 0.355362028125 0.3390801109375 0.373336196875 0.360578446875 0.3925648671875 0.40225694218749997 0.3944360703125 0.4215920046875 0.3870988140625 0.4398454328125 0.366478590625
1 0.313862421875 0.6756027062500001 0.3408030796875 0.6596736859375001 0.36260569375 0.6622406703125 0.3917434921875 0.652895153125 0.40695468124999995 0.63571163125 0.406887215625 0.59408640625 0.39519161875000003 0.572849478125 0.37217216249999996 0.555339159375 0.2708660234375 0.555555284375 0.247102809375 0.569707971875 0.234054890625 0.6134574203125001 0.23510265625 0.6467228109375001 0.2462574390625 0.6613182578125001 0.313862421875 0.6756027062500001
1 1 0.9559829109375 0.8376318265625 0.8454242828125 0.8259023593749999 0.84416978125 0.81028555625 0.8563721890625 0.7757054328125 0.900875396875 0.77678706875 0.9141583593749999 0.8230289203125001 0.9108745109375 0.8670397624999999 0.9209895875 0.95607534375 0.9944675609375 1 0.9929299296874999 1 0.9559829109375
1 0.79803318125 1 0.9447176953125 0.994865146875 0.940357203125 0.9850271703125 0.874205875 0.9273991421875 0.8569666171874999 0.91967710625 0.8231641265625 0.91253488125 0.757181596875 0.9181748781250001 0.7363254140625 0.9272304890624999 0.7280099296875 0.9475028249999999 0.7325394171874999 0.9623301968750001 0.77213244375 1 0.79803318125 1
1 0.6747095812499999 1 0.6734187203124999 0.9910414375000001 0.6421853890625 0.9338561703125 0.5918874015625 0.8873289062499999 0.5676172359375 0.8748576796875 0.526073946875 0.8746468453125 0.502040321875 0.8854787921874999 0.44655348593750005 0.8874211687500001 0.42047485937499995 0.8833387687500001 0.394683575 0.8725858953125 0.39069490625 0.86440000625 0.298650684375 0.8559663890625 0.232363878125 0.8782680734375001 0.1310577390625 0.8784841999999999 0.05388656093750001 0.889511178125 0.045516765625 0.8887182359375 0.054578475 1 0.6747095812499999 1
1 0.4164867359375 0.711972715625 0.42121889375 0.7700856828125 0.435652453125 0.8045475953125001 0.462153628125 0.8036198921875 0.46948881406250004 0.791707390625 0.519888409375 0.7782873734375 0.5043732125 0.7305424984375 0.4926778875 0.6277154875 0.4809822890625 0.606478559375 0.4447122484375 0.5894320921875 0.41158577812499997 0.5905917203125 0.41547283906250004 0.6587248953125 0.40262786406249995 0.6641698578125 0.402999609375 0.689133396875 0.4164867359375 0.711972715625
1 0.3423250203125 0.41318509062500003 0.326201265625 0.3987635875 0.2203317703125 0.40413476875 0.2193514703125 0.412494603125 0.251362434375 0.4180344390625 0.33624054375 0.42005849843750004 0.3423250203125 0.41318509062500003
2 0.3055816234375 0.4311223671875 0.27837055781250003 0.4437306453125 0.2869225828125 0.4467614796875 0.39968778125000004 0.4444791140625 0.398470940625 0.4295357796875 0.361491009375 0.4241698875 0.3055816234375 0.4311223671875