4 1 0.5608491078125 0.973927021875 0.5378591312500001 0.9622914343750001 0.538062190625 0.9611612328125 0.5563719781249999 0.8695936578125 0.5529817718750001 0.8651262109375001 0.456621221875 0.8442605375 0.42539343125 0.8239268890625 0.412446421875 0.801205525 0.37460008437500003 0.7772088625 0.3500778671875 0.7486608109375 0.3405996765625 0.6477358421875 0.2442597234375 0.63776248125 0.24443377187499998 0.6364871796875 0.2577578921875 0.609891553125 0.25822202656250004 0.6087791375 0.21999858125 0.6018884 0.21180517031249999 0.5764713390625 0.19562140625 0.514340190625 0.175090159375 0.49668444999999994 0.1970138078125 0.4649698328125 0.3073076546875 0.42981624375000005 0.47086897343749995 0.3989544265625 0.6676100546875 0.330440796875 0.9863877234375 0.5422123 0.982691990625 1 0.966705690625 1 0.5608491078125
4 0.395533240625 0.6643442937499999 0.4187610484375 0.4910147 0.43246357656249995 0.44754451093750003 0.45088037812500004 0.33748273281249996 0.497621190625 0.17205646562500002 0.47757773593749997 0.1690807875 0.4512239359375 0.1778543671875 0.4118625171875 0.19683134687499998 0.3581214453125 0.23601206874999997 0.31529047499999996 0.2500613984375 0.3024763203125 0.26691235468749996 0.23088604531249998 0.32136917187499997 0.1846338890625 0.3321527390625 0.09680827343750001 0.4001947484375 0.02167293125 0.44712903437499996 0.0230846421875 0.4956365421875 0.0461728046875 0.99134863125 0.3145535265625 0.98666498125 0.326211165625 0.9681714749999999 0.3269544421875 0.936566575 0.3408988 0.9014058328125 0.3598476265625 0.8096248312500001 0.363431696875 0.7613430265625001 0.3731148625 0.7511976437500001 0.395533240625 0.6643442937499999
3 0.3759884359375 0.16420274375 0.3111615875 0.165334071875 0.304706146875 0.172097659375 0.3049785546875 0.238602225 0.30849647187499996 0.245191765625 0.3251671046875 0.24656357031249998 0.43968507968750004 0.18138120468750002 0.44751255624999997 0.164617271875 0.3961769859375 0.1721640875 0.3759884359375 0.16420274375
3 0.13877365625 0.18496983125 0.12875193125 0.18348199375000002 0.12005386874999999 0.1703319234375 0.0752704765625 0.17443892656249999 0.07917532031249999 0.1943235796875 0.0731309859375 0.21521322187499997 0.034682123437500004 0.20840191562500002 0.014799889062499998 0.21096586718750002 0.021464496875 0.4399670171875 0.0950009515625 0.39523809062500004 0.1504042484375 0.356028359375 0.1664944921875 0.33745749687500004 0.204193684375 0.3185095265625 0.2887915765625 0.2538493109375 0.285097984375 0.18407898281249999 0.2334238546875 0.1799925765625 0.2263880203125 0.16681349843749999 0.20017931875 0.18057274375000001 0.13877365625 0.18496983125
1 0.87996335 0 0.8763365000000001 0.0989379875 0.8733356171875 0.6244139875 0.8989945078125 0.648907196875 0.9207001890625 0.6518538656249999 0.9387912203125 0.6448872171875 0.9521857671875 0.647978928125 0.9586412109375001 0.6412153390625 0.953575584375 0.5814453546875 0.960418559375 0 0.87996335 0
1 0.617362678125 0.28635810625 0.6307572265625 0.289449815625 0.6234056140625001 0.0368426953125 0.6118667578125 0.0403695328125 0.611413678125 0.081945765625 0.617362678125 0.28635810625
1 0.0649101890625 0.16131786718750002 0.051467275 0.156564265625 0.046674059375 0.16329884687500001 0.053819415625 0.29453005781249997 0.06887618906250001 0.29759275937499996 0.0753799984375 0.292491059375 0.0649101890625 0.16131786718750002
1 0.28170838593749997 0 0.2940200859375 0.26207172968750003 0.302186125 0.256941021875 0.2915910703125 0 0.28170838593749997 0
1 0.554504303125 0 0.561142159375 0.12605413593749998 0.5732614046875 0.14246996875 0.574518915625 0.18567908125000002 0.6118617609375 0.21163111875 0.6087357671875 0.04707510625 0.58859558125 0.040775650000000004 0.585259303125 0 0.554504303125 0
1 0.691644396875 0 0.689749590625 0.0306966953125 0.67674196875 0.0409000953125 0.6319102109375 0.0433452109375 0.6293112468750001 0.0683315625 0.6322921421875 0.22790190781250003 0.6951004125 0.2716996015625 0.6998452656249999 0.2633031296875 0.6959098421875 0.1852233578125 0.7022201875 0.1734741015625 0.7015460640625 0 0.691644396875 0
1 0.9641039156250001 0 0.9627189328125001 0.2670292515625 0.9651983828124999 0.46651394062499996 0.975268475 0.46966366875 0.9757037687500001 0.48462067031249995 0.9923744031249999 0.48599247500000003 0.9927613281250001 0.4992875859375 1 0.5061974046875 1 0 0.9641039156250001 0
1 0.7232669406250001 0 0.7222686390625 0.00518819375 0.7250515359375 0.10081072656250001 0.7182442796874999 0.2097745828125 0.7313002625 0.201233071875 0.751585546875 0.21251819374999997 0.758573015625 0.2240353828125 0.76113640625 0.31211549843749997 0.77349748125 0.336840771875 0.8246217984375 0.379179634375 0.8380163453125 0.3822713453125 0.8372780656250001 0.24261465625 0.8484299953125 0.2257927078125 0.8752190875 0.23197612968749998 0.8775652468749999 0 0.7232669406250001 0
1 0.872373296875 0.4199146234375 0.8754609171875 0.240285575 0.8484783625000001 0.2274545953125 0.8401672281250001 0.2275996375 0.8388435609375 0.2392618703125 0.8392610671874999 0.310752103125 0.84163099375 0.39218466093750004 0.872373296875 0.4199146234375
1 0.72171383125 0.21470223437499997 0.7211945953125001 0.311149809375 0.72989265625 0.324299878125 0.74988774375 0.3256136671875 0.754826059375 0.32386475312499996 0.755666065625 0.2955836328125 0.7517790109375 0.21916575 0.73643204375 0.2061317140625 0.72171383125 0.21470223437499997
0 0.2831149859375 0.1159415375 0.2532432671875 0.1181255765625 0.23905708125 0.144976875 0.23650648125 0.171625115625 0.24178335468749998 0.18150942187500002 0.2881322421875 0.17404963125 0.2831149859375 0.1159415375
0 0.3215396640625 0.1219219 0.319521090625 0.1668509171875 0.32465286875 0.171749559375 0.32881732812500003 0.143410421875 0.3215396640625 0.1219219
0 0.345971621875 0.1614011171875 0.3560900796875 0.16621273281249999 0.3587857765625 0.1445501609375 0.351363015625 0.11807597031249999 0.346714896875 0.1297962171875 0.345971621875 0.1614011171875
0 0.3990661484375 0.1571490703125 0.420675096875 0.1567719609375 0.41828738281250005 0.1318726359375 0.40821728906250004 0.1287229078125 0.400051253125 0.1338536171875 0.3990661484375 0.1571490703125
0 0.45187047968750005 0.142925690625 0.453822903125 0.15286801562500002 0.467120715625 0.1526359484375 0.4735277953125 0.144210471875 0.46316750625 0.131089409375 0.45187047968750005 0.142925690625
0 0.510725540625 0.16517684375 0.55384670625 0.1610988484375 0.5477476109375 0.122962428125 0.5293180171875 0.11829585312499999 0.5127924828125 0.1219097140625 0.50804763125 0.130306184375 0.503738071875 0.1536596546875 0.510725540625 0.16517684375