4 1 0.530700025 0.994345984375 0.52872734375 0.9921551890625 0.5108628796875 0.9452018546875 0.47657243125 0.9338474734375 0.47783419687500006 0.9344162140625001 0.4958789125 0.8446057281250001 0.5009206640625 0.83143220625 0.406906475 0.8081834499999999 0.3782127015625 0.7871254890625 0.36738339375 0.7614580265625001 0.3323737046875 0.735761815625 0.31053660625 0.7069919109375 0.3038566421875 0.5995400640625 0.2186730453125 0.5898077359375 0.21975455937500002 0.5897789875 0.2329271484375 0.5638261171875001 0.2358111859375 0.5592453640625 0.1984582171875 0.5517613265625 0.191059015625 0.525438878125 0.17752238125 0.4628337390625 0.16307916875 0.4475802625 0.18617449375 0.42666189374999997 0.29714656875 0.407250584375 0.46062875156249994 0.3950666484375 0.6562312703125001 0.356244028125 0.9831956343750001 0.355732721875 0.9980319578125 0.5436589515625 0.9969386359374999 1 0.946227309375 1 0.530700025
4 0.3914242125 0.6533436906250001 0.3982861609375 0.48137902187500003 0.4077064078125 0.43753165781250003 0.41564834062499995 0.3280015984375 0.44621486875 0.1616336078125 0.42635188749999997 0.1605485515625 0.4013948328125 0.1715527984375 0.36465632187499997 0.19374331875 0.315709278125 0.2370446125 0.275129165625 0.2547235109375 0.2641443625 0.27240595 0.1991471890625 0.3323064 0.1549246453125 0.3470977171875 0.07530023125 0.4217930265625 0.0082568765625 0.47303609843750005 0.0091849234375 0.5262038859375 0.06725304374999999 0.999710284375 0.34414907031249997 0.99809935 0.34084888750000003 0.9783217359374999 0.3514353640625 0.9573912124999999 0.34927331562499997 0.926354159375 0.359689378125 0.8906270062500001 0.3698221078125 0.798961409375 0.3689125359375 0.7513234328125 0.377449884375 0.7404976640625 0.3914242125 0.6533436906250001
3 0.32660991093749997 0.165047775 0.26334978593749997 0.17207761562499999 0.257658221875 0.17929479375 0.2640026984375 0.2444367296875 0.26804346093750003 0.25057239375 0.28446316718750003 0.2503939109375 0.3904387796875 0.1760626484375 0.39655741875 0.15892096718749998 0.34707038125 0.17100495625 0.32660991093749997 0.165047775
3 0.1806250078125 0.18127048437499999 0.1562654421875 0.19714685781250002 0.096647753125 0.207064278125 0.0867162625 0.20652175 0.077012684375 0.194430675 0.033615540625 0.202545571875 0.0392496078125 0.2216735734375 0.0352509296875 0.2426951078125 0.00419138125 0.2401240796875 0.0081259296875 0.46553419218750003 0.07308068906250001 0.41710115468750003 0.1236497859375 0.37361960625 0.13767953593749999 0.35395261875 0.1727959921875 0.3319423515625 0.24957462187499999 0.26085563125 0.23958771093750003 0.19282611562500002 0.1887065328125 0.1935418109375 0.1806250078125 0.18127048437499999
1 0.8065683437500001 0 0.8096988156249999 0.055394142187499995 0.8547918031249999 0.5705742218750001 0.8821100671875 0.59223106875 0.903595103125 0.593135871875 0.9206410500000001 0.5846569265625 0.9340158125 0.58646299375 0.939707375 0.579245815625 0.9292933921875 0.5211408046875 0.8868501609375 0 0.8065683437500001 0
1 0.573700109375 0.26269889218750003 0.587074871875 0.264504959375 0.5568020578125 0.017650559375 0.545846003125 0.022160409375000002 0.5492030296875 0.0629417140625 0.573700109375 0.26269889218750003
1 0.022289906249999998 0.1906347484375 0.008715981250000001 0.1872046421875 0.0046464703125 0.19424156718750002 0.0236244765625 0.3221803875 0.03862129375 0.32380620000000004 0.044512021875 0.318213065625 0.022289906249999998 0.1906347484375
1 0.2629493828125 0.262661696875 0.23078218125 0.0242486859375 0.2212173265625 0.0253115875 0.2554366 0.2684350859375 0.2629493828125 0.262661696875
1 0.48787008906249996 0 0.504097584375 0.11075463125 0.5174436 0.125733284375 0.52262184375 0.16795838125 0.5614936546875 0.18997750156249998 0.5433985484375 0.02901708125 0.5231372421875 0.0246839421875 0.5187871671875001 0 0.48787008906249996 0
1 0.62091124375 0 0.62108675 0.0055683390625 0.6093052906249999 0.016754609375 0.5657089828124999 0.023245465625 0.5654523234375 0.0479666 0.582949940625 0.2040548953125 0.648343365625 0.24123469531250002 0.6522137125 0.232573728125 0.641230984375 0.1564240015625 0.6463250609375 0.1443346984375 0.6322981609375 0 0.62091124375 0
1 0.8908075296875 0 0.9094941359375 0.212214071875 0.9301496171875 0.4074596296875 0.9402802703124999 0.40962619843750003 0.942072740625 0.424242578125 0.9584924484374999 0.424064096875 0.9600857546875 0.43705643437499997 0.9983313265625 0.46737602031250003 1 0.466944340625 1 0.40054084375 0.9508799578125 0 0.8908075296875 0
1 0.653287071875 0 0.6619999359375 0.0710475453125 0.665305140625 0.178441353125 0.6772857625 0.1688791234375 0.6981445578125001 0.1780843921875 0.70602691875 0.1887316765625 0.7165825703125 0.27480590781249997 0.7309243999999999 0.2979047734375 0.784764278125 0.3347222984375 0.7981390421875 0.336528365625 0.7846534375 0.199748321875 0.7940161875 0.1822461359375 0.8207657125000001 0.18585826562500002 0.8053199843750001 0 0.653287071875 0
1 0.8351608859375 0.3702762859375 0.8217615281249999 0.193978478125 0.79421535 0.183870178125 0.7861050781250001 0.1847714390625 0.785877165625 0.1963199859375 0.79281913125 0.26633404843749997 0.80257813125 0.3459121125 0.8351608859375 0.3702762859375
1 0.669146740625 0.18295297500000002 0.6774540984375 0.277507921875 0.687157678125 0.289598996875 0.7068214953124999 0.2890600109375 0.7114884953125 0.2868952125 0.7097247765625 0.25910624375 0.6989412109375001 0.1845805609375 0.6827494140625 0.1732104953125 0.669146740625 0.18295297500000002
0 0.23142201875 0.12624038906249999 0.2024242 0.1311089734375 0.191012321875 0.15871591875 0.190954825 0.18506109531249998 0.19701596875 0.1942645921875 0.24163684062500002 0.1827213578125 0.23142201875 0.12624038906249999
0 0.2695259234375 0.12859075625 0.27165922343750004 0.1728003953125 0.2771228765625 0.177131765625 0.27860326406249997 0.14898229375 0.2695259234375 0.12859075625
0 0.2970146046875 0.1650442328125 0.30734442031250003 0.16883484375 0.3079994078125 0.1473617921875 0.298324578125 0.12209812812500001 0.29485255781249997 0.13400718125 0.2970146046875 0.1650442328125
0 0.3485220203125 0.156028075 0.36960873125 0.15368479375 0.3649992265625 0.1295044140625 0.3548685734375 0.1273378453125 0.347355790625 0.13311123281249998 0.3485220203125 0.156028075
0 0.398834459375 0.1372676640625 0.4016514921875 0.14683166406249998 0.414627928125 0.1453896453125 0.42012032968749996 0.136548425 0.408794696875 0.1246376015625 0.398834459375 0.1372676640625
0 0.4583946515625 0.15369542187500002 0.500169740625 0.1457607765625 0.49072282187500005 0.108948565625 0.4722827328125 0.1060592140625 0.456460515625 0.111109821875 0.4525901671875 0.11977078906250001 0.450512290625 0.14304813593750001 0.4583946515625 0.15369542187500002