3 1 0.39173611406250003 0.9849063578124999 0.3777636890625 0.9335186906249999 0.30858711875 0.8946932515625001 0.3019664734375 0.931191975 0.4059045140625 0.8220442078125 0.4062753359375 0.6748008984375 0.3861619078125 0.4403569390625 0.3393224546875 0.24053698906249998 0.29032760625 0.1062325109375 0.2547694328125 0.052006025 0.2134836125 0.0986233703125 0.16901287812500002 0.2835783390625 0.1106315609375 0.398241815625 0.0940831375 0.420282875 0.047485996875000006 0.3652449484375 0.0476254671875 0.2851022796875 0.028563712499999998 0.2533136640625 0.0477213984375 0.1656321546875 0.0655405046875 0.09147365625000001 0.05682440625 0.0460439859375 0.0709918765625 0.0248306015625 0.473796115625 0.030346942187499996 0.5790541453125 0.0763554484375 0.5918408656249999 0.2629718859375 0.608177421875 0.483920384375 0.6279041765625 0.7005577203125 0.6409343109375001 0.8159300484375 0.628636346875 0.9367021359375001 0.6377747625 1 0.6588752859375 1 0.39173611406250003
4 0.22679766406250002 0.196997903125 0.25450971875 0.18440548750000002 0.4137756515625 0.1179134359375 0.414870796875 0.09711858749999999 0.35311870624999997 0.100775753125 0.278792940625 0.1129460859375 0.1099317984375 0.1709312609375 0.0711092015625 0.1955601859375 0.566239928125 0.25141814687499997 0.56068171875 0.303823475 0.46244976250000003 0.3094527421875 0.4220909171875 0.331944565625 0.7473956765625 0.389149590625 0.879959915625 0.386910459375 0.7288498140625 0.31624822343750003 0.722345303125 0.262651875 0.850686646875 0.269750446875 0.9368137125 0.29915779531250003 0.9464788734375 0.2750287046875 0.6365619812500001 0.2444267328125 0.3409287171875 0.2082674875 0.22679766406250002 0.196997903125
4 1 0.6755397953125 0.8707274734375 0.6507697046875001 0.5856965734374999 0.6435279031250001 0.287112359375 0.627980221875 0.031105596875000002 0.5935301328125 0.037441864062500003 0.71443331875 0.6527734781250001 0.996507175 1 0.99448706875 1 0.6755397953125
3 0.049797978124999996 0.9502020218749999 0.526203896875 0.997243534375 0.5480101859375 0.9971166703125001 0.42215099062499994 0.9506778875 0.0395480203125 0.7546211765625 0.049797978124999996 0.9502020218749999
0 1 0.136614053125 0.9893589437499999 0.147797603125 0.9811229640624999 0.16092963124999998 0.9797557140625001 0.16642636718749998 0.9767721234375 0.170780184375 0.9736860843749999 0.17253149375000001 0.9690680109375001 0.1715391359375 0.966857325 0.169175421875 0.9636828921875 0.1680574359375 0.95087494375 0.1759108078125 0.9513815843750001 0.214042146875 0.947339984375 0.2259792703125 0.9472236265625 0.23159952343749998 0.9450392703125001 0.24237914374999997 0.9435236046875 0.25751564375 0.9417989546875001 0.2629770921875 0.9404544906250001 0.3089709953125 0.94104501875 0.321633684375 0.942781946875 0.32958236093750004 0.9466672203125001 0.33425685625 0.9518213921875001 0.33530214687500004 0.9563490265624999 0.3311901859375 0.9622500515624999 0.32828655156250003 0.9644967484375 0.32314483125 0.98967749375 0.3395765109375 0.9927737640625001 0.3490003046875 0.991922834375 0.3719796125 0.9937181468749999 0.38905211562500003 0.9985390671875001 0.3930144640625 1 0.3934541453125 1 0.136614053125
0 0.1838722828125 0 0.2030843921875 0.032613928125000004 0.20111079062499998 0.0393916828125 0.20180758124999998 0.043214982812500004 0.20400421406249997 0.0458454875 0.20734329687500003 0.0472479109375 0.215948953125 0.047561296875 0.2199404890625 0.0433964015625 0.22505646562499998 0.041756139062499996 0.23782840156249999 0.041408203125 0.2408561921875 0.0384890359375 0.24033195937500001 0.0279783203125 0.231434790625 0.0059137078125 0.22615379687499998 0 0.1838722828125 0
0 0.225680584375 0 0.227135915625 0.0022710875 0.2324125859375 0.004401190625000001 0.23367971562499998 0.014448903125 0.2395609625 0.0289749015625 0.2411292875 0.040125071875 0.2406313859375 0.042757690625 0.242060978125 0.0428988515625 0.2482952546875 0.0370781625 0.26326778281249996 0.035874803125 0.265030628125 0.0330989125 0.266209084375 0.024365390625 0.26422102187499996 0.007542034374999999 0.2622592875 0.0038620109375000003 0.25415153125 0.000916003125 0.2527366109375 0 0.225680584375 0
0 0.0497827203125 0 0.0470827 0.05126856875 0.0543430640625 0.0498400484375 0.06487225937499999 0.05114790625 0.0679803953125 0.05011391875 0.0702793390625 0.0473909640625 0.0747845984375 0.0266497421875 0.07559160625 0.0181477234375 0.0748386140625 0.015391589062499999 0.074916778125 0.0070857796875 0.075804134375 0.00046894531249999996 0.07575968281249999 0 0.0497827203125 0
0 0.07553798125 0 0.0763121296875 0.0010554609375 0.07680212187499999 0.005394696875 0.0757922671875 0.010926725 0.07725214375 0.0207252921875 0.07579268125000001 0.034794628125 0.0760899203125 0.039383009375 0.07766615624999999 0.0435613265625 0.0860329578125 0.0484101578125 0.10548305468750001 0.050867067187500004 0.1111913296875 0.0482125765625 0.11311882343749999 0.0457211203125 0.116612459375 0.0441888421875 0.1217947328125 0.044700553125 0.1248084703125 0.042048175 0.128647225 0.0271410625 0.12960483125 0.019190271875 0.127002509375 0.0106197859375 0.119584546875 0 0.07553798125 0
0 0.11902614687499999 0 0.129076646875 0.0121654828125 0.130530384375 0.015258990625 0.13092816093749998 0.028170825 0.1285449171875 0.0324945265625 0.1257643078125 0.0477743 0.128097490625 0.05122282500000001 0.1343098078125 0.05264077968749999 0.1432065640625 0.050837484375 0.1488125328125 0.053536456249999996 0.1516857671875 0.053551990625000004 0.1788559375 0.04926220625 0.1827772234375 0.0464312625 0.1860820609375 0.041662204687499996 0.18758981875 0.033497559375 0.1861980078125 0.0121740453125 0.1848145234375 0.007746584375 0.1801863515625 0.0035350921875000004 0.1718188265625 0 0.11902614687499999 0
0 0.5366979640625 0.09317812812500001 0.538727765625 0.0853332078125 0.5419637125000001 0.0443532828125 0.54243705625 0.014900412499999998 0.5350502359375 0.01873005 0.5255229859375 0.01886201875 0.518752609375 0.0246297734375 0.512851584375 0.027533409375 0.49926650156249996 0.0296783015625 0.49755985625 0.0313870296875 0.49653595156249997 0.0371858484375 0.4929487484375 0.084835546875 0.513053484375 0.091916125 0.5366979640625 0.09317812812500001
1 0.551204525 0.19973641875 0.5514416109375 0.2088778890625 0.5529897453125 0.2135897875 0.561234046875 0.21735380937499998 0.604342671875 0.2208059296875 0.6074227078125001 0.22030552499999997 0.6104645484375 0.2171195671875 0.611691296875 0.2142907375 0.6124702046875 0.20632230156250003 0.6154791625 0.1594200421875 0.6155511859375 0.1444091703125 0.6072186265624999 0.1457318171875 0.5651681421875 0.1426523609375 0.556614734375 0.14475773593750002 0.553653240625 0.149828878125 0.551204525 0.19973641875
1 0.644319965625 0.1609269625 0.6429527125 0.1664237 0.6403292546875 0.21282766875 0.640650640625 0.220368396875 0.643092271875 0.22516851875000002 0.6465679015625 0.22738895937499998 0.6911061187499999 0.23098223906249998 0.693384871875 0.2218210109375 0.6953361 0.1984139921875 0.6972469453125 0.1621304296875 0.6951245171875 0.1546800453125 0.6892735562500001 0.149811453125 0.683296140625 0.1473439796875 0.66061540625 0.14483625 0.6533690921875001 0.1459979796875 0.645789525 0.1500767609375 0.6441491765625 0.1539374625 0.644319965625 0.1609269625
1 0.730996925 0.162513028125 0.7305192125 0.17158391875 0.7289069671874999 0.1749110375 0.7286602 0.18641833593749998 0.7267489390625 0.1988339921875 0.7250146078124999 0.22494420937499998 0.72574959375 0.23145306250000003 0.7283980234375 0.2357372484375 0.7400938109374999 0.23876936718750003 0.7659630265625 0.2421282953125 0.7738679359375 0.242104309375 0.776909775 0.23891835156250002 0.77972066875 0.2332959828125 0.7810677296875 0.2213609734375 0.7817294546875 0.17127698125 0.7810326640625 0.1674536828125 0.7798520234375 0.1659962109375 0.7708547296875 0.159476053125 0.7453429125000001 0.1561524171875 0.7366951046875 0.156639403125 0.730996925 0.162513028125