3 0.9720789984374999 0.6561334375000001 0.9655797234374999 0.6339504640625 0.9343792093750001 0.5922133296875 0.9079706 0.5876020640624999 0.8965326640625 0.5962124531249999 0.9210868624999999 0.7679882515625 0.9420387937499999 0.7906287265625 0.9659820515625 0.8057632328125001 0.9720789984374999 0.6561334375000001
0 0.9550513265625 0.61145518125 0.9724335984374999 0.64743091875 0.9785780531249999 0.49663519687499996 0.9657900078124999 0.5100458156250001 0.9525680375000001 0.5602167734375 0.9550513265625 0.61145518125
3 0.6620730625 0.59379523125 0.668753859375 0.6117106156250001 0.6884466234375 0.6190572750000001 0.685123890625 0.557622990625 0.66214315625 0.5524936828125 0.6620730625 0.59379523125
0 0.6861032421875 0.5695181812500001 0.69201440625 0.62023855 0.7119869859375 0.6309838359375 0.7282869203125 0.618197759375 0.7701209718750001 0.6204778515625 0.767777590625 0.5709387578125 0.74000495625 0.528683584375 0.695442565625 0.535418096875 0.6861032421875 0.5695181812500001
3 0.8230778140625 0.7157021125 0.8266806437499999 0.6962326125 0.8149982234375001 0.596491190625 0.7784458953125 0.5951333515624999 0.7598373421875 0.62203196875 0.7272725203125 0.62695334375 0.7181081515625001 0.6421019671875 0.8230778140625 0.7157021125
3 0.7768718640625 0.5970916859375001 0.7738286624999999 0.6233584375000001 0.7258383984375001 0.6306109906249999 0.7216759359375 0.643283240625 0.8260859671875 0.7100861359375 0.8132842859375 0.596750209375 0.7768718640625 0.5970916859375001
0 0.7871554921875 0.5955375671875001 0.8127246546875 0.58995295625 0.8123399812500001 0.5642042453125 0.79911829375 0.530072790625 0.7816990968749999 0.5292643640625 0.773968853125 0.5407553390625 0.77274445 0.5891131609375 0.7871554921875 0.5955375671875001
0 0.67043303125 0.547799959375 0.6809964749999999 0.5496444656249999 0.6944632125 0.5235229078125 0.68876176875 0.5175027156249999 0.6720421109375 0.5251908515625 0.67043303125 0.547799959375
4 0.543740959375 0.7372715546874999 0.5127498828125 0.8245370078125 0.511385571875 0.8711955171874999 0.4948055390625 0.9648853765625001 0.49634452187500006 0.9835778203125001 0.7020170890624999 0.9524954515624999 0.6992189375 0.91850919375 0.6864449546875 0.8898155421875 0.6779874734375 0.8081676796874999 0.6614778203125 0.7762535781250001 0.635804078125 0.6751856875 0.59386545 0.5662530984374999 0.5805736687499999 0.57342319375 0.57235360625 0.62111778125 0.5447904078125 0.707865196875 0.543740959375 0.7372715546874999
3 0.8940143296875 0.5656248203125 0.9031433671875 0.6554293859375 0.9582691999999999 0.650539378125 0.9647052281249999 0.6444053609375 0.9425291765624999 0.5858202921875 0.9508190515624999 0.5811265703124999 0.950259421875 0.5743293171875 0.93200078125 0.5633250109375 0.8940143296875 0.5656248203125
3 0.9061164734375 0.6704641812500001 0.9228007984375 0.7677292312499999 0.9598777125 0.7965350953125 0.9664322890625 0.7947136140625 0.9711232109375001 0.679590125 0.9675033796875001 0.67839161875 0.9061164734375 0.6704641812500001