3 0.900703534375 0.9940157203125001 0.9440816312500001 0.99250276875 0.9507403734375 0.91206981875 0.949786521875 0.830195984375 0.916464840625 0.8296517874999999 0.848311815625 0.772304915625 0.838065103125 0.7726623015625 0.8381644625 0.7811908265625 0.8246412859375001 0.7936072765625 0.8279785640625 0.9334155140625 0.864080515625 0.9526331156250001 0.900703534375 0.9940157203125001
0 0.9087201921875 0.8248027125 0.9274064687499999 0.815618978125 0.9530431171875 0.816431215625 0.957093390625 0.7241444578125 0.94668770625 0.71085620625 0.910685115625 0.700167128125 0.8748216281250001 0.7014179828125 0.8646742765625 0.7103038953125 0.8564334296875 0.7361872890625001 0.8551230828125 0.7703609515625 0.8641389343749999 0.811000046875 0.8844932515625 0.7983453375 0.9087201921875 0.8248027125
0 0.8279177531249999 0.7815482125 0.8325840546875 0.7421383078125 0.8220790109375 0.72032153125 0.8169755265624999 0.72220593125 0.8175716812499999 0.7733770765625 0.8210866140625 0.781786471875 0.8279177531249999 0.7815482125
3 0.7509084500000001 0.770582978125 0.71992985625 0.75118668125 0.697708778125 0.750255315625 0.6981658296875 0.7894865265625 0.7965627890625 0.8764937078124999 0.7971776203125 0.782620375 0.7509084500000001 0.770582978125
3 0.7391924171875 0.7914683890624999 0.739073184375 0.7812341593750001 0.752695721875 0.7773462343750001 0.732063196875 0.766121075 0.7267609953124999 0.7509484234375 0.6942534625000001 0.7469630359375 0.6981658296875 0.7894865265625 0.7391924171875 0.7914683890624999
0 0.797911684375 0.6989812703125 0.7688793390625001 0.6999938671875 0.7401053265625 0.723180628125 0.7404828921875 0.7555890234375 0.759467246875 0.771990859375 0.7713819984375 0.7681625000000001 0.7782926265625 0.7747470609375 0.8005137046874999 0.775678428125 0.8032138859375 0.714153921875 0.797911684375 0.6989812703125
3 0.641530715625 0.7675722875 0.6809290046875 0.7764365328125 0.6802732312499999 0.7201482734375 0.64941386875 0.7109862046875 0.6426423453125001 0.716341578125 0.641530715625 0.7675722875
0 0.72499359375 0.7458908734375 0.733472903125 0.740475934375 0.7350018421875 0.7250650265624999 0.7211010984375 0.705073084375 0.7074189484375 0.7038438953124999 0.698999253125 0.7143759484375 0.6993370750000001 0.7433729312499999 0.72499359375 0.7458908734375
0 0.5246461984375 0.706805890625 0.49865185624999997 0.6752909671875 0.45754578281249997 0.6664862859375 0.44563103125000003 0.6703146453125 0.437231209375 0.682552403125 0.437509415625 0.706432271875 0.461676740625 0.7277725312500001 0.5302464796875 0.7475641140625 0.545517184375 0.738499509375 0.54184328125 0.7164444750000001 0.5246461984375 0.706805890625
0 0.3144892734375 0.7056038015625 0.336610990625 0.69800664375 0.336332784375 0.6741267765625001 0.32759514218749997 0.65736755 0.288236596875 0.6519147140625 0.2781091171875 0.66250633125 0.280293828125 0.703383684375 0.3144892734375 0.7056038015625
0 0.6613683640625 0.710569253125 0.6801937437500001 0.7133254531250001 0.6816630671875 0.6927974296875 0.6679610421875 0.6898625359375 0.6628973031250001 0.69515834375 0.6613683640625 0.710569253125
4 0.60006706875 1 0.6002867359375 0.8935778578125 0.58356538125 0.7781260062500001 0.57317956875 0.766543459375 0.5475429187499999 0.7657312234375 0.5356877828125 0.7746766984375 0.453914015625 0.9413430296874999 0.44752005625 0.9791067953124999 0.43570113906249996 1 0.60006706875 1
3 0.5864642828125 0.7336585515625 0.56084750625 0.73455201875 0.5473640734375 0.7503798781250001 0.5458152625 0.7640850828125 0.5544336750000001 0.7706100796875 0.6330116625 0.7695758171875 0.6322167875 0.701347621875 0.6206994734375 0.7392900796874999 0.6071166796874999 0.746589415625 0.5864642828125 0.7336585515625