4 0.005411837500000001 0.9302158265625 0.0054375953125 0.93464336875 0.4708544203125 0.989176153125 0.5293695390625001 0.9878141984375001 0.548320540625 0.704596578125 0.5218766718750001 0.696630925 0.5117649234375 0.7116702375 0.46200276406249996 0.7447774625 0.295158809375 0.9507434234375 0.27358701406249997 0.954705503125 0.06032015625 0.903758509375 0.005411837500000001 0.9302158265625
1 0.330457675 0.76019015 0.2999691078125 0.7582402218750001 0.155401378125 0.8224217671874999 0.112870665625 0.8498866609375 0.0738331390625 0.887495309375 0.07190274375 0.9018708171875 0.163981328125 0.9272613359375 0.28697745937499997 0.951407228125 0.4148758390625 0.7944175609374999 0.40798141875000005 0.7854976921875 0.330457675 0.76019015
4 0.42572300468749996 0.7859540593750001 0.435405778125 0.77410930625 0.3363102359375 0.7527638421875 0.332480025 0.7571822874999999 0.3382100484375 0.762720903125 0.412976025 0.7844604984375 0.42572300468749996 0.7859540593750001
1 0.6256361703125 0 0.6181514546875 0.0037853546875 0.6022177296875 0.0019184046875 0.5840167843749999 0.11335452343750001 0.6018503234375 0.12517853750000002 0.6053435109375 0.1353222953125 0.5988169015625 0.171873009375 0.6009006218749999 0.20456536406249998 0.6112882265625 0.22362899062500002 0.6040262000000001 0.2536038953125 0.5949868921875 0.26065681406249996 0.5983575437499999 0.28376549687499997 0.5890425828125 0.3410808359375 0.601146096875 0.3473662328125 0.6031072796875 0.3930235125 0.6088373046875 0.39856212812499997 0.5991545328125001 0.41040688281250004 0.5925053874999999 0.459922521875 0.6020044578125 0.509707834375 0.618367159375 0.5083802296875 0.624832603125 0.5204946546875 0.616038571875 0.58598308125 0.6211865000000001 0.6320137531250001 0.599798809375 0.7430764812499999 0.611902325 0.749361878125 0.6336270374999999 0.6237369453125 0.6745028078125 0.4760197828125 0.6831131375 0.472161421875 0.691539559375 0.44556776875 0.7100471500000001 0.428267375 0.7031527296875 0.41934750625 0.6978514796875 0.3262489734375 0.69052808125 0.3205236625 0.6881073390625 0.3023935109375 0.6982496703125001 0.263021628125 0.69411301875 0.2576697078125 0.71274314375 0.2274043890625 0.7349584078125 0.218650475 0.7457136203125 0.1988193265625 0.7401980859374999 0.19168343125 0.7474295296875 0.18604109687499998 0.740136715625 0.155983215625 0.7450393703125 0.1435783734375 0.722977225 0.11503479375 0.7302698359375001 0.0607273171875 0.7270400718750001 0.010054167187500001 0.641231521875 0 0.6256361703125 0
1 0.47432056562499997 0.6651002234375001 0.45360672031249993 0.6626731875 0.3942843296875 0.694660240625 0.388738209375 0.7118569171875 0.4190122875 0.7154041234374999 0.4699388421875 0.68567815 0.47432056562499997 0.6651002234375001
2 0.48786413125 0.62450445 0.473922375 0.7283275687499999 0.47444330468749996 0.7365006578125 0.4833600734375 0.7424126640625001 0.50673953125 0.6526746421875 0.511243790625 0.619131790625 0.5066167921875 0.581274209375 0.499385346875 0.5869165421875 0.48786413125 0.62450445
4 0.52224428125 0.6577361500000001 0.5073524125 0.6722153765625001 0.5204977875 0.69484695 0.5457772609375 0.6994313515624999 0.550679915625 0.6870265140625 0.5663072 0.6791230953125 0.5586773593750001 0.6636274171875 0.5449804734375 0.657155325 0.52224428125 0.6577361500000001
1 0.769430709375 0.347615178125 0.7624137546875 0.351660234375 0.7557953953125 0.4612086625 0.745683646875 0.47624797343749997 0.7491768328124999 0.4863917328125 0.72258025 0.6844542921875 0.6779664234375 0.9323229062499999 0.6802646328125 0.9634179812499999 0.695340403125 0.971674046875 0.7099564125 0.9230918812500001 0.7211404015625 0.8157008203125 0.765233296875 0.5596591171874999 0.78153463125 0.5226312937500001 0.783373075 0.49688813749999994 0.7757432359374999 0.48139245781250006 0.7812279859375 0.428495565625 0.787019178125 0.385369040625 0.80371890625 0.36947923125000004 0.8056493031249999 0.35510372343749996 0.7907880203125 0.345250378125 0.827925328125 0.12895395 0.8375746046874999 0.023005475 0.8265554546875 0.0217143625 0.8066291859374999 0.08265360625 0.8003170656249999 0.11760704375 0.8048521093750001 0.144096978125 0.7978045703125 0.1724746046875 0.8026766406249999 0.18440233749999999 0.7901443515625 0.26567685625 0.7864060937499999 0.2814629484375 0.767684015625 0.3003606203125 0.762750778125 0.33709803125 0.769430709375 0.347615178125
1 0.7489325703125 0.849783015625 0.7184020109375 0.98341441875 0.8354921078125 0.9806891171875 0.8399694984374999 0.9431927171875 0.8376303796875 0.888297496875 0.8605604031249999 0.7898539609374999 0.9552646984375001 0.0367951953125 0.8580621640625001 0.025405996874999996 0.8312961812499999 0.23642799062500003 0.817415590625 0.2915859640625 0.7489325703125 0.849783015625
0 0.8977651906249999 0.9792396953125 0.9404612 0.9782459343750001 0.9652020640625001 0.79400275 0.9624442953125 0.7904348015625 0.9357551531249999 0.7240336375 0.9233451968749999 0.707977875 0.8777808578125 0.69777188125 0.8457301078125001 0.9243987625000001 0.8449335234375001 0.96648809375 0.8977651906249999 0.9792396953125
1 0.6249863296875 0.7362932359375 0.61263774375 0.7559376875 0.597347484375 0.7492789015625 0.6019742796875 0.7027711234375 0.58634699375 0.710674540625 0.5740289890625 0.7059864218749999 0.570014875 0.6876695749999999 0.5534376828124999 0.6905944609375 0.5341365375 0.9877032453125001 0.7095900796875 0.98361951875 0.7112741296875 0.9735409984375 0.7057585937499999 0.966405103125 0.6844932375 0.9801375484375001 0.6719913281250001 0.9527141374999999 0.6908357374999999 0.83648618125 0.6711023843749999 0.8147051062499999 0.6641160125 0.794417590625 0.6249863296875 0.7362932359375
3 0.6263038437499999 0.70237699375 0.6220140734374999 0.7343225671875 0.6905292984375 0.8267158140624999 0.712223428125 0.725423453125 0.6912031437499999 0.7132260484375 0.6930415890625 0.6874828953125001 0.6354656875 0.68235915 0.6328918234375001 0.7015264953125 0.6263038437499999 0.70237699375
0 0.74531644375 0.683873465625 0.719056884375 0.867373821875 0.7300879578125 0.8816456140625 0.7634256390624999 0.645435059375 0.74531644375 0.683873465625
0 0.8764019734374999 0.6959879078125 0.880538625 0.701339828125 0.920587428125 0.7044099265625 0.914336475 0.690698221875 0.8803547203125 0.6786045359374999 0.8764019734374999 0.6959879078125
1 0.7778873125 0.12795823906249998 0.7680210390625 0.285798415625 0.7735365765625 0.2929343125 0.8022168796875 0.12756410625 0.7967013406250001 0.1204282109375 0.7966399734375 0.08472799375 0.81137851875 0.02318090625 0.8112763718749999 0.0199241171875 0.7973324890625 0.0182903140625 0.7778873125 0.12795823906249998
1 0.364377653125 0.5678529 0.3129607546875 0.565073215625 0.3082725890625 0.5758807765625 0.3169748703125 0.5833900609375 0.31161265625 0.6233220296875001 0.2570703796875 0.6558691718749999 0.22912509062500003 0.6590844687499999 0.228573578125 0.67524395 0.21996325 0.6791023109375 0.173847396875 0.6850557984375001 0.1467600625 0.68188198125 0.1442167828125 0.67671675625 0.1294168703125 0.702563628125 0.11146079375 0.703704540625 0.1116447 0.72643983125 0.104198765625 0.7336794453125 0.0916662734375 0.73058860625 0.0656207984375 0.743760965625 0.059461798437500005 0.74141690625 0.05201586406249999 0.74865651875 0.047511603125 0.7821993734375 0.05440602343749999 0.7911192421875 0.0492582984375 0.8294539296875 0.0726993265625 0.8597814859374999 0.0702480015625 0.86598390625 0.08958295937500001 0.86662696875 0.0960789875 0.8544088234375 0.2199328703125 0.787800240625 0.2870076375 0.7583439390625 0.3229197875 0.7560621171874999 0.35877057031250004 0.7180800781250001 0.38640941875 0.7050944125 0.40589729375 0.5840746203125 0.38040333125000003 0.5810874984375001 0.364377653125 0.5678529
1 0.3069860625 0.754195165625 0.3165462984375 0.7553153359375 0.33195909375 0.7490091999999999 0.34430768125 0.729364746875 0.37010767968749997 0.57339151875 0.3454716703125 0.56401528125 0.3200696625 0.5723958062500001 0.3115820734375 0.6476546015625 0.313665790625 0.6803469546875001 0.3022365296875 0.729302509375 0.31274667031250003 0.7354012125 0.3069860625 0.754195165625
1 0.3971340484375 0.7095958359375001 0.37237550625 0.7131845234374999 0.34099840000000003 0.74195628125 0.33971146874999997 0.751539953125 0.4342413828125 0.770728053125 0.46690541718749995 0.732372625 0.4743819359375 0.7008004390625 0.4488879734375 0.69781331875 0.40583633125 0.7171051203125 0.3971340484375 0.7095958359375001
1 0.1326036140625 0.7029370187499999 0.10649717656249999 0.84913988125 0.30625064375 0.74761935625 0.307966553125 0.734841128125 0.29969325 0.7241372828125 0.3113370015625 0.67358445 0.2808484328125 0.671634521875 0.16321471875 0.691922021875 0.1326036140625 0.7029370187499999
1 0.48240996562499994 0.6530687734375 0.4926748328125 0.600731965625 0.5193943578125 0.5584351984375 0.5242356421875 0.5103301421875 0.5136641296875 0.468531221875 0.49910928749999994 0.46844824531249996 0.489028121875 0.4591549875 0.47569904375 0.49815347968749996 0.4627685640625 0.6426553421875 0.4648828671875 0.6510151265624999 0.4742286125 0.6537325765625 0.48240996562499994 0.6530687734375
1 0.16162094062500001 0.523004609375 0.13422716562499998 0.510060425 0.09279947656250001 0.505206353125 0.08578252187499999 0.509251409375 0.0794704 0.5442048453125 0.0316086625 0.8403652109375 0.043283203125 0.8498451640625 0.0628326515625 0.848890946875 0.0717188359375 0.8791355265625 0.10426033906250001 0.85374501875 0.16162094062500001 0.523004609375
1 0.1936417140625 0.573806375 0.17271338281249998 0.5729766171875 0.171518403125 0.5939279359375 0.162050121875 0.6041754109374999 0.1540832578125 0.6032419359375 0.147005134375 0.6559521328125 0.2479391203125 0.6515544421875 0.2583573125 0.6462854984375 0.26093117499999996 0.627118153125 0.19878964375 0.61983704375 0.1936417140625 0.573806375
1 0.0613925984375 0.8957721171875 0.0663258375 0.8590347062499999 0.0303523171875 0.8256163109375001 0.0324972015625 0.8096435234375001 0.013162242187500001 0.8090004609375001 0.004727390624999999 0.8125693578125001 0.005398 0.9278373234374999 0.0613925984375 0.8957721171875