3 0.951399184375 1 0.9663400390625 0.872720415625 0.9615800296874999 0.8719979734375001 0.9517715296875 0.8592531687499999 0.9385218078124999 0.8620662765624999 0.9202235921874999 0.85285701875 0.91768904375 0.8331761109375 0.9241181484375 0.8196797 0.8191918984375001 0.7780263984375 0.8027688359375 0.7803578765625 0.756281478125 0.763654225 0.6924231828125 0.72984195625 0.655723721875 0.698543653125 0.6340667125 0.6904326390625 0.6243818453125 0.7179070875 0.6123478828125 0.7241207515625 0.6450497546875 0.775716584375 0.6451527828125 0.7885963765625 0.6113793859375 0.8011586953125001 0.5469853265625 0.7994255031249999 0.394479590625 0.7778872453125001 0.3060794296875 0.74678225625 0.2946018328125 0.7482563046874999 0.2842987734375 0.8222694921875 0.288419990625 0.8421912171875 0.3279012765625 0.8497914359375001 0.35075344375 0.8339635484375 0.3695255953125 0.8528928515624999 0.368412865625 0.8623720875 0.4011765625 0.87216879375 0.47399851093749995 0.9121655625 0.5629550375 0.938530934375 0.59918055625 0.960109190625 0.6639661296875 0.986022096875 0.68193310625 1 0.951399184375 1
4 0.524978025 0.6979961968749999 0.5150252734375 0.74151018125 0.563655665625 0.7537150296874999 0.5741647828125 0.705461425 0.5678181046875 0.7044981703125 0.557164753125 0.6851930640624999 0.558813246875 0.6436347546875 0.5473356484375 0.6451088015625001 0.524978025 0.6979961968749999
0 0.5932048171875001 0.70835119375 0.621393959375 0.7158455874999999 0.6234133640625 0.671127534375 0.6116472828124999 0.6613016593750001 0.6003551390624999 0.6611958359375001 0.5932048171875001 0.70835119375
0 0.6489031046875 0.6878603484375 0.6659855609374999 0.6936690453125001 0.6705395125 0.6686319015625 0.66139040625 0.6640272734375 0.6523443265625 0.6723024375 0.6489031046875 0.6878603484375
0 0.6714049656250001 0.7025316640625 0.6870862062499999 0.706519675 0.69695653125 0.6774653546875 0.686220753125 0.6726199140625 0.67698921875 0.6824749484375 0.6714049656250001 0.7025316640625
0 0.7122050390625 0.726412234375 0.71826323125 0.71607556875 0.7162850484375001 0.6916550421875 0.7015310828125 0.6797676671875 0.6891468125 0.7164805359375 0.7122050390625 0.726412234375
0 0.7508208703125 0.7001126906249999 0.736911753125 0.694785621875 0.71826323125 0.71607556875 0.7162232265624999 0.7334541640625 0.75197480625 0.7453123749999999 0.7583008828125 0.7189361703125 0.7508208703125 0.7001126906249999
0 0.7988948984375 0.71705715625 0.7786391015625 0.7107668312500001 0.759805125 0.7336366484375 0.7570232984375 0.7573347359375 0.8084561203125 0.7731809562499999 0.8167397765625 0.7438858234375 0.7988948984375 0.71705715625
0 0.16397978124999998 0.6641106015625 0.1643300875 0.6336113984375 0.14481611562500002 0.621001584375 0.1120318140625 0.5838654156249999 0.0572402 0.5691174421875 0.0283092359375 0.5679425359375 0.015904362499999998 0.5773159453125001 0.0157395125 0.6062352765625 0.0035867078125 0.6165026499999999 0.0037809718749999997 0.6498937578125 0.004859484375 0.6576486234375001 0.0038280500000000004 0.657985878125 0.0038451531249999995 0.66092571875 0.0407965203125 0.667926959375 0.050213509375 0.65649205 0.062906865625 0.6584185609375 0.076651128125 0.6926649609375 0.09736025937500001 0.681335878125 0.139643975 0.6925774687499999 0.155593096875 0.68052594375 0.16397978124999998 0.6641106015625
0 0.954656384375 0.8484348781250001 0.9683800453125 0.85534181875 0.9785182562499999 0.7689754609375 0.9369763578124999 0.7926868796875 0.9303617984375 0.8077631625 0.930299975 0.849562284375 0.954656384375 0.8484348781250001
3 0.1556755078125 0.7898837750000001 0.183225859375 0.8165774515625 0.263033278125 0.8383381953125 0.2726151171875 0.7979839546874999 0.2763036171875 0.7390470484375 0.1852040546875 0.71718048125 0.15019429687500002 0.6990027828125001 0.14292034375 0.7059388890625 0.075909309375 0.6989844515625 0.05460259375 0.7841917359374999 0.11555543125 0.8014828390625001 0.1398088109375 0.7874756359374999 0.1556755078125 0.7898837750000001
4 0.1215105828125 0.9020838796874999 0.0050466734375 0.8674493999999999 0.0054825046875 0.9423626328125 0.155206125 0.9650866609375001 0.1906852546875 0.9318789734375 0.1215105828125 0.9020838796874999
4 0.627143053125 0.7906870421875001 0.6272254796875 0.7762273765625001 0.505134346875 0.74322504375 0.5001888812499999 0.7440824734375 0.5092555640625 0.763146765625 0.499282209375 0.77932129375 0.501899184375 0.7845425374999999 0.574515075 0.798779721875 0.6101636265625 0.7977581390624999 0.627143053125 0.7906870421875001
4 0.4458518921875 1 0.23529745625 0.937041890625 0.1998343609375 0.9364836000000001 0.16177489218750002 0.9580435265625 0.15688094531250002 0.965340853125 0.3852424234375 1 0.4458518921875 1
4 0.6727214625 1 0.6493151921875 0.98701451875 0.55998775625 0.9638088937499999 0.510780396875 0.9290042046875 0.425924484375 0.8952211 0.414817796875 0.8935354015625 0.4043705046875 0.89998988125 0.3631583 0.9484076359375001 0.3540297953125 0.9711424671875 0.4453338515625 1 0.6727214625 1
1 0.0653383859375 0.6652196796875 0.0551589734375 0.65563461875 0.0402401546875 0.6726665781250001 0.0190570703125 0.7980931140624999 0.0214885890625 0.8048942296874999 0.036984375 0.8104621156249999 0.05915654375 0.7591545921875 0.05913594062500001 0.7318151312500001 0.07088141875000001 0.7143015484374999 0.0653383859375 0.6652196796875