4 0.6023478109375 0.9540909421875 0.5586164171875 0.6763785 0.53069531875 0.6760479734375 0.5240231718749999 0.6934125859375 0.48213089374999996 0.7393072109375 0.366285815625 0.9776496390625 0.508748828125 0.9693521125 0.6023478109375 0.9540909421875
1 0.1302820296875 0.9913952937499999 0.35960462031249996 0.9780387734374999 0.44650603125000005 0.8004566750000001 0.43771126406249994 0.7937522828125 0.35542390625000003 0.7908923796875 0.3248339484375 0.7975076984375 0.19604393125 0.8998903640625 0.1600554015625 0.9383117015625 0.12976825625 0.985569471875 0.1302820296875 0.9913952937499999
4 0.4553616546875 0.7892467390625 0.46231681875 0.7750913265625 0.35956869999999996 0.7820782109375 0.356758334375 0.7874194578125 0.36365264062499997 0.79117836875 0.44242209062500004 0.791356515625 0.4553616546875 0.7892467390625
1 0.4574193359375 0 0.463011896875 0.0946106734375 0.48327029374999997 0.10107360937500001 0.488971678125 0.1099100453125 0.490608921875 0.147079575 0.499908865625 0.17811669375 0.51440501875 0.1936575203125 0.5138587828125 0.22467237187500003 0.5064790953125 0.2340139828125 0.5149299921875 0.25542349999999997 0.5184068390625 0.3134528328125 0.531770928125 0.31615685937500004 0.543820384375 0.35976705937500003 0.550714690625 0.363525971875 0.5437595281250001 0.377681384375 0.5481462796875001 0.42742399375 0.56856598125 0.47292478281249994 0.58445741875 0.4670783625 0.5935352046875 0.4769919546875 0.5993370390625 0.54278056875 0.6146213859375 0.5858633234374999 0.6180571734375 0.6992402359375001 0.6314212625 0.7019442609375 0.6250944546875 0.5743896687500001 0.6328194796875 0.42012885000000005 0.6404821843749999 0.4139964390625 0.6429288828125 0.38592706875 0.6574052390625 0.3640346421875 0.648610471875 0.3573302515625 0.62275260625 0.2687689765625 0.6142408546875 0.26527378437500004 0.6078319265625 0.24841434687500002 0.6091465609375 0.20750817187499998 0.6038696984375 0.20348553749999998 0.615596546875 0.16902003125 0.63563278125 0.15435944375 0.6418804031249999 0.1321810296875 0.6348445890625001 0.12681751562500002 0.6407483375 0.11934422656250002 0.626879071875 0.092307475 0.6289818984375 0.078943228125 0.6008386390625 0.0574891765625 0.5960273625 0.0029327640625 0.595148590625 0 0.4574193359375 0
1 0.47667292968749997 0.6588134718750001 0.45564613906250007 0.662241859375 0.40404918749999996 0.7097188156249999 0.4023708859375 0.7278968640625 0.43310234999999997 0.7228861453125 0.4768950921875 0.679937 0.47667292968749997 0.6588134718750001
2 0.48108094687499997 0.615775253125 0.4902789765625 0.7200742765625 0.49260396249999994 0.7278335546875 0.5027331609375 0.7310650234375 0.5059893140625 0.63775675 0.50301764375 0.6040601437500001 0.49005828281249997 0.56873666875 0.484154534375 0.5762099578125001 0.48108094687499997 0.615775253125
4 0.5224467859375 0.63832873125 0.510922303125 0.6564845125 0.5289363640625 0.6747070953125001 0.5549570015625 0.6720921421875 0.5570598265625 0.6587278953125 0.5707677890625 0.646726796875 0.559789540625 0.633867725 0.5448080078124999 0.631427421875 0.5224467859375 0.63832873125
1 0.6766887265625 0 0.676414259375 0.0028471875 0.6779099921875 0.0384121171875 0.6882613515625 0.06276711093750001 0.68757360625 0.0921773609375 0.6950339453125001 0.1023546765625 0.700633415625 0.1844530140625 0.700431053125 0.20076274062500002 0.6860962015625 0.224259765625 0.6893508890625 0.261165571875 0.698287165625 0.2694745640625 0.6922419078125001 0.2753432546875 0.7099516890625 0.383137465625 0.70327954375 0.40050207968749996 0.7089809296875 0.409338515625 0.7265279390625 0.6083089562499999 0.7372810921874999 0.8604726625 0.7464395296874999 0.88990518125 0.7631800171875 0.8936863625000001 0.7668804921875 0.8426251421875 0.75416455625 0.7356443625 0.741086415625 0.475721378125 0.7490123390625001 0.435364915625 0.7451307625 0.4099550328125 0.7341525171875001 0.3970959609375 0.727865303125 0.3444078734375 0.7240445828125 0.3010836625 0.737045003125 0.2810595609375 0.7357714296875 0.2666181578125 0.7188894328125001 0.261232378125 0.707731553125 0.041688121875 0.7022153265625 0 0.6766887265625 0
1 0.72101369375 0 0.734862990625 0.1446908 0.73334599375 0.201906703125 0.7892021203125 0.7608573296875 0.7885737640625 0.9025673328125 0.7956700703124999 0.9225700421875 0.9080349609375 0.9042491187499999 0.89993555 0.8258137375000001 0.88546676875 0.773374525 0.8863507687500001 0.6717721046875 0.8213155125 0 0.72101369375 0
0 0.9877372390625 0.644289771875 0.987259278125 0.6439254156249999 0.9461566609375 0.5871478875 0.930326075 0.57507998125 0.88299563125 0.57791411875 0.9014723437500001 0.8060310890625001 0.9100038906249999 0.8469595312499999 0.9842560609375001 0.843726271875 0.9877372390625 0.644289771875
1 0.6170057609375 0.7059223593749999 0.611284578125 0.659652671875 0.5975766171875 0.671653771875 0.5843540375 0.670554346875 0.5763276671875001 0.6539586328125 0.560577734375 0.661409653125 0.6071400578125 0.953309571875 0.7812304546875 0.9249243999999999 0.779354471875 0.8910491421875 0.7723186578125001 0.8856856296875 0.7543243921875 0.9048962968750001 0.73588580625 0.8818599125000001 0.728790603125 0.7641966421874999 0.7044482671875001 0.748633546875 0.693045496875 0.7309606750000001 0.6414698078125001 0.685656803125 0.6336047406249999 0.7080989390625 0.6170057609375 0.7059223593749999
3 0.6352632453125 0.652487640625 0.6380934078125 0.684579646875 0.7263241078125 0.7548327640625 0.725354815625 0.65081973125 0.701861528125 0.6448842375 0.697979953125 0.6194743546875 0.639893421875 0.630572946875 0.64159151875 0.649828153125 0.6352632453125 0.652487640625
0 0.7488891609375 0.6014076484374999 0.7635451515625 0.786200409375 0.77761678125 0.796927434375 0.7582910203125001 0.5591828624999999 0.7488891609375 0.6014076484374999
0 0.8812366765625 0.5765732406249999 0.8865135390625 0.580595875 0.92680816875 0.5723982249999999 0.9175888765625 0.5608800328125 0.881297534375 0.5586589156249999 0.8812366765625 0.5765732406249999
1 0.6555393234375 0 0.658015265625 0.0546773046875 0.683205184375 0.21008208593750002 0.690240996875 0.21544559843750002 0.68199393125 0.047512275 0.6749581171875 0.0421487609375 0.6669926015625001 0.0076387203125 0.66710675625 0 0.6555393234375 0
1 0.34638864687500004 0.5954171296874999 0.29491340625 0.607065434375 0.292669071875 0.61882508125 0.302939778125 0.6236611515625 0.30647748125 0.6637761578125 0.2597328671875 0.7104619484375 0.23280232500000003 0.7213636250000001 0.23583484999999998 0.73714590625 0.22817214843750003 0.743278315625 0.1838742296875 0.7618947375 0.15637765625 0.7663780124999999 0.152718240625 0.7620916546875 0.1438017609375 0.7912159140624999 0.1262928765625 0.79732605625 0.1315088828125 0.8192630187500001 0.12574664062500002 0.8283409078125 0.11266556718750001 0.8288460828125 0.089818965625 0.848847915625 0.08320767812499999 0.8482982046875 0.077445434375 0.8573760953124999 0.08041710625000001 0.8910727015625 0.089211875 0.89777709375 0.0926080703125 0.9362875015625001 0.12251028125 0.9590824328125 0.1214588703125 0.9657645562500001 0.14072670781250002 0.9609952906249999 0.1444469796875 0.9473673234375 0.2522102046875 0.8484130406249999 0.3120358921875 0.8012220749999999 0.34705366249999997 0.7890017890625 0.374105915625 0.7422714625 0.3985699625 0.7220059062499999 0.391050234375 0.5995288375000001 0.3651711046875 0.6037483906250001 0.34638864687500004 0.5954171296874999
1 0.3308792078125 0.791639009375 0.3405838796875 0.790056678125 0.3544333484375 0.779660178125 0.362298415625 0.757218040625 0.353282953125 0.5991760421875 0.3268377921875 0.5969771921875 0.30356666718750003 0.6121652265625 0.31183499531250003 0.6873177187499999 0.3211349390625 0.7183548390625 0.32066935625 0.7688886140625 0.332416 0.7718563609375 0.3308792078125 0.791639009375
1 0.41017509687500003 0.723369053125 0.386479446875 0.733743284375 0.361813034375 0.770318565625 0.3626620828125 0.77994616875 0.4604163578125 0.772145846875 0.48423371875 0.7259429640625 0.484638446875 0.6933235140625 0.45875931875 0.697543065625 0.42044580312499996 0.7282051218750001 0.41017509687500003 0.723369053125
3 0.9139538609375 0.9032840515625 0.9834141625000001 0.8919586546874999 0.9842277984375001 0.8453454718750001 0.9216090250000001 0.848322678125 0.9105699234375001 0.8533779328125 0.9139538609375 0.9032840515625
1 0.1470366515625 0.79068846875 0.15358561875 0.9393665890625 0.3286957265625 0.78548433125 0.3275636625 0.772647528125 0.317009940625 0.7646022578125 0.317334015625 0.7124638812499999 0.286744059375 0.7190792 0.1748770984375 0.7715000703125 0.1470366515625 0.79068846875
1 0.48201064687499995 0.64492178125 0.4805757703125 0.591442528125 0.49764033437500005 0.54308533125 0.49177764531249996 0.49521104375 0.47206548593750003 0.4577332546875 0.457649984375 0.4617113546875 0.44562032343749997 0.45553440624999997 0.4410708 0.49696802343749996 0.460276315625 0.6403271671875 0.46421874687500003 0.6478227234375 0.47406492812499995 0.6478449937499999 0.48201064687499995 0.64492178125
1 0.13589856718749999 0.6085774671874999 0.1059355 0.6036968609375 0.0638819171875 0.610553634375 0.057836657812500004 0.6164223234375 0.059332392187500006 0.6519872531249999 0.0775656796875 0.951761525 0.0912127828125 0.95767475 0.11033911562500001 0.951300884375 0.12582582656250002 0.9780739140625 0.1523926984375 0.9444441109374999 0.13589856718749999 0.6085774671874999
1 0.178820996875 0.648781546875 0.1579357125 0.653814534375 0.161392765625 0.6744106171875 0.1542960953125 0.6869614296875 0.146208865625 0.6882800390625 0.150878634375 0.7412318499999999 0.2497451765625 0.7088350828125 0.2588838171875 0.7008343484374999 0.2571857203125 0.68157914375 0.19410534375 0.6918643015625 0.178820996875 0.648781546875
1 0.11604049999999999 0.9601373203125 0.073057215625 0.9378475671875 0.071642134375 0.9218015609375 0.052374296875000004 0.926570825 0.027788956250000003 0.9454610109375 0.0323429125 0.9970995984375 0.1188558 0.9920607968749999 0.11604049999999999 0.9601373203125