4 0.471482790625 1 0.48702856875 0.92830350625 0.49254948593750003 0.8440319796875 0.4865383515625 0.8349992828125 0.4847076515625 0.7993354375 0.504754371875 0.7656900703125 0.4987432375 0.756657375 0.507583959375 0.6938308484375 0.473877246875 0.680208134375 0.34667044062499996 0.8552157218750001 0.293214246875 0.962081446875 0.2761952734375 0.9817629703125 0.3862351421875 1 0.471482790625 1
4 0.7101960578125001 1 0.7203234015625 0.9476802062499999 0.6289541546875 0.8103832296875 0.5834676921875 0.799630121875 0.5490881484375 0.7891104828125 0.5411575953125001 0.8183347062499999 0.531881378125 0.8537650812500001 0.5182265671875 0.8579312265624999 0.500772096875 0.8502166000000001 0.49264856718749994 0.87297966875 0.48847331406250005 0.9510450421875 0.623780015625 0.9959716734375 0.639118884375 1 0.7101960578125001 1
3 0.582497621875 0.7158901296875 0.5900969390624999 0.739651671875 0.6149577484375001 0.7646666859375 0.633570084375 0.8111482328124999 0.7228712921875 0.9432805921874999 0.75723529375 0.7994975515625 0.6649115203125 0.7327632609375 0.605047875 0.7148055296875 0.582497621875 0.7158901296875
3 0.8699664046875 1 0.8936081828125 0.89096509375 0.8611953796874999 0.8713749249999999 0.8491235703125 0.8388356890625 0.8207056203124999 0.8228749015625001 0.7932629234374999 0.9420883343750001 0.785238471875 0.9937990921875001 0.7868372484374999 1 0.8699664046875 1
1 0.42363141562499995 0.6767027140625 0.44858612343750004 0.67923119375 0.45839173750000006 0.6487104328125 0.4486304828125 0.6422708109374999 0.4320913625 0.65238810625 0.42363141562499995 0.6767027140625
3 0.464932265625 0.66265274375 0.4629137671875 0.671961971875 0.48464775 0.681993140625 0.5255182828125 0.6919812453125 0.5311434609375 0.688091634375 0.5326325640625 0.6738727890625 0.5145052625 0.6692612390625 0.5003210578124999 0.6685177671875 0.464932265625 0.66265274375
0 0.8189740000000001 0.8161587453125 0.8561439546875 0.8432137703125001 0.8736975046875 0.8798760874999999 0.8941303125 0.8885570515625 0.9327489234374999 0.7104496046875 0.89271943125 0.6965826546875 0.8477623624999999 0.6907391609375 0.8189740000000001 0.8161587453125
0 0.703283703125 0.7616248234375 0.7167950750000001 0.7654713734375 0.7240579765625 0.7907844515625 0.7618016843750001 0.7857887109374999 0.7831393484375 0.6800291171875 0.726545965625 0.669042540625 0.6781308359375 0.7012009640625 0.6715954890625 0.7386928828125 0.685299840625 0.74900058125 0.6886196421874999 0.7704455828125 0.696312859375 0.7717205890625001 0.703283703125 0.7616248234375
0 0.61552631875 0.6811816937499999 0.6130775078124999 0.7145289953125 0.6257230687499999 0.7150174671875 0.6351479062500001 0.7230086265625 0.663852734375 0.7229440312500001 0.6789471078125 0.6900851984374999 0.6645203828125 0.6684067296875 0.628602196875 0.6576320890625 0.61552631875 0.6811816937499999
1 0.596562021875 0.481949003125 0.558354003125 0.6508116562499999 0.5086087515625 0.8434789125 0.5245245781250001 0.8509385375 0.607812378125 0.47416978125 0.5949738390625 0.4672201578125 0.588002996875 0.477315921875 0.596562021875 0.481949003125
0 0.596582746875 0.6876859093750001 0.609757703125 0.693083996875 0.633218125 0.6583970921875 0.6181681109375 0.6542955421875 0.601628990625 0.6644128390625 0.596582746875 0.6876859093750001
1 0.7794681953125 1 0.8054678093750001 0.8637464265625001 0.8768376 0.54929419375 0.8903386125000001 0.4502722875 0.9015889687499999 0.4424930671875 0.9223972390625 0.331823859375 0.9773373546874999 0.159305065625 0.9861832578125 0.147912765625 0.9934679187500001 0.11796933125 0.9957505843750001 0.0787774859375 0.9132829125 0.065110028125 0.844179315625 0.44262225624999996 0.71460481875 1 0.7794681953125 1
1 0.59103074375 0.4633520796875 0.563478603125 0.45074936875000005 0.5551125546875 0.452577440625 0.5443967734374999 0.516700503125 0.5584870796875 0.539930509375 0.5697374359375 0.5321512875 0.59103074375 0.4633520796875
1 0.73522770625 0.459926025 0.669931859375 0.4523190578125 0.649642621875 0.4650294265625 0.6212742109375 0.463542484375 0.6088216281250001 0.4695151671875 0.596953159375 0.5463055375 0.6644109421875 0.5365905843750001 0.6904687968750001 0.5119779125 0.7330214109375001 0.514208328125 0.74143181875 0.47541987499999994 0.73522770625 0.459926025
1 0.33872952500000003 0.7815714921875 0.33950662187499997 0.85885033125 0.40315956249999996 0.7858203828125 0.44873474375000005 0.722652728125 0.46570417812500003 0.6884973578125 0.4559429234375 0.6820577375 0.4318540265625 0.6828873343749999 0.39516910781250003 0.6977023078125 0.36757260937499997 0.722059978125 0.333579021875 0.7244626484375 0.316030653125 0.7392345578125 0.3043004421875 0.756578009375 0.3232935546875 0.7645476375 0.33872952500000003 0.7815714921875
1 0.3742070375 0.713515753125 0.40641946406249996 0.6899230859375 0.41012004218750003 0.6728561671875 0.380356428125 0.6631015312499999 0.3641537265625 0.6716672890625001 0.341074078125 0.6678422734375 0.29361865625 0.6808722390625 0.27708471874999996 0.742423759375 0.297280059375 0.752199928125 0.3327132109375 0.7211045687500001 0.349974703125 0.72235804375 0.3742070375 0.713515753125
1 0 0.9359888203125 0.263173096875 0.9796047906249999 0.30590416875000004 0.9256095343749999 0.3324862359375 0.8544722515625001 0.337240421875 0.7957903359375 0.3200728296875 0.772050325 0.2959343921875 0.7584060796875 0.26583436250000003 0.7502029828125 0.2499680765625 0.7572172015625 0.2303021296875 0.75235065 0.22001148124999997 0.7410014140625 0.20924097968750002 0.73921640625 0.180635234375 0.768228690625 0.1666440078125 0.7739463734375 0.133610128125 0.75722058125 0.1018280140625 0.756775175 0.057642857812500004 0.7767762968749999 0.02220970625 0.8078716546875 0 0.8082478312499999 0 0.9359888203125
1 0.6432847421875 1 0.6099322265625 0.9936766640625001 0.51515964375 0.9602896765625 0.49515728125 0.9569746640625001 0.486984209375 0.9652638874999999 0.47945246093750005 1 0.6432847421875 1
1 0 0.7857613484375 0.16039035468750001 0.743978678125 0.18005629843749998 0.7488452296875 0.1929887375 0.7333083171875 0.2201053828125 0.718514875 0.230010071875 0.71694180625 0.2410230921875 0.7396618125 0.269198525 0.734687603125 0.28395648281249997 0.7033803062499999 0.29058572968749996 0.6434018546875 0.322164503125 0.53451765625 0.3326924859375 0.5153676640625 0.344506234375 0.37266922187499996 0.335462171875 0.3261661421875 0.299296284375 0.24302227968749998 0.27620109375 0.0848945828125 0.2507996421875 0.0014591093750000001 0.0729596578125 0.0004244671875 0 0.33691140625 0 0.7857613484375
1 0.587554228125 0.7954855109375 0.6241452468750001 0.803157075 0.6237592921874999 0.7902347671875 0.6076009484375 0.7618401421875001 0.575526778125 0.7259858921875 0.5714402421875 0.7301305046875 0.5598091109375 0.776421646875 0.587554228125 0.7954855109375