4 0.38146582812499996 0.8006820890625 0.3798030328125 0.83276748125 0.30433132500000004 0.8345162546875 0.0439574390625 0.8525491437499999 0.0472118109375 0.883433409375 0.25083896875 0.8852994531249999 0.344894834375 0.8844093000000001 0.3895655140625 0.8935039796875 0.403783646875 0.9167492296875001 0.40002495937500004 0.9608547156249999 0.38940974375000004 0.9826759328125 0.53928553125 0.9756953546875 0.8981624265624999 0.92750915 0.9008514734374999 0.8952859640625 0.8991986890625 0.8636457562500001 0.8240804687500001 0.836838846875 0.7106588609375 0.8134979609374999 0.5324092421875 0.797184540625 0.4209042828125 0.7920328015625 0.38146582812499996 0.8006820890625
3 0.7972424046875 0.6140535734375 0.7394836546875 0.6083931765624999 0.62867565625 0.609855671875 0.608169840625 0.6226707015625 0.6221291171875001 0.6275042140625 0.6433268859375 0.6531662218750001 0.5969934125 0.6761569328125 0.5141039640625 0.6872864546875 0.4989996109375 0.7513618109375 0.499084228125 0.7681199890625 0.54445186875 0.7838289046875 0.6657293234375 0.7859915421875 0.67436675 0.7881857078125 0.6770699828125 0.7978844703125 0.77173819375 0.786850375 0.7947629890625 0.8458061515624999 0.89998026875 0.8870181703125001 0.877413603125 0.688813690625 0.8596160296875001 0.67946468125 0.8472299265625001 0.6576504 0.8365862312499999 0.6523717046875 0.8341468609374999 0.62922188125 0.8249867109375 0.6220670390625 0.8034354562500001 0.6249607140625 0.7972424046875 0.6140535734375
4 0.475018996875 0.667380059375 0.48505034843750006 0.6828026984375 0.5389707984375 0.6839475984375001 0.5935035937500001 0.6749485546875 0.6320708453125 0.6580314734375 0.629890334375 0.6532933875 0.598566584375 0.6591761625 0.5545928671875 0.65669571875 0.475018996875 0.667380059375
3 0.43914496718749996 0.75772150625 0.495858271875 0.75346055 0.5122719359375 0.6858554859375 0.4658538421875 0.6920880171875 0.4342612234375 0.74328465625 0.43914496718749996 0.75772150625
4 0.5507545671875 0.6521802234375 0.541773665625 0.614816140625 0.5251957765624999 0.6170420453125 0.5012001453125 0.6286486953125 0.5116696015625 0.632273828125 0.5121026984375 0.6523391265625 0.5507545671875 0.6521802234375
1 0.8517523062500001 0 0.8520445484374999 0.00131488125 0.9177958437499999 0.226421590625 0.9207554328124999 0.2704634921875 0.94133084375 0.3699950453125 1 0.6133216453125 1 0.35238495625 0.962868103125 0 0.8517523062500001 0
3 1 0.6770682796874999 0.9938073125000001 0.6765394765625 0.9861307125 0.6675084859375 0.9480015671875 0.6726280640625 0.9228708687499999 0.689417984375 0.9505851421875 0.8886082500000001 0.9579132609375 0.8943321265625 1 0.8886811625 1 0.6770682796874999
0 0.8580478640625 0.66458265 0.8716586562499999 0.666109046875 0.8759350609375 0.6588270390625001 0.8592875703124999 0.5487063609375 0.850212040625 0.5583097 0.8441882234375001 0.5809189171875 0.849151578125 0.6439767468750001 0.8580478640625 0.66458265
1 0.80399046875 0 0.9041670500000001 0.8948407828124999 0.913777221875 0.925412559375 0.9457671984375 0.9211172828124999 0.9453529187499999 0.8708642859375001 0.9253898484375 0.7611887875 0.83035435 0 0.80399046875 0
0 1 0.62839783125 0.9901582718749999 0.5780891390625 0.95229799375 0.53789485625 0.92970129375 0.5308671796875 0.9013446406250001 0.5329976578125 0.918509846875 0.6799418125 0.9703394078124999 0.66124400625 0.987091540625 0.6606716593749999 0.996774409375 0.6727871796875 1 0.67235408125 1 0.62839783125
0 0.111893609375 0.60378078125 0.06294652656250001 0.6019681109375 0.0186948171875 0.61280465625 0.02968610625 0.7171129406250001 0.047921784375 0.714664446875 0.0577788953125 0.728433525 0.077846603125 0.7274159984375 0.090411953125 0.7190210390625 0.11894284531249999 0.71854411875 0.12714717343749998 0.7006729875000001 0.138228975 0.6941541796874999 0.1423311390625 0.6852186109375 0.1317820703125 0.6329724984375 0.111893609375 0.60378078125
1 0.56700900625 0.48733319843749995 0.550431115625 0.48955910312500006 0.5470259140625 0.5051089046875 0.5592277640625001 0.5889952296875001 0.5530297078124999 0.6099508890625 0.5603528203125 0.6475375640625 0.5744913406250001 0.6221618328125 0.5695279859375 0.5591040046875 0.5793951093749999 0.50914748125 0.56700900625 0.48733319843749995
1 0.5625333312499999 0.65227565 0.5675117046875 0.619745078125 0.5582669390625 0.5958320546875 0.5512973140625 0.5296896984374999 0.5536570703125 0.5042185421875 0.5673574859375 0.49064031718749995 0.5607263296875 0.491530678125 0.5473794015625 0.476553221875 0.5438945875 0.4434820453125 0.5370891921875 0.44271884687499996 0.5348190578125 0.45308538125000003 0.54832020625 0.5971675984375 0.5575599640625 0.652943421875 0.5625333312499999 0.65227565
1 0.5645396015624999 0.6553601765625 0.5715192375 0.6577769328125 0.622910696875 0.6508766296874999 0.5794647078125 0.6214940624999999 0.5646292234375 0.64025555625 0.5645396015624999 0.6553601765625
0 0.6767565421875 0.57153775 0.661139478125 0.566926828125 0.6531990140625 0.5713468984375 0.65336825 0.6048632578124999 0.6835569312499999 0.6041637484375 0.6856528265625 0.5921436546875001 0.6767565421875 0.57153775
1 0.3205512015625 0.334283046875 0.313571565625 0.331866290625 0.30432179375 0.3398160703125 0.3305425078125 0.6046080875000001 0.33679514843749997 0.791587409375 0.339324140625 0.7996326140625001 0.3496193546875 0.8016041921875001 0.35886912656250003 0.7936544125 0.3350131765625 0.4715284390625 0.3205512015625 0.334283046875
3 0.4492759515625 0.694313921875 0.3608904140625 0.7011505375 0.35669862812500003 0.725190725 0.3597453359375 0.7700594062499999 0.3781552546875 0.7692644703125 0.3985764515625 0.7396912625 0.4492759515625 0.694313921875
1 0.353283415625 0.8044661265625 0.2955246640625 0.7988057296875 0.257221278125 0.8022717500000001 0.2320905796875 0.8190616687500001 0.2073979859375 0.824054084375 0.1834919765625 0.8205561140625001 0.1723255578125 0.8103167453125 0.0419725734375 0.8177574453125 0.040314784375 0.8179800359374999 0.0443098734375 0.855893778125 0.1367203984375 0.8553443296875001 0.1759846125 0.8450414828125 0.2549461375 0.8445010859375 0.35607126718750004 0.8309230703124999 0.365843759375 0.82793396875 0.36811389375000003 0.8175674328125 0.386001090625 0.811811821875 0.38146582812499996 0.8006820890625 0.364365215625 0.7979473171875 0.353283415625 0.8044661265625
3 0.23952333750000002 0.7140925203124999 0.253382978125 0.79775625625 0.33330532968750004 0.7903790328125 0.3279088765625 0.70725590625 0.23952333750000002 0.7140925203124999
3 0.0400698140625 0.815655228125 0.18323311874999998 0.8021443765624999 0.18028103906249998 0.7103082734374999 0.056469587499999994 0.7319632328125001 0.031322721875 0.7326445828125 0.0400698140625 0.815655228125
1 0.224354390625 0.6339584953124999 0.22218889531250002 0.5336320078125001 0.2025592921875 0.52285203125 0.17603466875 0.5264134781250001 0.1748996 0.5315967453125 0.1882265078125 0.674025403125 0.18410432031249999 0.8104121703124999 0.192477884375 0.8260573984375 0.2319163390625 0.8174081109375001 0.24875809218749997 0.80173114375 0.224354390625 0.6339584953124999
1 0.149265725 0.9744005734375 0.1493639625 0.99385624375 0.3888343515625 0.9827027312500001 0.41311803593749996 0.9255576328125 0.4078858109375 0.9078136656250001 0.39253261250000004 0.8897516812499999 0.34620414374999997 0.8808795921874999 0.253631825 0.8798935953125 0.1722259234375 0.8891469671875001 0.1744014296875 0.925747853125 0.149265725 0.9744005734375
1 0.059289478124999996 0.99805153125 0.13910975625 0.9943338421875 0.143854253125 0.9868658453125001 0.1544183375 0.9435235593750001 0.1694280625 0.926415625 0.1665555921875 0.8832005015625001 0.1577439265625 0.8793527781250001 0.12162105000000001 0.8875568859375 0.0528364859375 0.9368120671875 0.059289478124999996 0.99805153125