3 1 0.7338796640624999 0.9990333765624999 0.7343445515625 0.9872075203125 0.733489553125 0.9694769984375 0.7179128218749999 0.9309412484375 0.72060640625 0.90471928125 0.73252891875 0.8794086265625 0.7023475671875 0.8358464765625 0.705392490625 0.8171401062499999 0.67306790625 0.804029121875 0.6790291625 0.7846231328125 0.66356954375 0.732488475 0.663850459375 0.7059902765625 0.6421601484374999 0.6864701765625 0.6536142109374999 0.6880315343750001 0.680410778125 0.7674285453125 0.743806921875 0.83932648125 0.8228616953125 0.9222695953125 0.889373184375 0.9336885875000001 0.9121175062500001 0.97678293125 0.95114544375 1 0.949522609375 1 0.7338796640624999
4 0.5618025 0.6505570296875 0.4208425765625 0.98611664375 0.53200279375 0.98223484375 0.9725657078125 0.951440221875 0.8127306984375 0.7994966 0.6908284453125 0.786156484375 0.7101518125 0.9445584234375 0.6956581171875 0.955661146875 0.654958975 0.95009791875 0.5940267203125 0.6550310359375 0.5618025 0.6505570296875
0 1 0.6291563906250001 0.9325041703125001 0.5741974015625 0.8784988765625 0.57124585625 0.8536596218750001 0.5780269 0.8315692671875 0.6031134687499999 0.81992205625 0.6341965046875 0.7981409796875 0.6357189671875 0.798319625 0.6676570015625 0.8311293531249999 0.6821797187499999 0.8462896203125 0.711388959375 0.854569371875 0.7091286109375 0.8589126796875 0.697053775 0.8705433671874999 0.6945592046875 0.889559015625 0.7033196796875 0.9044265265625 0.7275045625 0.9239466265624999 0.7160505015624999 0.9676063609375 0.7146803625 0.9972603250000001 0.732786878125 1 0.7311792828125 1 0.6291563906250001
0 0.7541719640625 0.6606532109375001 0.7859082609375 0.656753290625 0.7900729234375 0.6127404203125 0.7685035421874999 0.5890239875 0.7347990249999999 0.5880166640625 0.72529868125 0.6559449796875 0.7417606 0.6497495015625 0.7541719640625 0.6606532109375001
0 0.805411834375 0.67388769375 0.8201007015625 0.666134540625 0.8269977390625 0.6690156609375 0.826054940625 0.595090878125 0.809300265625 0.596262003125 0.7939117812500001 0.620880121875 0.7984172093749999 0.6693317875 0.805411834375 0.67388769375
1 0.6626532187499999 0.9377888578125001 0.6735842859375001 0.952159253125 0.7005869328125 0.953635025 0.7007175671875 0.8981328812499999 0.68627344375 0.8234702125 0.6658301984375 0.3859998796875 0.6579573109375 0.3663709046875 0.6499703125 0.3736556078125 0.6476762875000001 0.4209009375 0.6689167375 0.8431810875 0.66632995625 0.8854020609375001 0.6599208421875 0.8908948656250001 0.6626532187499999 0.9377888578125001
0 0.6917082734375 0.628023978125 0.718906090625 0.632849321875 0.7296750390625 0.58669321875 0.7127251953125 0.5845147703125 0.6933026812499999 0.5976436171875 0.6917082734375 0.628023978125
3 0.5618025 0.6505570296875 0.61906114375 0.6515995640625001 0.6196631796875 0.6330598125 0.53520671875 0.6271919359375 0.5377604500000001 0.642147890625 0.5618025 0.6505570296875
1 0.4647395046875 0.63043586875 0.47259586875000004 0.6786533109375 0.508382715625 0.6576541984375 0.5048531359374999 0.6259503875 0.4647395046875 0.63043586875
4 0.5833073468750001 0.615421746875 0.5654627156250001 0.626758696875 0.5910826484375 0.6333759390625 0.5833073468750001 0.615421746875
1 0.3254789828125 0.8100122015625001 0.3168899515625 0.8358366593750001 0.2881953140625 0.8630664625 0.27449881875000004 0.85897900625 0.23674374999999998 0.8750708734374999 0.20676398125 0.9091169328125 0.1722622625 0.923299790625 0.15716653281249998 0.9529422671875001 0.156857253125 0.9765063734374999 0.18050896562500002 0.9782163718750001 0.191846896875 0.9706974421875 0.19942702968749998 0.9853020625 0.2118807953125 0.99341375 0.41750205156250003 0.9862332968749999 0.54216829375 0.6889247703125 0.5418920625 0.6553119484375001 0.5257228984375 0.6665317859375001 0.4954669015625 0.666965025 0.4713107390625 0.6854695656249999 0.410960865625 0.746862540625 0.3603875671875 0.773940021875 0.3254789828125 0.8100122015625001
1 0.7412876359375 0.7859926828125 0.8091845953125001 0.7963812546875 0.751373490625 0.728113078125 0.7203368140624999 0.7151480328125001 0.69699438125 0.689873928125 0.6867464078125 0.6872270312500001 0.6902594625 0.74751930625 0.7412876359375 0.7859926828125
1 0.397557128125 0.7477994390625 0.4223963828125 0.741018396875 0.46805738906250005 0.687378575 0.47033489062499995 0.6687217109375 0.46472298125 0.6590243359375 0.45467017656250003 0.659727009375 0.4198757015625 0.6688855125 0.3874397875 0.6896503984375 0.353735271875 0.6886430765625 0.32465029218749997 0.709173740625 0.2145408484375 0.75386555 0.20004715312500002 0.764968275 0.15697292499999999 0.7763871250000001 0.12640765 0.8003844703125 0.14133969531249999 0.8834210656250001 0.113230565625 0.9206995843750001 0.11843561250000001 0.9522862812499999 0.12907392499999998 0.9616323187500001 0.155198309375 0.9480350234375001 0.167138275 0.9219763421874999 0.1832098546875 0.909081721875 0.20312029374999999 0.9043268015624999 0.2381264625 0.8699294046875 0.286031921875 0.8548096484375 0.3070323171875 0.8398889031250001 0.3165971984375 0.8308123015625 0.3237059296875 0.8084545296875 0.3570366328125 0.7741742453125 0.3897653 0.7584337140625 0.397557128125 0.7477994390625
1 0.67199613125 0.28971732499999997 0.6609509546875 0.302260609375 0.6424232296875 0.3018740609375 0.6249854625 0.29132168593749996 0.567629234375 0.2886043671875 0.5827234 0.4321674625 0.6035121015625 0.44248561249999996 0.6198764359375 0.434615346875 0.6332967 0.40508998125 0.671637278125 0.399046825 0.675362028125 0.4341002078125 0.6888633515625 0.4348380921875 0.738444278125 0.4196012234375 0.7591519203125 0.399656121875 0.777386890625 0.395018315625 0.7833246078125 0.35256311875 0.798306228125 0.3498343203125 0.8156629343749999 0.33012344531250004 0.8561999546875001 0.2751601734375 0.8665620374999999 0.2508933921875 0.67199613125 0.28971732499999997
1 0.15627174375 0.9664576625000001 0.10088373749999999 0.9686475859374999 0.0764348203125 0.9821277703125 0.061884390624999994 0.9986517390625 0.2217216390625 0.9930701 0.20593372968749998 0.9814840437499999 0.15627174375 0.9664576625000001
1 0.1305723125 0.7563715984375 0.1226348890625 0.6778909093750001 0.1281657390625 0.657325034375 0.12405065156249999 0.6155725125 0.130573875 0.5831660265624999 0.1291431515625 0.5008673156250001 0.1207178046875 0.4140126984375 0.099685921875 0.3129048015625 0.09970244687499999 0.2843163359375 0.11006453125 0.2600495546875 0.0929360421875 0.22593307031249998 0.0975886296875 0.190294128125 0.074945815625 0.14815505625 0.071742040625 0.064298671875 0.057460037500000005 0.050162501562499996 0.0490016421875 0.020484815625 0.035500317187500005 0.0197469296875 0.0321917203125 0.014933374999999999 0.00039930156249999994 0.0171556125 0.011840765625000001 0.5087275484375 0.0404308703125 0.9994009125 0.0750885765625 0.9981906390624999 0.0754424484375 0.99396838125 0.083234275 0.9833341062500001 0.096540428125 0.9807224203124999 0.11541048125 0.900367934375 0.132962359375 0.884006628125 0.12253574062499999 0.8494216968750001 0.11941302499999999 0.7958285640625 0.1305723125 0.7563715984375