4 0.81312421875 0.893476590625 0.784350559375 0.8832711171875 0.7794773953125 0.8744548640625001 0.7640134421875 0.87696921875 0.6777421390625 0.8446490843750001 0.5809793937500001 0.8202521328125 0.5645782078125 0.7962597109375 0.5712147953125 0.7445941578124999 0.58225264375 0.7179301312499999 0.57696381875 0.6647181140625 0.55647768125 0.6635273546875 0.5252020625 0.68048205625 0.5214399890625 0.6922095859375 0.49704275625000005 0.7078574953125 0.4455476375 0.773128340625 0.4024707921875 0.7842772953125 0.30184662812499996 0.7750152984375 0.260327940625 0.791374621875 0.26520110625000004 0.8001908765625 0.341825428125 0.8114710765625001 0.3942015390625 0.833288046875 0.30291317812499996 0.9730429109375001 0.3013170375 0.9814831375 0.5003773812500001 0.9930535484374999 0.5219287234375 0.96870721875 0.550851403125 0.97380155625 0.5623049140624999 0.9915332921875001 0.5724145140625 0.9938134875 0.57296339375 0.9938071 0.678691071875 0.9880586546875 0.8025020296875001 0.96453638125 0.8030484421875 0.945795540625 0.8082196484375 0.9443895156250001 0.7982746234375 0.933571859375 0.7987216874999999 0.9182384453125 0.8210640250000001 0.9144172953125 0.81312421875 0.893476590625
1 0.039371978125 0.9662575421874999 0.2942628140625 0.981073109375 0.3943008859375 0.8298806203125 0.0306593640625 0.752434675 0.039371978125 0.9662575421874999
4 0.1360516484375 0.77220484375 0.14191829218750002 0.7469468406249999 0.1335810953125 0.739635840625 0.02903354375 0.7125342140625001 0.0306421171875 0.7520114171875 0.113808659375 0.772618565625 0.1360516484375 0.77220484375
4 0.186968953125 0.7854040203125 0.387571521875 0.8260762765624999 0.40308514687499997 0.82185820625 0.43159216875000006 0.782556778125 0.276338303125 0.7701194250000001 0.18108404218750002 0.7526365546875 0.1786317578125 0.77809301875 0.186968953125 0.7854040203125
3 1 0.783653184375 0.9908329078125 0.780930721875 0.97586569375 0.76640795 0.947092034375 0.7562024765625 0.8521358171875001 0.72849733125 0.8026773234375 0.7239159468749999 0.785257825 0.7348496390625 0.73951173125 0.7202444375 0.7280085484375001 0.7042164125 0.712842640625 0.6965084921875 0.6703122078125 0.6889166046875 0.66931873125 0.7229908609375 0.6957891265625 0.753541659375 0.7004139234375 0.770876478125 0.738834565625 0.8021218859375001 0.7882616546875 0.8664324484374999 0.808300728125 0.8829566234374999 0.8277437171875001 0.9199253546874999 0.812695425 0.9668354750000001 0.7841119890625 0.9913501640625 1 0.9888380781249999 1 0.783653184375
1 0.6227099140625 0.6793233125 0.580378175 0.6649165734375 0.57592066875 0.7004960828125 0.5708853453125 0.814545615625 0.7625546328125 0.8683514234375 0.7397469625 0.829480521875 0.6227099140625 0.6793233125
3 0.692058459375 0.705540009375 0.7329810609375 0.709625240625 0.72323473125 0.6919927328125001 0.6741239546875 0.6754853609375 0.6448038828125 0.6840207281249999 0.645914975 0.7045645125 0.66746253125 0.7280027703124999 0.6636011109375 0.743137725 0.6915120484374999 0.72428085 0.6864898593750001 0.720575734375 0.692058459375 0.705540009375
0 0.7803167156249999 0.6697116296875001 0.746322175 0.6626158921874999 0.7374385671875 0.67404573125 0.739660753125 0.7151333 0.794042084375 0.726827225 0.7982015484375 0.7014699906249999 0.7803167156249999 0.6697116296875001
0 0.801168840625 0.717001865625 0.818141275 0.7214015921875 0.8226484546874999 0.6841183671875 0.81446028125 0.6716962296875 0.795631646875 0.6723084109374999 0.801168840625 0.717001865625
1 0.6252301421875 0.710188603125 0.630302003125 0.7121900078125 0.650769871875 0.6553552984375 0.6479019265625 0.6364159984375 0.638006575 0.6238946265624999 0.6241504546875001 0.6299156390625 0.6214498015625 0.663890665625 0.6252301421875 0.710188603125
0 0.7255694 0.611918228125 0.6949892140625 0.60502095 0.6860559328125 0.618154503125 0.6827095187500001 0.674277796875 0.7168530828125 0.676262396875 0.7258857109375 0.6597214171875 0.7255694 0.611918228125
1 0.48391347500000004 0.6302973453125 0.48507424062500004 0.6491374171875 0.4737880234375 0.6843200078125 0.5025120078125 0.69622919375 0.516368128125 0.690208184375 0.5340856703125 0.6690522156250001 0.52965956875 0.6449025453125 0.5180073640625 0.6339856578124999 0.48391347500000004 0.6302973453125
2 0.5362895859375 0.6521143171875 0.5461849375 0.6646356875 0.5508411390625 0.6222413265625 0.54416145 0.6167332671875 0.53884121875 0.623250428125 0.5362895859375 0.6521143171875
4 0.5636541125 0.6519982843750001 0.5805768703124999 0.6581017218749999 0.5775599046875 0.644273559375 0.5636541125 0.6519982843750001
1 0.10822179218750001 0.7296288265624999 0.1403104625 0.743440184375 0.1426633984375 0.7213911468750001 0.1343758765625 0.7123764328125 0.1056518921875 0.700467246875 0.028094260937499997 0.6894825453125 0.0289666515625 0.7108925312500001 0.10822179218750001 0.7296288265624999
1 0.15378232812499998 0.633294228125 0.024832793750000002 0.6094403921875 0.028071882812499997 0.6889333375 0.086972278125 0.6959682921875 0.14291176875 0.7128725828125 0.15378232812499998 0.633294228125
1 0.49914732500000003 0.6943270218750001 0.45656721874999995 0.688438846875 0.3577181734375 0.7355978359375 0.306254459375 0.741139503125 0.27216057031249996 0.7374511890625 0.24172940625 0.7254427734375 0.18519383125 0.728983034375 0.184548071875 0.751131303125 0.368426578125 0.7788852687500001 0.4283268359375 0.7772471796875 0.4634142 0.7468612343750001 0.49914732500000003 0.6943270218750001
1 0.2314863390625 0.72484739375 0.2806467890625 0.739651053125 0.326740596875 0.7423302609375 0.453053515625 0.6916478109375 0.47755009531250003 0.6725924765625 0.4813618421875 0.6591612359375 0.478245528125 0.6487404984375 0.46629528125 0.6480458875 0.38375464375 0.663727403125 0.34097584062499997 0.6646540796875 0.2048983265625 0.6396785515625 0.1929480796875 0.6389839421875 0.19099253124999999 0.647403278125 0.18529317812499999 0.725575609375 0.2314863390625 0.72484739375
1 0.22099426093750002 0 0.217510340625 0.031155368750000002 0.186567865625 0.3885961671875 0.13742938124999998 0.8422555296875001 0.130103928125 0.858895740625 0.1315627375 0.867513534375 0.15702138906250002 0.874113121875 0.1744408890625 0.8631794328125 0.18126446875 0.6877962359375001 0.241609853125 0 0.22099426093750002 0