4 0.5782750890624999 0.8172974109375 0.5353072 0.8952973890625 0.5062938406249999 0.9642888953125001 0.5072914187500001 0.9718092687500001 0.5276386515625 0.970624178125 0.689583584375 0.9583602171875001 0.6931676109375 0.9421853875 0.67799029375 0.84314323125 0.6680597296874999 0.7166679375 0.6567609015625 0.7127525640625 0.6236401093749999 0.7200318 0.5981578062499999 0.758539409375 0.5782750890624999 0.8172974109375
3 0.7636324828125 0.7189723375 0.8058488968749999 0.739630446875 0.808474975 0.6869503031249999 0.7732506359375 0.68166610625 0.76486606875 0.6711686703125 0.7430441078125 0.6823632796875 0.74446621875 0.7172431015625 0.7636324828125 0.7189723375
3 1 0.70776114375 0.9986804781249999 0.7075337078125 0.9941797984375 0.7142359078125 0.9799667046874999 0.7169025953125 0.9588908171874999 0.7073662640625 0.9436084390625 0.7228366609375 0.9288135734375 0.7112343328125 0.8878899890625 0.72228515 0.877725084375 0.7071515140625 0.87150870625 0.7108029578124999 0.8550627828125 0.6977353203125001 0.8295508593750001 0.6964866328125 0.8304854625000001 0.75843918125 0.8374775359375001 0.7738130921875 0.8421721390625001 0.77186723125 0.89316096875 0.8125354546875 0.9465119078124999 0.8721088937499999 0.9689156421874999 0.8751833015624999 1 0.900659490625 1 0.70776114375
0 0.8824196890625 0.7052056531249999 0.8941063671875 0.7186337046875 0.9207522156250001 0.708664128125 0.938461346875 0.713684396875 0.940306328125 0.71990604375 0.9497601765624999 0.7175997703125 0.9511876859375 0.6745524406250001 0.9191711984375001 0.6308571187500001 0.8729712390625 0.6295847796875 0.8652330859375 0.634941809375 0.8595984828125 0.6528622703125 0.854287084375 0.6787099640625 0.86357663125 0.711403646875 0.8824196890625 0.7052056531249999
0 1 0.6205363359375 0.987580971875 0.6304475265625 0.9754714234374999 0.6456776468750001 0.9715525171875001 0.6666488625 0.974884253125 0.709335778125 0.9860537984375 0.710080259375 0.9952490828125 0.7014322 1 0.7026387015625 1 0.6205363359375
0 0.80469075 0.633165265625 0.7921287109375 0.6372972609375 0.7847137671875 0.6505815203124999 0.7859419562500001 0.680705003125 0.8145620687499999 0.680127965625 0.8128167484375 0.6373209140625 0.80469075 0.633165265625
0 0.8325944062499999 0.693075465625 0.8533470843750001 0.6946845640625 0.862318821875 0.6415238703125 0.8401090109375 0.6432058015625 0.829779803125 0.663072121875 0.8325944062499999 0.693075465625
0 0.6232522609375 0.7105191203125 0.6328353921875001 0.7113837390625 0.642289240625 0.709077465625 0.6590287499999999 0.6903160374999999 0.6516488265625 0.6654294468749999 0.600724640625 0.6263466734375001 0.58295086875 0.6197409578124999 0.543419775 0.6259153000000001 0.5299177375 0.646021896875 0.5315337718750001 0.68565805625 0.5446775828125 0.6957950765625001 0.6083281109375 0.6957458984375 0.6232522609375 0.7105191203125
0 0.36418989375 0.6013200359375 0.366904834375 0.667908784375 0.3799193625 0.6748749125 0.40484951249999995 0.6618545796874999 0.405401665625 0.6363673000000001 0.39847423125 0.6225788328124999 0.387175403125 0.618663459375 0.37675193125 0.5971880390625001 0.36418989375 0.6013200359375
0 0.23494419687499998 0.63178215 0.23643095 0.668247415625 0.270004234375 0.6720663046875 0.2708149515625 0.6529208109375 0.23494419687499998 0.63178215
0 0.298430421875 0.6667329296875 0.3099878171875 0.6769900890625 0.35586457031249996 0.6703351953125 0.3504292875 0.6150848484375 0.30063362968749996 0.6427109578125 0.298430421875 0.6667329296875