4 0.605732653125 0.729255334375 0.518311640625 0.942381365625 0.5072280296875 0.9758335171875 0.510194425 0.9756953546875 0.691780640625 0.9513758625 0.6908530171875 0.9112165171875001 0.685557384375 0.9054803781249999 0.6558211484375 0.706433646875 0.6521048281249999 0.72143345625 0.6376757625 0.7233659125 0.618946865625 0.7113721468749999 0.605732653125 0.729255334375
3 0.8112129390625 0.6840109828125 0.8073990515625 0.676465053125 0.79136675625 0.6786122265625 0.7993111484375001 0.740390634375 0.9889382078125 0.9040723406250001 0.9892062875000001 0.881033634375 0.9849949812500001 0.7541945953125 0.9661446 0.7406057578125 0.9485808296875 0.680115653125 0.925649671875 0.67674140625 0.9232936109375001 0.6883363515625 0.84189335625 0.704072159375 0.83426558125 0.6889803015625 0.8112129390625 0.6840109828125
3 0.87123743125 0.7065875390625 0.8383224390624999 0.6997163765625001 0.8261279484375 0.688458815625 0.798630071875 0.688918865625 0.800914378125 0.7401759171875 0.98912654375 0.887886803125 0.9898090187499999 0.8292350578125 0.984752009375 0.75100445 0.961358828125 0.7202992453125 0.9544838875 0.6938271578124999 0.9297065296874999 0.68747748125 0.9305569281249999 0.6986429921874999 0.9151320593750001 0.70876553125 0.8984923359374999 0.7029373421875 0.87123743125 0.7065875390625
3 0.7565577265625001 0.710666965625 0.78157805625 0.7202067890625 0.781625890625 0.6783054578125001 0.774970003125 0.67597418125 0.765131571875 0.6531216765625001 0.71939074375 0.647968253125 0.7240071921875 0.708581025 0.7565577265625001 0.710666965625
0 0.5513921671875 0.6962494703125001 0.6013352578125 0.692783375 0.618582409375 0.70658693125 0.63461470625 0.70443975625 0.649432146875 0.6863418515624999 0.6478528359375 0.6656059046875 0.634443490625 0.6383976140625001 0.6089133 0.6434281640624999 0.593026409375 0.6262197484375001 0.5779899140625 0.6201768390625 0.5395124015625 0.625330059375 0.527779934375 0.6414034546875 0.5257883296875 0.65778361875 0.5278535828125 0.684899859375 0.5513921671875 0.6962494703125001
0 0.39063109687500003 0.6694395937500001 0.3958052421875 0.673580659375 0.4062989375 0.6625072000000001 0.40323788125000004 0.6435810421875 0.3905335296875 0.6468938546875 0.39063109687500003 0.6694395937500001
0 0.2991494390625 0.6591327515625001 0.29876106406249997 0.675298196875 0.3108340703125 0.684960684375 0.3378460046875 0.6781203437500001 0.3769309421875 0.6809424875000001 0.37083275000000004 0.622139509375 0.343456359375 0.6241946328125 0.304711959375 0.6471083703125 0.2991494390625 0.6591327515625001
0 0.866184771875 0.70404154375 0.9078687406249999 0.698458890625 0.9179740625000001 0.703550878125 0.9198681000000001 0.664624975 0.8975922046875 0.6273247625 0.8726933625 0.6193800140625 0.8409932265625001 0.62845958125 0.8417221390625 0.63803001875 0.8173828859375 0.6799619671875 0.8430106421874999 0.6974771515625 0.858921453125 0.6937349046875 0.866184771875 0.70404154375
0 0.9745472296875001 0.6170183234375 0.96393205 0.6264967125 0.9579811546875 0.6546865375 0.96616851875 0.7196550921875 0.9736748078125 0.7331518781249999 0.9835371546875 0.7350537203124999 0.9745472296875001 0.6170183234375
0 0.804726371875 0.6413734468750001 0.7993092546875 0.6340422359375 0.78832961875 0.6387354015625 0.789277584375 0.6724466515625 0.807277565625 0.674869978125 0.811479828125 0.6662504625000001 0.804726371875 0.6413734468750001
0 0.769698290625 0.649287378125 0.76979585625 0.6718331171874999 0.782864665625 0.6733055203125 0.7785887546875 0.6384286359375 0.769698290625 0.649287378125