1 0.565625 0 0.55 0.025 0.546875 0.0828125 0.5578125 0.0828125 0.575 0.09375 0.5796875 0.1171875 0.565625 0.140625 0.5578125 0.14375 0.59375 0.1484375 0.5953125 0.1609375 0.6109375 0.175 0.60625 0.2171875 0.59375 0.225 0.59375 0.2359375 0.6015625 0.24375 0.5953125 0.2515625 0.5953125 0.2671875 0.60625 0.2765625 0.6 0.2828125 0.60625 0.3015625 0.6421875 0.3046875 0.65625 0.4125 0.68125 0.5 0.684375 0.559375 0.6734375 0.784375 0.6578125 0.91875 0.709375 0.96875 0.7234375 0.965625 0.7328125 0.9484375 0.7234375 0.859375 0.7203125 0.6953125 0.7328125 0.621875 0.734375 0.5390625 0.7703125 0.4546875 0.8375 0.23125 0.8484375 0.215625 0.865625 0.2109375 0.9 0.23125 0.9109375 0.2265625 0.9421875 0.23125 0.959375 0.215625 0.9671875 0.215625 0.990625 0.165625 0.9984375 0.1625 0.9984375 0 0.9703125 0 0.965625 0.0109375 0.9515625 0 0.9328125 0 0.9296875 0.0078125 0.9140625 0.0109375 0.89375 0 0.565625 0
1 0.3953125 0.8859375 0.428125 0.8453125 0.4296875 0.83125 0.44375 0.815625 0.446875 0.7984375 0.471875 0.7546875 0.475 0.73125 0.4390625 0.728125 0.4296875 0.7640625 0.371875 0.7515625 0.3390625 0.7578125 0.253125 0.8140625 0.2203125 0.8140625 0.2109375 0.834375 0.2015625 0.8359375 0.184375 0.8578125 0.16875 0.8375 0.1078125 0.8921875 0.0796875 0.8921875 0.0625 0.9265625 0.03125 0.9453125 0.0015625 0.9546875 0 0.9984375 0.3328125 0.9984375 0.3796875 0.9265625 0.3953125 0.8859375
1 0.1359375 0.86875 0.1328125 0.83125 0.1171875 0.821875 0.0921875 0.8296875 0.059375 0.85625 0.075 0.8859375 0.1203125 0.884375 0.1359375 0.86875
1 0.15625 0.8671875 0.1609375 0.8609375 0.1609375 0.825 0.1515625 0.8046875 0.1390625 0.7953125 0.1265625 0.7953125 0.109375 0.8109375 0.109375 0.8203125 0.134375 0.83125 0.1390625 0.8640625 0.15625 0.8671875
1 0 0.9390625 0.0046875 0.940625 0.0171875 0.9359375 0.021875 0.921875 0.0171875 0.875 0.00625 0.865625 0 0.865625 0 0.9390625
1 0.071875 0.8828125 0.053125 0.85625 0.028125 0.8546875 0.01875 0.8640625 0.0234375 0.93125 0.0359375 0.9328125 0.0671875 0.9140625 0.071875 0.8828125
1 0.196875 0.815625 0.171875 0.7984375 0.15625 0.8015625 0.165625 0.8484375 0.1875 0.8515625 0.1984375 0.834375 0.196875 0.815625
1 0.2484375 0.8015625 0.2703125 0.8 0.3015625 0.784375 0.3234375 0.746875 0.3125 0.7359375 0.2953125 0.7421875 0.28125 0.7359375 0.221875 0.7578125 0.2 0.78125 0.203125 0.8140625 0.2296875 0.8 0.25 0.80625 0.2484375 0.8015625
1 0.228125 0.803125 0.24375 0.8015625 0.25 0.7859375 0.2421875 0.7546875 0.2234375 0.7578125 0.2 0.7796875 0.1984375 0.809375 0.2046875 0.8203125 0.215625 0.8171875 0.228125 0.803125
1 0.565625 0.3171875 0.5609375 0.5234375 0.55625 0.775 0.565625 0.7703125 0.571875 0.2625 0.565625 0.3171875
1 0.5921875 0.6734375 0.621875 0.51875 0.6203125 0.5015625 0.64375 0.440625 0.646875 0.3890625 0.6453125 0.3765625 0.6328125 0.3734375 0.6078125 0.35 0.609375 0.33125 0.615625 0.325 0.6046875 0.3125 0.59375 0.2796875 0.584375 0.2828125 0.5875 0.290625 0.5796875 0.3140625 0.575 0.4375 0.575 0.721875 0.5828125 0.7296875 0.590625 0.715625 0.5921875 0.6734375
4 0.3421875 0.9984375 0.584375 0.996875 0.571875 0.8953125 0.55 0.8109375 0.54375 0.7359375 0.525 0.6796875 0.490625 0.725 0.434375 0.8453125 0.40625 0.8953125 0.3859375 0.915625 0.3421875 0.9984375
1 0.5890625 0.9984375 0.859375 0.9984375 0.85625 0.9875 0.8328125 0.9640625 0.80625 0.9703125 0.8015625 0.965625 0.79375 0.93125 0.76875 0.9109375 0.7390625 0.865625 0.6625 0.865625 0.6640625 0.7890625 0.5984375 0.7265625 0.575 0.73125 0.571875 0.753125 0.5515625 0.7953125 0.58125 0.928125 0.5890625 0.9984375
1 0.609375 0.95 0.6046875 0.9703125 0.609375 0.98125 0.621875 0.9796875 0.61875 0.9734375 0.628125 0.94375 0.6421875 0.934375 0.65625 0.9046875 0.6671875 0.8 0.6296875 0.753125 0.5953125 0.7234375 0.578125 0.7328125 0.56875 0.7296875 0.5703125 0.7671875 0.5578125 0.7875 0.55625 0.8171875 0.5796875 0.9203125 0.59375 0.9421875 0.609375 0.95
3 0.596875 0.69375 0.5984375 0.721875 0.6671875 0.78125 0.66875 0.7078125 0.596875 0.69375
3 0.7984375 0.7296875 0.728125 0.715625 0.7265625 0.8421875 0.803125 0.91875 0.809375 0.7375 0.7984375 0.7296875
3 0.9984375 0.8625 0.99375 0.85625 0.984375 0.8625 0.9703125 0.8578125 0.965625 0.8625 0.95 0.8609375 0.9375 0.85 0.934375 0.8265625 0.9015625 0.80625 0.8875 0.8234375 0.871875 0.8203125 0.8625 0.79375 0.859375 0.7328125 0.834375 0.734375 0.825 0.725 0.8203125 0.7640625 0.81875 0.9328125 0.8890625 0.9984375 0.9984375 0.9984375 0.9984375 0.8625
1 0.553125 0.7796875 0.5484375 0.7390625 0.5546875 0.73125 0.5546875 0.7 0.5515625 0.6890625 0.5390625 0.6859375 0.534375 0.6921875 0.5359375 0.7125 0.5453125 0.7234375 0.553125 0.7796875
1 0.34375 0.9109375 0.396875 0.884375 0.4125 0.8703125 0.4609375 0.7765625 0.453125 0.76875 0.421875 0.759375 0.371875 0.746875 0.3484375 0.7484375 0.3125 0.7703125 0.3078125 0.7875 0.2890625 0.790625 0.2546875 0.8140625 0.2515625 0.8328125 0.2921875 0.8828125 0.30625 0.8828125 0.34375 0.9109375
1 0.353125 0.721875 0.378125 0.7453125 0.3921875 0.7453125 0.425 0.7203125 0.425 0.646875 0.43125 0.6265625 0.4171875 0.6234375 0.4140625 0.6140625 0.371875 0.5859375 0.3609375 0.5875 0.35625 0.5953125 0.3515625 0.65625 0.359375 0.6625 0.3609375 0.6921875 0.353125 0.721875
1 0.4359375 0.7203125 0.4734375 0.696875 0.4890625 0.6734375 0.4859375 0.6359375 0.48125 0.6328125 0.4421875 0.6265625 0.43125 0.6421875 0.4234375 0.66875 0.4296875 0.6859375 0.428125 0.7125 0.4359375 0.7203125
0 0.8875 0.8171875 0.896875 0.8046875 0.9140625 0.809375 0.934375 0.8203125 0.94375 0.846875 0.9546875 0.8546875 0.9703125 0.8359375 0.9984375 0.846875 0.9984375 0.69375 0.9625 0.6796875 0.884375 0.675 0.865625 0.7078125 0.8640625 0.78125 0.8671875 0.8046875 0.875 0.815625 0.8875 0.8171875