0 0.6810918015625 0.7207791421875 0.6863652625000001 0.7387195265625001 0.704091665625 0.741883734375 0.72173825 0.7695544625 0.7436422406250001 0.7596244375000001 0.798681971875 0.76583875 0.8028938765625 0.7756166343750001 0.8125731999999999 0.7771939859375 0.8260190640625 0.7248360765624999 0.8190790421875 0.6840330812500001 0.7967296875 0.6302499609375001 0.7735015468750001 0.612414171875 0.716829575 0.6062093671875 0.6997081734374999 0.6177452671875 0.69006316875 0.6390400328125 0.6810918015625 0.7207791421875
3 0.7879410921875001 0.7560989 0.7792091875 0.7643184515625 0.7332780921875 0.7678534984375001 0.737980865625 0.7939658921875 0.75513658125 0.8053021109375 0.75376693125 0.82491493125 0.783900775 0.860681596875 0.798476828125 0.8622304218749999 0.8373425781250001 0.8897775359375 0.887440075 0.943399009375 0.8960921609374999 0.959685975 0.8822352499999999 0.97120285625 0.884080275 0.9782029984375 0.9389408515625 0.9769261046875 0.9585388890625 0.69629055 0.8302421546875 0.6643632078125 0.8070483328125 0.6693995359375 0.8139540375 0.6873304109375 0.8234050859375 0.6921765640624999 0.8243069999999999 0.7493521000000001 0.8189537187499999 0.7559182359375 0.7879410921875001 0.7560989
3 0.7640624453125 0.7709416359375 0.740297934375 0.7841499734374999 0.9132158468749999 0.9775248609375 0.9389408515625 0.9769261046875 0.9586395968750001 0.69484843125 0.9553885390625 0.694675165625 0.9525806015624999 0.6881565765625 0.8174124828125 0.6611704734375 0.829283553125 0.7248170578125 0.819102175 0.77715595 0.8088521640625 0.783750609375 0.7640624453125 0.7709416359375
0 0.855570275 0.6054011296875 0.832604728125 0.607168653125 0.8227314453125001 0.6317322234375 0.8226516265624999 0.6562387421875 0.859850815625 0.6609232484375 0.8627042546875 0.620063203125 0.855570275 0.6054011296875
3 0.6519053765625 0.6948093765625 0.673272996875 0.715923478125 0.692950925 0.6210521046874999 0.6735922765625 0.61789740625 0.658103121875 0.6294237953125 0.6519053765625 0.6948093765625
3 0.6540284859375001 0.7111343765625 0.6791171453125 0.7256918546875 0.6896864375 0.621071121875 0.6749962453125 0.6211567 0.657874846875 0.6326926 0.6540284859375001 0.7111343765625
3 0.608565128125 0.6378810640625 0.62772981875 0.6671766859375 0.6351032578125 0.608319203125 0.6289166953125 0.60345403125 0.6123659859374999 0.6068179203125 0.608565128125 0.6378810640625
0 0.6614131109375 0.5820261437500001 0.658673809375 0.6212517875 0.6668350296875001 0.62120424375 0.6753043421875 0.5933813781249999 0.6614131109375 0.5820261437500001
0 0.7019909265625001 0.58505723125 0.688932978125 0.5851333000000001 0.6817191796875 0.5949777453125 0.6819817703125 0.6145810578125 0.69481144375 0.61777379375 0.70715025 0.60463201875 0.7019909265625001 0.58505723125
4 0.51863209375 0.687417078125 0.44873134375 0.8005521328125 0.4233002734375 0.7908978609374999 0.4114180171875 0.797502028125 0.386101084375 0.7862133546875001 0.35042 0.783153740625 0.3563782875 0.791287715625 0.40257197343750006 0.8073559828124999 0.43536530000000007 0.8284035234375 0.41387235625 0.8791745765625001 0.3617778328125 0.97096731875 0.3577600609375 0.9889618312499999 0.4432287875 0.9884639312499999 0.591978834375 0.985001734375 0.5925291781250001 0.9843267046875 0.5953826171875 0.9434666593750001 0.5732495906249999 0.7230411140624999 0.5713659390625 0.6331965578125 0.5701902453125001 0.6266684609375 0.5461631437500001 0.6202734828125 0.5215198484375 0.6694291484375 0.51863209375 0.687417078125
4 0.33321878125 0.8191961593749999 0.367381759375 0.8206308812499999 0.40226387968750005 0.8351313046875 0.42336890625 0.8366420937499999 0.4080737109375 0.8220275640624999 0.3367913640625 0.7914018203125 0.3247949734375 0.7996403890625 0.33321878125 0.8191961593749999
4 0.44329824218749997 0.831624784375 0.4281515015625 0.8382479703125 0.3568811015625 0.9709958453124999 0.354244459375 0.9889823109375 0.443228825 0.9884639296875 0.58991168125 0.9850498484375001 0.594846246875 0.974510784375 0.5913989875000001 0.9304199703125 0.578192584375 0.9092583265625 0.5624408375 0.9011814015624999 0.55587754375 0.878347321875 0.523689225 0.8719998875 0.5227418046875 0.8622029843749999 0.44329824218749997 0.831624784375