4 0.47704320468750006 1 0.4758668765625 0.9972937343750001 0.495388225 0.9691409546875001 0.524806865625 0.97172851875 0.5384779421875 0.988567525 0.5489109109375 0.9899863468750001 0.6537762921875 0.9748530234375 0.773880046875 0.940311525 0.772013021875 0.9214034984374999 0.7769749109374999 0.9195345406250001 0.76569329375 0.9095211640624999 0.7641657265624999 0.8940509625 0.7858935609375 0.8882440296875 0.7753041031250001 0.8678671703124999 0.745376275 0.8601228734375 0.73939600625 0.8516783609375 0.72434060625 0.8555663203125 0.6343873859375 0.8306145140625001 0.5350195734375001 0.8145573562499999 0.5156228234375 0.7918522046875001 0.515577690625 0.7392753625 0.523125259375 0.711472690625 0.5110214796875 0.6583865 0.490495 0.6589866828125001 0.46157230312499997 0.67879498125 0.4593393296875 0.690927390625 0.43708906406250003 0.7088167171875 0.394272584375 0.7790236125 0.35286691875 0.794025284375 0.25160559375 0.7935383578125 0.2124196546875 0.8136467484375001 0.21839992343749998 0.822091259375 0.296053146875 0.8267162203125 0.350946915625 0.8440737734375 0.2781363859375 0.9927320140625 0.277713996875 1 0.47704320468750006 1
1 0.27134867812499996 1 0.35060745625 0.8406359515625 0.0432091921875 0.802572003125 0.062703725 1 0.27134867812499996 1
4 0.07971617656249999 0.7727061953125001 0.0395929984375 0.76594955 0.0433840546875 0.8043428968749999 0.06429482812500001 0.8076345875 0.0863621203125 0.805265478125 0.088947796875 0.7793317625 0.07971617656249999 0.7727061953125001
4 0.138696703125 0.8140784906249999 0.3434258390625 0.837398190625 0.358311509375 0.83179131875 0.3816066421875 0.7897372015624999 0.22560803125 0.7908507640625 0.1286296796875 0.7816192359375 0.12946508125 0.807452921875 0.138696703125 0.8140784906249999
3 1 0.7517668484375 0.9375586671875 0.739004 0.9208059671875001 0.725702846875 0.8908781375 0.7179585484375 0.79288140625 0.698413553125 0.7431060140625 0.6981450828125 0.72718871875 0.7106776140625 0.6798160296875 0.6999956453125 0.6663146828125 0.68487555 0.6502409046875 0.6784500421875 0.6069682125 0.6745436890625001 0.6103628046875 0.7089219156250001 0.6406168484375 0.7373431640625 0.6474457640625 0.7543822328124999 0.689673590625 0.782453375 0.747100059375 0.8428337265625 0.7691541078124999 0.857703746875 0.7932449078125 0.8932007046875 0.7843130171875 0.94173034375 0.731586 0.998436021875 0.73154603125 1 1 1 1 0.7517668484375
1 0.5583941703125 0.66906846875 0.5144425609375001 0.6582864703125 0.5145858015625 0.6944836375000001 0.52424714375 0.8097007140624999 0.7217814171875 0.847021778125 0.6940998031250001 0.8099059421874999 0.5583941703125 0.66906846875
3 0.6307328 0.6893636937500001 0.671955490625 0.6898822375 0.6599949546875 0.672993215625 0.60903145625 0.6606923671875 0.5809706515624999 0.67185609375 0.5847179453125 0.6924330140625 0.609161453125 0.7141286640625 0.6072679390625 0.729698896875 0.6325998265624999 0.7082717171875 0.6271287453125 0.704983940625 0.6307328 0.6893636937500001
0 1 0.6697265984375 0.9663513640625 0.6657594046875001 0.930064075 0.6978501578125 0.9310692078124999 0.7254027546875 0.9370494765625 0.7338472671875 0.9697194687499999 0.7346158890625001 0.984422165625 0.7445292343750001 1 0.7450489046875 1 0.6697265984375
0 0.7138968343750001 0.64555904375 0.6791768453125 0.6414026140625 0.6718122515625 0.6536850703125 0.6793068421874999 0.6948389125000001 0.7348927734374999 0.70183298125 0.735767909375 0.67594928125 0.7138968343750001 0.64555904375
0 0.74071655625 0.691319453125 0.758161415625 0.6942571234375 0.7578484453125001 0.65634104375 0.7481076375 0.6445587390624999 0.729461425 0.6468278187500001 0.74071655625 0.691319453125
1 0.5648703828125 0.6999088437500001 0.5701717328125 0.7014777078125001 0.58321686875 0.6424845546875 0.5779287625 0.623676559375 0.5664774140625 0.611944271875 0.5534720125 0.6192200390625 0.5551560640625001 0.65364828125 0.5648703828125 0.6999088437500001
0 0.6520176640625001 0.59220438125 0.6207187546874999 0.587947921875 0.613523890625 0.6019492890625 0.6174144265625 0.658723378125 0.651625228125 0.6577230734375 0.6584806328125 0.640283884375 0.6520176640625001 0.59220438125
1 0.41405637031250003 0.63191584375 0.4176339359375 0.6507738515625 0.41093501874999994 0.6871710828125 0.441032578125 0.696634290625 0.45403797968750004 0.689358525 0.46893689531250005 0.666512525 0.46142906093749997 0.6425978109375 0.448436903125 0.6326344500000001 0.41405637031250003 0.63191584375
2 0.46895014062499996 0.6492733953125 0.4804014875 0.661005684375 0.4795793296875 0.6179328703125 0.472227978125 0.6129761968749999 0.46777527656249995 0.6200018875 0.46895014062499996 0.6492733953125
4 0.496149053125 0.646754240625 0.5137636421875 0.651410821875 0.508984725 0.6377595625 0.496149053125 0.646754240625
1 0.08640185312500001 0.75354809375 0.0770005046875 0.7452036125 0.0469029453125 0.735740403125 0.0365548390625 0.7351810390625 0.039284201562499996 0.7628222421874999 0.053209428125 0.764861865625 0.08689779843749999 0.77594395625 0.08640185312500001 0.75354809375
1 0.086128615625 0.6639146265625 0.028972609375000003 0.6583931187500001 0.036505978125 0.7346862 0.08555320625 0.7449535359375 0.086128615625 0.6639146265625
1 0.43744176718750005 0.6950154125 0.3943388046875 0.69282796875 0.3020996359375 0.7489650875 0.2516320796875 0.7590601 0.2172515484375 0.7583414953125 0.18544345 0.7489282984375001 0.1296745453125 0.757454446875 0.13188102968749998 0.7798002937499999 0.31831665781249996 0.7915877640625 0.37767637187499997 0.7846804984375 0.4086623125 0.7510208781250001 0.43744176718750005 0.6950154125
1 0.175180209375 0.749228390625 0.2259739796875 0.759810328125 0.2721585640625 0.7584599171875 0.391257184375 0.6963658234375 0.413167990625 0.675038671875 0.41523123437500004 0.6611873515625 0.41079177656250004 0.6509739125 0.3988179953125 0.65132401875 0.318748825 0.6743516875 0.27632478125 0.6790398890625 0.137784278125 0.66585199375 0.125810496875 0.6662021 0.12494860468749999 0.6748466718749999 0.1293350859375 0.7540166234375001 0.175180209375 0.749228390625
1 0.0717049359375 0.031674553125 0.0720591921875 0.052350684375 0.087260790625 0.41478170781249996 0.096742115625 0.8756408140625 0.09159724999999999 0.8930299890625 0.0941564375 0.9015745296875 0.120323728125 0.9059810374999999 0.1362410234375 0.8934485046875 0.1204694140625 0.7163506187500001 0.092515846875 0.0310660546875 0.0717049359375 0.031674553125