3 0.9039189859375 1 0.9321620734374999 0.8214604140624999 0.8950739265625 0.8147037265625 0.8796305 0.807455678125 0.87844215 0.7939930453125 0.8280986953125 0.7766434640625001 0.5932700109375 0.7089828625 0.5860140703125001 0.7129018453125 0.581311065625 0.73214463125 0.586336359375 0.7528141609375 0.6468109734375 0.8214808781249999 0.696530078125 0.89521438125 0.6955834421875 0.9116859859374999 0.6838812984375 0.9332243734375 0.6234420015625 0.969208590625 0.6421391171875 1 0.9039189859375 1
3 0.644360178125 1 0.6185778515625 0.96849521875 0.5977566703125 0.9637805640625 0.5270099828125 0.960049103125 0.4946628890625 0.965271375 0.4254570125 0.9517996265625 0.3704105546875 0.9536928343750001 0.24803640468750002 0.9407287 0.098018165625 0.9137440531250001 0.05467384843749999 0.8940988703125001 0 0.888534396875 0 0.9575053406249999 0.28975155468749997 1 0.644360178125 1
2 0.32888888125000004 0.691802571875 0.324603821875 0.7293781359375 0.3316835296875 0.7370606125 0.3345738359375 0.7607391140625 0.3193268671875 0.8780981609375 0.3264065765625 0.8857806374999999 0.3293774546875 0.9194372187500001 0.3356061859375 0.9220117609375 0.3689602578125 0.7740874109375 0.3925407734375 0.7194091734375 0.4006778625 0.6574828859374999 0.39199185625 0.6180049999999999 0.39499290625 0.5885463453125 0.388764175 0.5859718 0.37953439375000003 0.6128559140625 0.33734825625 0.6697886015625001 0.32888888125000004 0.691802571875
4 0.342172290625 0.9329410015624999 0.36623623906249997 0.9381312390625001 0.5048242203125 0.9534732765625 0.5848812624999999 0.9402987015625 0.6483065265625 0.906413446875 0.6450788453125 0.8743802484375 0.47552343593749996 0.834564034375 0.46836315468749995 0.816903478125 0.5151868125 0.69919230625 0.4941088296875 0.69610103125 0.452531953125 0.728207415625 0.3716743359375 0.8093673718750001 0.342172290625 0.9329410015624999
4 0.31444763125 0.9089424078125001 0.3158423859375 0.8476883421875 0.23695860937500002 0.90588316875 0.321688484375 0.9365810437500001 0.31444763125 0.9089424078125001
0 0.7221146078125 0.754455775 0.77834941875 0.7660252015625 0.785363640625 0.7321719812499999 0.7805951484375 0.709879071875 0.744330540625 0.697916365625 0.7211024859374999 0.7293916828125 0.716913084375 0.7453877062500001 0.7221146078125 0.754455775
0 0.7858621578125 0.7604828359375 0.8226403703124999 0.769198778125 0.8292215593750001 0.7485704 0.8247904421875001 0.7346321859375 0.8152383734375 0.721603984375 0.78955304375 0.7161759578125 0.7842558609375 0.728687428125 0.7858621578125 0.7604828359375
0 0.6190359125 0.72438896875 0.6517203796875 0.7275213953125 0.6519116953124999 0.6843623140624999 0.6305769109375 0.682894421875 0.62100975625 0.7014238359375 0.6190359125 0.72438896875
0 0.6189704265625 0.6828532703125 0.6137689015625 0.6737852015625 0.59866285 0.6748918515625 0.592675834375 0.7022515453125 0.6105110515625001 0.7048672390624999 0.6182805921875001 0.69770149375 0.6189704265625 0.6828532703125
0 0.6654618515624999 0.7245535734375 0.6943899484375 0.7304571796875 0.7018372015625001 0.68337911875 0.6840019875000001 0.6807634250000001 0.6705978890625001 0.6920859421875 0.6654618515624999 0.7245535734375
0 0.7483437140625 0.6935218015625 0.743398990625 0.6828303515624999 0.7177942328125 0.6873804046875 0.71146984375 0.7063854 0.7131717984375 0.7166012703125 0.7210219140625 0.719413603125 0.7483437140625 0.6935218015625