1 0.593143321875 0.7270216703125 0.570053559375 0.7355544218750001 0.5497154546874999 0.7036272796875 0.5400120125 0.7012480046875 0.5373715078125 0.7298582640625 0.5287104390625 0.74279795625 0.536907646875 0.8551760828124999 0.5287025625 0.920659709375 0.5310244515625 0.9706452765625 0.7538640796875 0.9589667468749999 0.70605490625 0.8789802921875 0.656575840625 0.81789211875 0.6377859796875 0.7979318140625 0.632838425 0.8196034203125 0.6251890984374999 0.8258388625 0.60794748125 0.8178453953125 0.61629435 0.76253534375 0.593143321875 0.7270216703125
3 0.5910892078125001 0.7184069562500001 0.6124696859375 0.765653065625 0.6220313453124999 0.7578587625 0.6311370171874999 0.6975205234375 0.6197741796875 0.69502405 0.5910892078125001 0.7184069562500001
3 0.6848853484374999 0.708092428125 0.6619067390625 0.7047755421875 0.6556638734375 0.7128042484375 0.640315334375 0.7811711921875 0.643664759375 0.8034288078125 0.714999540625 0.8863877515624999 0.7272936015625 0.9160528250000001 0.7584507265625 0.958726371875 0.9132656046875001 0.9506128671875 0.9374985484374999 0.790034615625 0.9008098984374999 0.7775486453125 0.8095431124999999 0.771102553125 0.7892050046875 0.7391754078125 0.75522764375 0.7198363484375 0.707499875 0.7249350125 0.6930711796875 0.720528075 0.6848853484374999 0.708092428125
0 0.8785900953124999 0.7692035734375 0.8804411625 0.7235982890625 0.8708488703124999 0.7093693796875 0.8282104421875 0.7029700125 0.8009319296875 0.7281461828125 0.7977855546875 0.7601085671875001 0.8148853875000001 0.7579284578125 0.8266429437499999 0.7689224453125 0.8553585484375 0.76756275 0.8671161046875 0.7785567375 0.8785900953124999 0.7692035734375
0 0.8807553625000001 0.7659686515625 0.89403053125 0.7669062640625001 0.9037033421875 0.7472623234375 0.9015074421874999 0.728474034375 0.8862893078124999 0.7070720703125 0.8730141390625 0.7061344578125001 0.881088815625 0.7304197390625 0.8807553625000001 0.7659686515625
1 0.663980109375 0.635470984375 0.6624012328125 0.6014809343749999 0.6365099265625 0.7063696421875 0.615991528125 0.820107465625 0.6283661046875 0.815899690625 0.6369965421875 0.7809367890625001 0.663980109375 0.635470984375
0 0.7002146359375 0.71764475625 0.7345560828125001 0.723458115625 0.7394730078125 0.6797632984375 0.718406728125 0.6748875515625 0.7004369374999999 0.69394548125 0.7002146359375 0.71764475625
4 0.34099669375 0.9683835734375 0.4403216625 0.9753988093749999 0.5283800125 0.9707838656250001 0.52631499375 0.9475939078125 0.5372411015624999 0.8196271749999999 0.532726771875 0.6939577484375 0.5204633453125 0.6863158859375 0.5109016890625 0.6941101890625 0.41346467656249997 0.8396817078125001 0.3620347734375 0.9359909390625001 0.34099669375 0.9683835734375
1 0.5710653015625 0.728850175 0.5757905546875 0.730877840625 0.5834398796875 0.7246423984375 0.5903802859375 0.6675390828125 0.580312759375 0.6786855109375 0.5710653015625 0.728850175
1 0.5420354953125 0.6878395078125 0.5614423796875 0.692598053125 0.5693140078125001 0.6626633375 0.55820410625 0.6584908 0.54647718125 0.6695200265625 0.5420354953125 0.6878395078125
0 0.5901579828125 0.69123835625 0.60689373125 0.7025839484375 0.6116995015625 0.6707387671875 0.607985990625 0.6620068515625 0.59637021875 0.6611864390625 0.5901579828125 0.69123835625
1 0.3708761328125 0.77738628125 0.2858023234375 0.8188075421875001 0.253181534375 0.8571578078125001 0.217606040625 0.8817479703125001 0.21634136406249999 0.89012828125 0.1612478375 0.9218095359375 0.13942274999999998 0.921961975 0.12861154218749998 0.953383 0.335482934375 0.9679941421875 0.34572437968749997 0.955166071875 0.44976834375 0.788040146875 0.46528929999999996 0.751869990625 0.4632351828125 0.7432552765625 0.470884509375 0.7370198359375 0.46933626406249995 0.725052996875 0.4634574859375 0.7195560015625 0.443322428125 0.7418488562500001 0.4125527078125 0.7345938375000001 0.3708761328125 0.77738628125
1 0.4228731703125 0.7217713484375 0.41280564374999995 0.732917775 0.4223979328125 0.747146684375 0.43401370625 0.747967096875 0.436462540625 0.7650793234375 0.45446296249999996 0.768044603125 0.5080887671875 0.6905236625 0.49174773906249997 0.6876755828125 0.4228731703125 0.7217713484375