3 0.9984375 0.9984375 0.9984375 0.7375 0.99375 0.7234375 0.9671875 0.721875 0.959375 0.7296875 0.9296875 0.7234375 0.9203125 0.7359375 0.9 0.73125 0.8796875 0.7375 0.8375 0.7265625 0.834375 0.709375 0.8296875 0.7109375 0.8359375 0.934375 0.875 0.9375 0.9296875 0.9984375 0.9984375 0.9984375
0 0.89375 0.728125 0.9171875 0.7390625 0.9265625 0.7203125 0.9234375 0.690625 0.896875 0.6671875 0.8625 0.665625 0.8390625 0.6984375 0.8390625 0.721875 0.8625 0.7234375 0.8671875 0.7328125 0.89375 0.728125
3 0.803125 0.8609375 0.8171875 0.9 0.8171875 0.7078125 0.775 0.7046875 0.7421875 0.6890625 0.69375 0.6765625 0.69375 0.778125 0.7359375 0.7984375 0.7828125 0.8375 0.803125 0.8609375
3 0.7171875 0.71875 0.7 0.7078125 0.696875 0.7515625 0.7171875 0.7515625 0.721875 0.746875 0.7171875 0.71875
0 0.728125 0.646875 0.7140625 0.659375 0.715625 0.6796875 0.7453125 0.6828125 0.7421875 0.65 0.728125 0.646875
0 0.803125 0.65 0.775 0.6484375 0.7625 0.671875 0.7640625 0.6984375 0.8125 0.7015625 0.8140625 0.6703125 0.803125 0.65
3 0.665625 0.76875 0.66875 0.6734375 0.640625 0.671875 0.6375 0.725 0.4859375 0.728125 0.4890625 0.75 0.53125 0.7515625 0.571875 0.7640625 0.665625 0.76875
3 0.59375 0.740625 0.5796875 0.740625 0.575 0.746875 0.596875 0.759375 0.6421875 0.7640625 0.6625 0.759375 0.66875 0.7296875 0.66875 0.6875 0.6625 0.68125 0.6671875 0.6765625 0.6625 0.671875 0.6421875 0.6734375 0.6421875 0.7078125 0.6109375 0.73125 0.6 0.73125 0.59375 0.740625
4 0.634375 0.7125 0.5765625 0.7015625 0.5515625 0.703125 0.5515625 0.721875 0.565625 0.7265625 0.625 0.721875 0.634375 0.7125
0 0.621875 0.634375 0.6140625 0.6359375 0.6109375 0.6453125 0.6109375 0.6734375 0.634375 0.675 0.63125 0.6421875 0.621875 0.634375
4 0.5859375 0.7828125 0.5734375 0.7703125 0.5328125 0.7546875 0.5125 0.759375 0.3984375 0.984375 0.3953125 0.9984375 0.6015625 0.9984375 0.5921875 0.825 0.5859375 0.7828125