3 0.7671875 0.7484375 0.7609375 0.74375 0.7515625 0.715625 0.7578125 0.8296875 0.946875 0.9984375 0.9984375 0.9984375 0.9984375 0.7625 0.85625 0.73125 0.8296875 0.7578125 0.7828125 0.75625 0.775 0.7453125 0.7671875 0.7484375
1 0.65 0.9984375 0.921875 0.9984375 0.91875 0.9859375 0.8859375 0.953125 0.8734375 0.9484375 0.7625 0.8421875 0.7546875 0.8390625 0.7578125 0.8578125 0.74375 0.8828125 0.70625 0.8734375 0.696875 0.859375 0.7015625 0.7890625 0.6953125 0.778125 0.6375 0.7265625 0.625 0.71875 0.6171875 0.725 0.6078125 0.721875 0.60625 0.703125 0.575 0.7015625 0.5875 0.7703125 0.63125 0.928125 0.640625 0.9390625 0.65 0.9984375
1 0.3703125 0 0.3609375 0.015625 0.359375 0.0296875 0.3765625 0.0859375 0.3609375 0.1140625 0.3640625 0.1359375 0.371875 0.1328125 0.378125 0.146875 0.3953125 0.15 0.3953125 0.1546875 0.4 0.1484375 0.4390625 0.1453125 0.459375 0.1796875 0.4859375 0.1921875 0.5109375 0.1890625 0.5796875 0.2203125 0.5984375 0.2359375 0.615625 0.2390625 0.61875 0.2625 0.6296875 0.28125 0.6546875 0.3640625 0.6609375 0.4046875 0.6984375 0.496875 0.7109375 0.6734375 0.703125 0.8609375 0.74375 0.871875 0.75 0.859375 0.746875 0.7203125 0.7546875 0.6265625 0.765625 0.5453125 0.7859375 0.48125 0.80625 0.35625 0.846875 0.246875 0.865625 0.225 0.875 0.2234375 0.878125 0.165625 0.903125 0.1140625 0.9 0.1015625 0.9359375 0.075 0.9328125 0.05625 0.9484375 0.025 0.990625 0.0140625 0.990625 0.00625 0.9828125 0 0.503125 0 0.4609375 0.0078125 0.4421875 0 0.3703125 0
0 0.7765625 0.7421875 0.7859375 0.753125 0.8125 0.75 0.8375 0.759375 0.84375 0.75625 0.8484375 0.746875 0.846875 0.7171875 0.821875 0.6828125 0.80625 0.6765625 0.7765625 0.6765625 0.76875 0.684375 0.759375 0.7 0.759375 0.73125 0.765625 0.7453125 0.7765625 0.7421875
3 0.7 0.71875 0.6546875 0.69375 0.6359375 0.69375 0.6296875 0.696875 0.634375 0.71875 0.7 0.7734375 0.7 0.71875
1 0.5984375 0.6671875 0.5984375 0.6984375 0.603125 0.6875 0.603125 0.66875 0.5984375 0.6671875
1 0.61875 0.628125 0.6140625 0.7203125 0.625 0.66875 0.6265625 0.6140625 0.61875 0.628125
0 0.6890625 0.7078125 0.70625 0.7125 0.70625 0.6734375 0.6984375 0.6703125 0.6890625 0.7078125
0 0.63125 0.671875 0.63125 0.6875 0.65 0.684375 0.640625 0.6671875 0.63125 0.671875
0 0.6953125 0.678125 0.6953125 0.66875 0.6796875 0.66875 0.66875 0.6796875 0.66875 0.690625 0.68125 0.6953125 0.6953125 0.678125
4 0.5375 0.86875 0.6140625 0.86875 0.603125 0.809375 0.584375 0.7765625 0.51875 0.7625 0.503125 0.771875 0.48125 0.815625 0.3421875 0.8296875 0.3234375 0.8453125 0.41875 0.8640625 0.496875 0.8609375 0.5375 0.86875
4 0.5765625 0.721875 0.559375 0.6890625 0.5515625 0.6890625 0.540625 0.703125 0.525 0.7390625 0.5234375 0.7578125 0.5453125 0.7765625 0.5859375 0.778125 0.5765625 0.721875
4 0.6203125 0.878125 0.6140625 0.86875 0.5953125 0.8640625 0.5390625 0.8703125 0.5265625 0.8640625 0.4671875 0.859375 0.4546875 0.86875 0.4125 0.978125 0.4078125 0.9984375 0.6390625 0.9984375 0.6390625 0.95625 0.6203125 0.878125
1 0.3796875 0.8578125 0.3171875 0.853125 0.221875 0.915625 0.15625 0.9765625 0.1265625 0.99375 0.125 0.9984375 0.396875 0.9984375 0.4421875 0.8796875 0.3796875 0.8578125
1 0.5078125 0.7671875 0.465625 0.74375 0.4515625 0.7453125 0.3859375 0.809375 0.3734375 0.8140625 0.371875 0.825 0.4828125 0.8203125 0.50625 0.7796875 0.5078125 0.7671875
1 0.540625 0.7 0.525 0.69375 0.50625 0.7 0.4859375 0.7203125 0.4703125 0.7390625 0.4734375 0.7453125 0.51875 0.7515625 0.540625 0.7
1 0.434375 0.759375 0.44375 0.74375 0.4359375 0.6890625 0.43125 0.671875 0.41875 0.6828125 0.4078125 0.671875 0.3765625 0.675 0.38125 0.765625 0.3765625 0.775 0.3953125 0.7859375 0.434375 0.759375
1 0 0.9984375 0.1 0.9984375 0.1265625 0.9765625 0.1453125 0.9703125 0.225 0.9 0.2453125 0.89375 0.2640625 0.875 0.2953125 0.8578125 0.309375 0.840625 0.31875 0.7984375 0.31875 0.6875 0.315625 0.6734375 0.3015625 0.6765625 0.2921875 0.6703125 0.2828125 0.65 0.2734375 0.665625 0.125 0.65625 0.11875 0.6453125 0.125 0.5296875 0.121875 0.4859375 0.075 0.46875 0.0328125 0.4703125 0.028125 0.475 0.053125 0.490625 0.0578125 0.5 0.05 0.5328125 0.0421875 0.646875 0.0078125 0.6625 0 0.6609375 0 0.9984375