1 0.8026754796875 0.7634701140625 0.7917240750000001 0.7555455125 0.7882993578125 0.7278670125 0.75768995625 0.7692434046875001 0.7385582140625 0.9706172984375 0.806748609375 0.9678387531249999 0.8131583750000001 0.9422078812500001 0.8114460140625 0.92836863125 0.7928784578125 0.8991826671875 0.7943245859375 0.8873664421875 0.8176138843749999 0.864055915625 0.8028245828125 0.8318288796875001 0.8071331453124999 0.7827084531249999 0.8026754796875 0.7634701140625
1 0.7716421328124999 0.3212710546875 0.7992676609375 0.16512155 0.8130815015625 0.1357419484375 0.8086238375000001 0.1165036125 0.8148513484375 0.0795344015625 0.8342729328124999 0.0182496875 0.840279659375 0.0085960671875 0.7658405296875 0.0011856703125 0.712574384375 0.23337816875 0.693331725 0.3766934 0.6747727796875 0.7370686484375 0.6426022796875 0.9303548578124999 0.6514877890624999 0.9551597828125 0.6996133765625 0.972204178125 0.7137576234375 0.9716278453125 0.719409075 0.9567955343750001 0.71861038125 0.8798291125000001 0.73682009375 0.7449540406249999 0.73460509375 0.693475596875 0.7475606015625 0.55978606875 0.749211165625 0.44889150781250003 0.7700490578125 0.3621188171875 0.7716421328124999 0.3212710546875
3 0.821392140625 0.8610148421874999 0.8195328328124999 0.8762071312499999 0.8067221203124999 0.8834748187500001 0.802767096875 0.901875675 0.8203017062500001 0.9395018015625001 0.8433995031249999 0.9663453437499999 0.952098434375 0.9619162015624999 0.97698915 0.7585356187500001 0.80928635 0.7094530875 0.7996341218749999 0.7187438 0.794852740625 0.7438967828124999 0.8047711968750001 0.7602615453125 0.8120039890624999 0.798570725 0.80934814375 0.8341868968749999 0.821392140625 0.8610148421874999
1 0.5029814578125 0.930124425 0.5021150671875 0.98025161875 0.732380703125 0.9708690125 0.7409263734375 0.892302253125 0.6464976625000001 0.8846104968749999 0.6487403281249999 0.8523703890625001 0.5179155546875001 0.835929621875 0.5086765062499999 0.8418442687500001 0.5033349968749999 0.89940485625 0.5111577359374999 0.9189781859374999 0.5029814578125 0.930124425
1 0.2173312234375 0.7872119468750001 0.1872819515625 0.7961807375000001 0.02812241875 0.8999383078125 0.0317239046875 0.9122570218750001 0.02018255 0.9230682703124999 0.016138954687500002 0.9246000890625 0.0163142609375 0.93464336875 0.270345940625 0.9599321578125 0.2969152984375 0.9301137687500001 0.314270984375 0.885709375 0.36958599062499997 0.7955344796875 0.369762759375 0.78017469375 0.3148289578125 0.75591146875 0.2462580859375 0.745668059375 0.2173312234375 0.7872119468750001
1 0.226747040625 0.765937515625 0.2399112921875 0.7279502578125 0.22243632500000002 0.7176676390625001 0.01347529375 0.7719990250000001 0.0159982578125 0.916539571875 0.024550753124999998 0.9012913499999999 0.043885028124999996 0.8963816781249999 0.0967805984375 0.8538066734375 0.157912090625 0.8274289359375 0.17323170000000002 0.8135766171875 0.1794890328125 0.7902791578125 0.212903378125 0.7816453625 0.226747040625 0.765937515625
1 0.1188282078125 0.7432340374999999 0.17576826406249998 0.723273434375 0.201212921875 0.724097846875 0.2133740453125 0.7082225015625 0.1527728625 0.688520884375 0.011616540625000001 0.6655111328125 0.0134302421875 0.7694180703125 0.1188282078125 0.7432340374999999
1 0.2650555921875 0.4946668359375 0.2610409265625 0.48572418749999996 0.2562297234375 0.49720542031250003 0.22072396562500002 0.703828390625 0.22494522187500002 0.71108300625 0.2468182140625 0.7132604578125 0.26086846406249997 0.6958645796875 0.2846560984375 0.5154126406249999 0.2816743796875 0.4980298296875 0.2650555921875 0.4946668359375
1 0.3204367 0.7240063546875 0.33283423437500004 0.7201147328124999 0.3751574515625 0.457786703125 0.382121859375 0.3730501046875 0.362110328125 0.45307067031250003 0.3204367 0.7240063546875
3 0.6382021015625 0.8410697234375 0.6472643796875001 0.8505148609375001 0.653138353125 0.8442652203125001 0.6744767296874999 0.697741421875 0.6539320203125001 0.693987603125 0.6346857703125 0.6749856640624999 0.6365450781249999 0.6597933734375 0.560181284375 0.6436483875000001 0.55368754375 0.6549621234375 0.5697163828125 0.6770609656250001 0.5735244578125 0.6876916484375 0.568063665625 0.6905652250000001 0.521808784375 0.69279495625 0.431158328125 0.6820621265625 0.39963310937499996 0.6891753859375 0.39966292812500004 0.7028471390625 0.379708884375 0.7128209062499999 0.379089115625 0.7178850031249999 0.4011686984375 0.7183744203125 0.4075453109375 0.7497639765625 0.43871699375000006 0.7733702859375 0.474256878125 0.7751996734375 0.484175334375 0.7915644359375 0.5037460203124999 0.7986384890625 0.5380165484375 0.796924315625 0.5544585671875 0.8156470953125 0.575711790625 0.8228886421875 0.5851276078125001 0.801614209375 0.6070006 0.803791659375 0.6110152656250001 0.8127343093749999 0.6449024328124999 0.8280679546874999 0.6453454328125 0.8383636437499999 0.6382021015625 0.8410697234375
3 0.390483521875 0.7361052953125 0.47443364531250004 0.759839890625 0.65458448125 0.832448996875 0.6715248359375 0.6940303640625001 0.6420655109375 0.6842633046875 0.6479096625 0.6643419109375001 0.6302281046875 0.655747325 0.5885778375 0.6481838546875001 0.5572293875 0.6399373296875 0.5321979078125 0.63573685625 0.5726980984375001 0.6944437765625 0.48311041250000003 0.6889425421875 0.34785779375 0.6669351875 0.33915120625 0.7241607828125 0.390483521875 0.7361052953125
4 0.5024148687500001 0.6703611171875 0.49831074218750004 0.620403209375 0.473338903125 0.643546240625 0.46433626562499997 0.6614446078125 0.433224225 0.66518180625 0.43284086562499996 0.682229621875 0.5626028734374999 0.6934387984375 0.5024148687500001 0.6703611171875
1 0.5127166843750001 0.6696780640625 0.518827065625 0.6754121453125 0.5625730515625 0.6797670453125 0.5326409078125 0.64603254375 0.51646511875 0.6529652390625 0.5127166843750001 0.6696780640625
3 0.4315715078125 0.6786860609375001 0.4187309734375 0.672281996875 0.345968665625 0.6684557234375 0.34180705312500004 0.6885446125 0.3555037671875 0.701868303125 0.38133178125 0.685644896875 0.4315715078125 0.6786860609375001
1 0.42162322812499997 0.6486495453125001 0.42200658750000003 0.63160173125 0.351753175 0.621190825 0.3490675109375 0.643135240625 0.3667490703125 0.651729828125 0.4172252046875 0.6567547140625 0.42162322812499997 0.6486495453125001
1 0.4189077421875 0.6569222109374999 0.45760611406249996 0.6607746234375 0.4767039796875 0.6438812328125 0.4827845421875 0.6359435625 0.424958484375 0.6353127859375001 0.4189077421875 0.6569222109374999
3 0.270343921875 0.701933653125 0.3016923734375 0.7101801765625 0.319550703125 0.703414978125 0.3243022640625 0.664590240625 0.2721435890625 0.6593978578125 0.270343921875 0.701933653125
1 0.2747696140625 0.6101099343749999 0.27317653750000004 0.650957696875 0.328050696875 0.6478774140625 0.330499953125 0.6139492765625 0.2747696140625 0.6101099343749999
3 0.1410824046875 0.6309733671875 0.0935581640625 0.6296595359375 0.0106722890625 0.6114150421875 0.0115258125 0.6603133734375 0.046743154687499996 0.6642968703125 0.182438775 0.6965999125 0.21440699375 0.699782340625 0.22048755625 0.6918446703125001 0.2290173734375 0.649978859375 0.2182725578125 0.6403662265625 0.200827409375 0.6437553609375 0.1410824046875 0.6309733671875
1 0.15300711718749999 0.6031143015625 0.1456870171875 0.6211801671875 0.155369065625 0.625561209375 0.20670138124999998 0.6375057187500001 0.2123687640625 0.6329441124999999 0.228987553125 0.6363071046875 0.229754271875 0.602211471875 0.167706959375 0.5943260796875001 0.15300711718749999 0.6031143015625
4 0.262203821875 0.9591216109375 0.48249166250000003 0.9810512109375 0.4999774 0.980338721875 0.50002740625 0.8290230656249999 0.652075584375 0.8390336296875001 0.609332728125 0.8125668140625001 0.39027693281250003 0.7377933265625 0.2634668234375 0.73029520625 0.25676649375 0.7432969734375 0.373541015625 0.7771336234375 0.262203821875 0.9591216109375
3 0.7389456296875 0.7554172265625 0.725723890625 0.86345128125 0.743612040625 0.8703578343749999 0.7509896265625 0.782245171875 0.7574535484375 0.757259684375 0.7740425156249999 0.7469509265625 0.775282053125 0.7368227328125 0.7485680359375 0.7324547609375001 0.7389456296875 0.7554172265625
0 0.78859325625 0.6698039359375 0.773390771875 0.640952965625 0.7449942187499999 0.636417496875 0.742251065625 0.7284087125 0.7882993578125 0.7278670125 0.79833494375 0.701528484375 0.78859325625 0.6698039359375
0 0.083637553125 0.515904471875 0.057986304687500004 0.51676809375 0.0094093203125 0.5390596171875 0.0106062171875 0.6076297921875 0.020116446875 0.603553853125 0.0670209171875 0.60993178125 0.0819869890625 0.6267990328125 0.12614615468749998 0.6277778703125 0.149435453125 0.60446734375 0.146157684375 0.5477573062500001 0.133080740625 0.52936951875 0.083637553125 0.515904471875
0 0.6439546390625 0.6827427687500001 0.67739880625 0.687780725 0.683566675 0.6234680078125 0.6635828125 0.6197700234375 0.6508019171874999 0.6407094625 0.6439546390625 0.6827427687500001