1 0.6940504125 0 0.7030708109375 0.024042031250000002 0.7319580859375 0.257853590625 0.753690725 0.3455787984375 0.7562846000000001 0.39028635 0.73620743125 0.6163788234375 0.6991021374999999 0.9161829515625 0.7335031765625 0.9505839890625 0.74096865 0.9337364125000001 0.7503086515625 0.755518590625 0.7639143125000001 0.6215092984374999 0.776928634375 0.56158446875 0.792516353125 0.3583547265625 0.87950760625 0.20568876406249997 0.9288980078125 0.0796778703125 0.9627591078125001 0.030179935937500003 0.9723489453124999 0 0.6940504125 0
3 0.755280196875 0.8490591078125 0.7793408203125 0.8609632062499999 0.838847275 0.9187330140625001 0.9491702109375 0.9174823609375 0.9609516140625001 0.6926798062499999 0.8648478562499999 0.673816740625 0.8398359359375 0.6800644578124999 0.82767239375 0.6609543296875 0.8076974515625001 0.6652924375 0.7689583046874999 0.6508663421875001 0.7572482203125 0.7173053515625 0.74928490625 0.837853878125 0.755280196875 0.8490591078125
0 0.933023509375 0.660370009375 0.9281524796875 0.6277126359375 0.8963599203125 0.6063399546875 0.8650067859374999 0.6079831015625 0.8371339593749999 0.6374196125 0.8387911406249999 0.668599784375 0.8652802625 0.665565915625 0.874748846875 0.6732978515625 0.88994625625 0.6659188578124999 0.920780503125 0.6741767000000001 0.933023509375 0.660370009375
1 0.559567328125 0.689815815625 0.534901334375 0.689462871875 0.5370633703125 0.648208746875 0.5323723203124999 0.6435176953124999 0.4945914875 0.642206440625 0.49103171406249996 0.6473298984375 0.484192659375 0.7464262796875001 0.48706058125 0.7545041421875001 0.5000889390625 0.757112621875 0.5057959578125 0.7738184 0.500362415625 0.814695434375 0.5074095187500001 0.8686319906250001 0.52556835 0.8989473484375001 0.54146463125 0.9096336875000001 0.5255753671875001 0.9302140015625 0.5340608671875 0.96926448125 0.7177115406250001 0.95963975625 0.7138741578125 0.9483214375 0.6982373234375 0.9326846015625 0.696493659375 0.9031545937500001 0.7067265421875 0.8335017375 0.7022949374999999 0.823860190625 0.5748512203125 0.68078665625 0.565209675 0.67635505 0.559567328125 0.689815815625
1 0.636117653125 0.4537697703125 0.6303654937500001 0.7519307484375 0.6556601875 0.45768248749999996 0.6479282515625 0.4482139046875 0.636117653125 0.4537697703125
0 0.6592480296875001 0.57762564375 0.6486551875 0.591345853125 0.6424939515625 0.614707609375 0.641203746875 0.6707267359375 0.6546645109375 0.6650843890625 0.6624829296875 0.672902809375 0.72171590625 0.6730898046875 0.724742759375 0.615334028125 0.7052796875 0.5785044921875 0.6592480296875001 0.57762564375
1 0.5239874953125 0 0.5145125765625 0.010885090625 0.4981838890625 0.0084495765625 0.48125684843750005 0.04883186875 0.4526056890625 0.0931198625 0.45730375624999997 0.12907756875 0.4513154828125 0.14913899218749999 0.42847963437500003 0.1766658921875 0.4298773734375 0.212796559375 0.40903761406249994 0.23363631875 0.417828378125 0.31710288124999997 0.444411 0.3436855015625 0.476463003125 0.3601076875 0.4804622015625 0.3780000578125 0.503398565625 0.4113563 0.5158355859375 0.4880492421875 0.5436359640624999 0.52279620625 0.5507625296875001 0.5438159421875 0.551641378125 0.5898476015624999 0.5385475890625 0.6826892499999999 0.5565264421875 0.6850382828125 0.5686619171875 0.5790817968749999 0.5841982375 0.5338354875 0.6559990984375 0.4198151734375 0.6557326359375 0.3934990140625 0.663111628125 0.378301603125 0.7050505890625 0.33167159218750003 0.6931464921875 0.30761096875 0.7033069265624999 0.30214158593749996 0.7137197890625 0.260455053125 0.6976154625000001 0.096735771875 0.64496209375 0.0024028875 0.6452585484375 0 0.5239874953125 0
3 0.5704196140625 0.6711451109375 0.6238442984375 0.71935985625 0.631468703125 0.636678640625 0.6127979984375 0.647530928125 0.5717168359375 0.6463926359375 0.5704196140625 0.6711451109375
3 0.524986309375 0.627448453125 0.52776775 0.63717648125 0.53593209375 0.6383942375 0.5420068484375 0.6166826484375 0.5293244171875 0.6074735109375 0.524986309375 0.627448453125
0 0.5837868796875 0.6358862750000001 0.619917546875 0.6372840125 0.622864934375 0.6124450546875 0.617129090625 0.59628933125 0.6124380390625 0.5915982796875 0.5908994125 0.5943727046875 0.5836069 0.6079199515625 0.5837868796875 0.6358862750000001
4 0.4944255421875 0.676773425 0.4826009078125 0.61979598125 0.47104975312499997 0.6204013515625 0.437794025 0.65834813125 0.3940459703125 0.7708982609375 0.3726873234375 0.8016390093749999 0.3676573640625 0.8348152734375001 0.3621879796875 0.8449757078125 0.3556738015625 0.84367146875 0.283872940625 0.9576917843749999 0.276682271875 0.982753121875 0.5281202734375 0.9695758140624999 0.5183693375 0.9421110828125 0.5238317046875001 0.9006839937500001 0.505413428125 0.8753191328125001 0.50306439375 0.8573402796874999 0.5047799890625 0.7618036703125 0.482853828125 0.74057216875 0.48721951093750004 0.6886705046875 0.4944255421875 0.676773425
1 0.41147786562500005 0.65808166875 0.446124315625 0.6249989046875 0.445331946875 0.5773170828125 0.4135393875 0.5559444015625 0.39677829375 0.5617597109375 0.38452827031250003 0.5442997468749999 0.378539996875 0.5643611734375 0.3806295875 0.5872905203125 0.373683 0.59423710625 0.36551865625 0.5930193484374999 0.359962790625 0.604829946875 0.357807771875 0.6773507265625 0.3808236 0.6777901515625 0.41147786562500005 0.65808166875
2 0.47321880624999996 0.61041388125 0.48051131874999997 0.596866634375 0.4760797125 0.5872250890624999 0.47321880624999996 0.61041388125
1 0.8103620640625 0.928454025 0.751201534375 0.86408355625 0.7472093515625 0.8774578390625001 0.7415016109375 0.9583929718749999 0.832371875 0.9536306625 0.824781140625 0.9359265171875 0.8103620640625 0.928454025
1 0.38041224218749997 0.7798409390625001 0.4535968078125 0.6394179828125 0.44221861406249996 0.6367230234375 0.3941978828125 0.6737979703125 0.30614078437500003 0.7211992984375 0.3039717296875 0.73118676875 0.31309438749999996 0.745519365625 0.328032353125 0.7430908671875 0.3338546796875 0.7575964265625 0.36329820625 0.760990253125 0.38041224218749997 0.7798409390625001
1 0 0.9786074109375 0.0179299125 0.94529914375 0.031823084375 0.9314059718750001 0.0434607203125 0.9291504375 0.06708893593750001 0.949305359375 0.1380319984375 0.8830533468749999 0.16876573125 0.8304280468749999 0.192127484375 0.8242668125 0.2264280078125 0.7977847062500001 0.2615138796875 0.78771776875 0.26681030156249996 0.7808576656249999 0.278873328125 0.7390846515625 0.301536215625 0.7148580812499999 0.2968451640625 0.7101670312499999 0.2999947203125 0.6186693546875001 0.3160791375 0.5001636671874999 0.3107757 0.4757571171875 0.305688084375 0.5100334921874999 0.290115921875 0.5245631984375 0.277519971875 0.5137038953124999 0.2402650453125 0.5337583046875001 0 0.46284844999999997 0 0.9786074109375
1 0 0.997253425 0.27133015 0.9830336140625 0.3435172765625 0.85582799375 0.3549749328125 0.825606134375 0.3671314578125 0.813449609375 0.37876207812499996 0.7799274203125 0.3788415421875 0.7470106015625 0.3540890671875 0.7483078234375 0.34358270625 0.7603778671875 0.3208263234375 0.754987946875 0.31318086875 0.7438692 0.303193396875 0.7460382546875 0.2971981078125 0.7348330234375 0.2904244828125 0.73847928125 0.2778355515625 0.75888663125 0.0357358015625 0.9509485078125 0.0275714578125 0.94973075 0 0.9857901265625 0 0.997253425
1 0.36628295624999996 0.5156345546875001 0.33510278437499996 0.5139773734374999 0.32719788437499997 0.507809121875 0.3194659484375 0.49834053906250003 0.32059020781249997 0.47688839375000003 0.3013935984375 0.466375015625 0.27985497187499997 0.469149440625 0.27586980625 0.5137903765625 0.2853383890625 0.5215223140624999 0.29456156093749997 0.5967380515625 0.2879749359375 0.6596172859375 0.2937972609375 0.6741228453125 0.2922405953125 0.703825815625 0.2870306546875 0.70903575625 0.289898578125 0.7171136171875 0.3013632515625 0.7181584109375 0.3353178484375 0.6982769671875 0.3502558140625 0.6958484687500001 0.38299265312499997 0.6678026796875 0.39191427968750003 0.5603689921874999 0.386091953125 0.54586343125 0.366852103125 0.5361751375 0.36628295624999996 0.5156345546875001
1 0.34884404375 0.5971844921875 0.313232265625 0.5858857656249999 0.3093265640625 0.597609884375 0.30309288125 0.6851551109375 0.3050095078125 0.7113847890625 0.309960003125 0.71112534375 0.330713278125 0.6919357515625 0.3453918015625 0.6944577468750001 0.3498023578125 0.61029933125 0.34884404375 0.5971844921875
3 0.70176903125 0.8024945265625 0.7075048749999999 0.8186502515624999 0.7231931078125 0.676303653125 0.7097323453125 0.681946 0.7067779390625 0.6755183015624999 0.6444175953125 0.6722039390625001 0.6408718546875 0.7398607046875 0.70176903125 0.8024945265625