3 0.59435080625 0.6704605859375 0.580008003125 0.69048671875 0.692267371875 0.79879896875 0.7203322140624999 0.8258770296875 0.8352875203125001 0.940597690625 0.9718847765625 0.9255106640624999 0.9771915796874999 0.74312770625 0.9528125734374999 0.7431973140625 0.9254994671875 0.7344782078125001 0.905615459375 0.7014669515625 0.715517134375 0.66713715625 0.636416753125 0.6691675359375 0.6285776140625 0.6834457125 0.6078365109375 0.670647646875 0.59435080625 0.6704605859375
0 0.9801745765625001 0.640608753125 0.977224109375 0.6399084359375 0.955489228125 0.6439855765625 0.9423452203125 0.6521434937499999 0.9168089390624999 0.6868182890625001 0.9217350874999999 0.7248347171875 0.967360396875 0.72817816875 0.977378775 0.736694196875 0.9801745765625001 0.640608753125
0 0.86940680625 0.6400809359374999 0.8339812015625 0.6389640234375 0.8163523984375001 0.6610296375 0.8175141703125 0.6894025734375 0.8846009984375 0.681992903125 0.8855264343749999 0.6634487015625 0.86940680625 0.6400809359374999
1 0.5354761265625 0.7138472046875 0.5278420078125 0.733132371875 0.5761053484375 0.96922409375 0.83740953125 0.9403633171875001 0.8361509437500001 0.9388257828125001 0.7435705609375 0.8585178046875 0.6977772609375 0.8099262140624999 0.6350072328125 0.75818005625 0.609507975 0.7526137 0.608551221875 0.7292477546875 0.5892139296875001 0.7095884640625 0.5659385578125 0.7171888375 0.557211009375 0.7097700640625 0.5354761265625 0.7138472046875
0 0.7663476578124999 0.6330217265625 0.7360219046875 0.6330180859375 0.7232879343749999 0.65118998125 0.7264002328125 0.686053659375 0.7735660328125 0.6858738765625 0.7740130921875 0.6556467046875001 0.7663476578124999 0.6330217265625
1 0.57515019375 0.6541392874999999 0.5673480796875 0.6281763171875 0.5635466765625 0.658773971875 0.5639196921875 0.7090290984375 0.5708333921875 0.7132951203125 0.5755915468749999 0.7060634109375 0.57515019375 0.6541392874999999
0 0.5817905375 0.6517293265624999 0.5771690609375 0.662299028125 0.5811384578125 0.6769495078125 0.5860332921875 0.673055790625 0.5817905375 0.6517293265624999
1 0.6223416 0.7780209453125 0.6271680953125001 0.7724582328125 0.630055475 0.5961021890625 0.6250609859375 0.5564167656250001 0.615134640625 0.5608662078125 0.6127626609375 0.7086640765625 0.61381906875 0.7756091625 0.6223416 0.7780209453125
0 0.6484303046875 0.674546828125 0.6652020140625 0.672694409375 0.6681463171875001 0.6623099484375 0.6606175609375 0.6430229625 0.6474052125 0.6495118843750001 0.6484303046875 0.674546828125
0 0.6049292312500001 0.6407909593750001 0.6040721328124999 0.6610041546875001 0.6109174937499999 0.6636011796875 0.6131784046875 0.6365267593749999 0.6049292312500001 0.6407909593750001
4 0.5264752203125 0.699752446875 0.5208969906250001 0.6869562046875 0.5058024546875 0.6886233796875 0.485366025 0.7244114453125 0.38229389375 0.9832371046875 0.488363359375 0.9789151046875 0.5726560265625 0.9696050671875 0.5658901203125 0.921732571875 0.5500808734375 0.86479964375 0.53872510625 0.7520488750000001 0.5248977046875 0.7435168328125 0.5273636328125 0.7214493984375 0.521785403125 0.7086531546875 0.5264752203125 0.699752446875
1 0 0.8851737796875 0.0042917578125 0.9899876953125 0.033953640624999996 0.9737782296875 0.0457621765625 0.9741505343749999 0.048616859375 0.9968334015625 0.1612651 0.9922433375 0.162717065625 0.9914107812499999 0.1795571125 0.9912273609375 0.2010186359375 0.9804742375 0.238021753125 0.9378267656249999 0.2552405203125 0.9057471749999999 0.2879638625 0.8820143859374999 0.32637079375 0.8325056890625 0.40763243125 0.7598217484374999 0.4120488875 0.7442450578125 0.4077748171875 0.6810084468750001 0.4138001046875 0.66357751875 0.40230195156250004 0.62964005 0.3482907921875 0.62722280625 0.1717465125 0.59474906875 0.13163109374999998 0.6025328625 0.102640815625 0.5939990015625 0.0337401359375 0.598255921875 0 0.5952915062499999 0 0.8851737796875
1 0.3329427984375 0.8284267296875001 0.31236969062500003 0.8608768031249999 0.2521595375 0.91279364375 0.23990394375 0.9426485124999999 0.212690490625 0.9775085484374999 0.17235912343749998 0.991791290625 0.379747803125 0.98334085 0.4152551375 0.90483916875 0.436001946875 0.8354859390625 0.46708514218749997 0.7716972421875 0.48006115312500003 0.7182911859375001 0.456444084375 0.7175465796875 0.420229721875 0.7383118609375 0.38692264375 0.7889338296874999 0.3329427984375 0.8284267296875001