1 0.731484403125 1 0.750614765625 0.8440681890624999 0.7740279359375 0.7087120390625 0.7915224765625 0.6493411671875 0.8219147484375 0.44322705312500005 0.9210547640625 0.3009541546875 0.9801668578125 0.1797824984375 0.9935501531250001 0.16381728281250002 0.9982316328125 0.0744893359375 0.7442976890625 0.0462821578125 0.7552517421875 0.08496871875 0.7677457859375 0.329910109375 0.7834764562500001 0.42362875312500003 0.7828957578125 0.469975675 0.7463112234375 0.698820559375 0.6872766921875 1 0.731484403125 1
3 0.91868008125 1 0.9425942968750001 0.80507494375 0.8725835796875 0.7792706828125 0.8467816640624999 0.7815141015625 0.8358241859375 0.7598588765625001 0.8152651109375 0.760981503125 0.7770329625 0.7397029296875 0.7603927500000001 0.8059813874999999 0.7436654203125 0.9284548328125 0.7489380171875 0.94096271875 0.772472359375 0.9572023046875 0.807183496875 1 0.91868008125 1
0 0.9426552984375001 0.776835275 0.9400625609375 0.7424838375 0.9093705796875 0.715230146875 0.8774714953125 0.711686771875 0.8471046828125001 0.7372675203125 0.8465457656250001 0.769565696875 0.87361429375 0.77086931875 0.8826569734374999 0.78038964375 0.8985916375 0.7753469921875 0.9292538625000001 0.7889720046875001 0.9426552984375001 0.776835275
1 0.6853118968749999 1 0.6854650171875 0.9867104093749999 0.700838615625 0.9168849124999999 0.697038775 0.9062437921875001 0.5781280515625 0.7380464796874999 0.5686730859375 0.7318867015625 0.561987246875 0.7447694046875 0.5370099015625 0.7402917296875 0.5421634734375 0.6982849015625 0.5377452046875 0.692684603125 0.4995428109375 0.6850347078125 0.495566584375 0.689702540625 0.4815191125 0.790332434375 0.4838461953125 0.7991067875 0.4968651046875 0.8039592796875 0.50145055625 0.822068075 0.4930079015625 0.8631418265624999 0.4962785796875 0.9197098 0.512508653125 0.953872909375 0.52785464375 0.96749975625 0.5102708375 0.9859845937499999 0.5122278328125 1 0.6853118968749999 1
1 0.6565304578125 0.5151241359375 0.6292919890625 0.82037253125 0.67605881875 0.5224028765625001 0.6689011796875 0.5113887703125 0.6565304578125 0.5151241359375
0 0.67108378125 0.6461817734374999 0.65936124375 0.658505 0.6514385453125 0.68146934375 0.6461085859375 0.7387851234375 0.660158209375 0.73523625 0.667521990625 0.744570084375 0.727550071875 0.7546443921875 0.734765071875 0.6958348328125 0.7176806703125 0.6547641359374999 0.67108378125 0.6461817734374999
1 0.4421562359375 0.25116408125 0.44507414062499995 0.3383499578125 0.470110996875 0.3700849890625 0.5014214078125 0.3922978625 0.5041905328125 0.411340346875 0.52504501875 0.4494234828125 0.53214529375 0.530261253125 0.5578303328125 0.57058414375 0.5635449718750001 0.5933601609375 0.56113076875 0.6407807953125 0.5411922703125 0.733943625 0.559247875 0.7393555984375 0.5791566171875 0.6325640921875 0.5981536671875001 0.588688665625 0.6791212062499999 0.4835701015625 0.6807405921874999 0.4564992375 0.6893114765624999 0.44212275156249997 0.7351709125 0.4012312203125 0.7248318609375 0.3745351765625 0.7355236859375001 0.370613315625 0.749071753125 0.3295389546875 0.74450255625 0.158714240625 0.6979035171875 0.0530508578125 0.7001859671874999 0.041382193750000004 0.5757795421874999 0.0275630328125 0.5765807406250001 0.0293552015625 0.5650643468750001 0.039998153125000005 0.5486876406250001 0.034772671875 0.5286301203125 0.0734207859375 0.49640801874999996 0.11412399531249999 0.49858847187500005 0.15183597499999998 0.49107805937500004 0.1714397734375 0.46595408593750004 0.1958997296875 0.4647767390625 0.233238725 0.4421562359375 0.25116408125
3 0.5743282125 0.727405359375 0.6250203515625 0.785834603125 0.6386852953125 0.7021939328125 0.618980546875 0.71022414375 0.57742035625 0.7022012625 0.5743282125 0.727405359375
3 0.5314121390625 0.6749494031250001 0.5335330796875 0.6854040296874999 0.5417214312499999 0.6880167703125 0.5494379859375 0.6667327000000001 0.5372436515625 0.6551591140624999 0.5314121390625 0.6749494031250001
0 0.59040950625 0.6934250796875 0.626933 0.70088848125 0.6317040421875 0.6758708765625 0.627049875 0.658322171875 0.6226316062499999 0.6527218718750001 0.6005997765625 0.6519777312499999 0.592235034375 0.6646739421875 0.59040950625 0.6934250796875
4 0.5029077421875 1 0.502112240625 0.9970005328125 0.5106236109375 0.9553666906249999 0.4937751078125 0.9262444000000001 0.4926848828125 0.9073884078125 0.5012833718749999 0.8095595812499999 0.480582328125 0.7840969578125 0.4887341125 0.731522875 0.49689270937499996 0.7205069359375 0.48899762031250005 0.6600189390625 0.47724532656249996 0.658713484375 0.4408110984375 0.6921361171875 0.388384846875 0.8004250687500001 0.36452748437500004 0.8284320640624999 0.357046828125 0.8616645406250001 0.35077327343750003 0.8711866984375 0.3442638203125 0.8687604515625 0.263296284375 0.9738790156249999 0.25362179375 1 0.5029077421875 1
1 0.41415485625 0.68747195 0.45164955312500005 0.6592766296875 0.4542699 0.6101757203125 0.42357791718750004 0.5829220296875001 0.40617049843749997 0.5860979140625 0.395006878125 0.5661229640625 0.3874964640625 0.5857267609375 0.3879682625 0.609623571875 0.38042809375000003 0.6155986890625 0.3722397421875 0.61298595 0.36576004375000004 0.62418838125 0.35836865625000003 0.698306890625 0.3816671015625 0.7025980734374999 0.41415485625 0.68747195
2 0.4801610828125 0.6488183375000001 0.48852582031249997 0.636122125 0.48472598125 0.6254810078124999 0.4801610828125 0.6488183375000001
1 0.7759864875 1 0.7437249328125 0.9557121890625 0.738717990625 0.9687813875 0.734311921875 1 0.7759864875 1
1 0.37392293906249996 0.8073344859375 0.4581887625 0.675331553125 0.44684875625 0.670665553125 0.395510578125 0.7007294734375 0.30284811093749997 0.73471891875 0.2999323546875 0.7446140640625 0.3081504640625 0.76085548125 0.3234666984375 0.7608536499999999 0.32832700937500003 0.77672208125 0.3579287640625 0.7851197812499999 0.37392293906249996 0.8073344859375
1 0 0.9125137796875 0.00969325 0.9048324750000001 0.0216516875 0.9044576578125 0.044155315625000004 0.929098609375 0.120823609375 0.8728944593750001 0.1557553234375 0.8239763796874999 0.17987834062500002 0.82154646875 0.2165484640625 0.8000722390625 0.252836059375 0.795587234375 0.25869732968750003 0.7894256234375 0.27392429687500003 0.74853775625 0.29863598593749996 0.7274383453125 0.2942177171875 0.7218380468750001 0.30397974843750003 0.62839639375 0.3287923578125 0.509375825 0.32516890625 0.48342575468750004 0.317550821875 0.5177784140624999 0.3007228734375 0.5301022468750001 0.2887346796875 0.5168483890625 0.24953132656250002 0.5312285390625 0 0.413074278125 0 0.9125137796875
1 0 0.9718826078125 0.24766534375 0.9993934640625 0.3310685265625 0.8792169109374999 0.34485249375000004 0.850090953125 0.3580477875 0.8396344953125 0.37224403906250003 0.8071479937499999 0.3746879984375 0.7733560390625 0.3495045125 0.7705586375 0.3379881171875 0.7812015875 0.3153081015625 0.7718695875 0.3083566078125 0.7591752078125 0.29807706875 0.7597365203125 0.2928044734375 0.7472286359375 0.285676590625 0.7498432078125 0.27145058125 0.7687010328125 0.0122562328125 0.9255552343750001 0.0040678812500000005 0.9229424953124999 0 0.92726291875 0 0.9718826078125
1 0.3785706609375 0.533640125 0.3470838625 0.5267362046875 0.3395139390625 0.5190826453125 0.3323563 0.5080685390624999 0.33503615781249996 0.4862249875 0.3163323671875 0.47222515625000006 0.29430053749999996 0.47148101562500006 0.2870557796875 0.516661896875 0.29609846093750003 0.526182221875 0.3000470796875 0.6049667328125 0.28885585156250004 0.668444125 0.2937161625 0.68431255625 0.2900055890625 0.714557471875 0.2843504640625 0.7190388125 0.286677546875 0.7278131640625001 0.2982237 0.730798890625 0.3340692515625 0.71604575625 0.3493854875 0.7160439234375 0.3845828578125 0.692702928125 0.40133994375000004 0.583858159375 0.3964796328125 0.5679897296875 0.3776727734375 0.554830034375 0.3785706609375 0.533640125
1 0.3550384640625 0.6144815625 0.31975182812499997 0.5969365203125 0.3149510296875 0.608325446875 0.3023465578125 0.6971934296875 0.3024060703125 0.7244507859375 0.307442765625 0.725010265625 0.3298571265625 0.7087651828125 0.3445549328125 0.7138041703125 0.355068221875 0.6281102390625 0.3550384640625 0.6144815625
3 0.698039734375 0.8842137484375 0.7026939 0.901762453125 0.7288166859375 0.75819143125 0.7147670640625 0.7617403031250001 0.7122338375 0.7546462234375 0.64926024375 0.740838384375 0.640808384375 0.80972958125 0.698039734375 0.8842137484375