3 0.7703125 0.8796875 0.83125 0.9375 0.8796875 0.9984375 0.9984375 0.9984375 0.9984375 0.753125 0.80625 0.7046875 0.796875 0.7046875 0.79375 0.7140625 0.75859375 0.7125 0.7359375 0.703125 0.7328125 0.6859375 0.68125 0.6890625 0.675 0.7078125 0.6765625 0.7859375 0.75 0.8578125 0.759375 0.8609375 0.7703125 0.8796875
0 0.9125 0.7140625 0.9078125 0.6875 0.890625 0.671875 0.85625 0.6703125 0.8375 0.690625 0.8359375 0.7125 0.840625 0.71875 0.9078125 0.721875 0.9125 0.7140625
1 0.590625 0.9984375 0.871875 0.996875 0.8265625 0.9375 0.6921875 0.7984375 0.678125 0.790625 0.6453125 0.790625 0.6484375 0.7625 0.6296875 0.7296875 0.6078125 0.709375 0.5578125 0.684375 0.553125 0.6875 0.5484375 0.740625 0.578125 0.8640625 0.5796875 0.9515625 0.590625 0.9984375
1 0.64375 0 0.634375 0.0265625 0.6125 0.01875 0.6109375 0.0078125 0.5984375 0.00625 0.59375 0.0171875 0.596875 0.05625 0.6078125 0.06875 0.60625 0.1453125 0.6109375 0.165625 0.60625 0.1890625 0.6140625 0.2125 0.6078125 0.2203125 0.590625 0.21875 0.5859375 0.2234375 0.603125 0.246875 0.61875 0.290625 0.6625 0.5234375 0.6625 0.6296875 0.65 0.8015625 0.6625 0.8109375 0.6703125 0.7875 0.68125 0.59375 0.7703125 0.321875 0.79375 0.2859375 0.8328125 0.175 0.840625 0.11875 0.828125 0.0578125 0.8328125 0.009375 0.8296875 0.0046875 0.7609375 0 0.64375 0
0 0.7828125 0.6640625 0.7515625 0.6640625 0.740625 0.68125 0.7421875 0.70625 0.790625 0.709375 0.7921875 0.684375 0.7828125 0.6640625
3 0.653125 0.6796875 0.60625 0.6984375 0.6234375 0.721875 0.65 0.7390625 0.653125 0.6796875
0 0.634375 0.6453125 0.6125 0.640625 0.6046875 0.6484375 0.603125 0.690625 0.6390625 0.69375 0.6421875 0.665625 0.634375 0.6453125
0 0.7078125 0.653125 0.6921875 0.65 0.68125 0.6609375 0.678125 0.6796875 0.7046875 0.6890625 0.7109375 0.678125 0.7078125 0.653125
1 0 0.9984375 0.1125 0.9984375 0.128125 0.978125 0.184375 0.9359375 0.1890625 0.921875 0.2171875 0.9078125 0.275 0.834375 0.3015625 0.8265625 0.3203125 0.80625 0.3703125 0.7875 0.38125 0.76875 0.4078125 0.746875 0.41875 0.7171875 0.4140625 0.6125 0.4046875 0.6 0.346875 0.5859375 0.0046875 0.4625 0 0.4625 0 0.9984375
1 0.4296875 0.853125 0.475 0.778125 0.4796875 0.7515625 0.4921875 0.7296875 0.490625 0.71875 0.4703125 0.7078125 0.4265625 0.7265625 0.371875 0.790625 0.278125 0.8375 0.265625 0.859375 0.128125 0.9859375 0.1234375 0.9984375 0.3640625 0.9984375 0.3953125 0.940625 0.4296875 0.853125
4 0.571875 0.825 0.54375 0.6796875 0.525 0.6796875 0.509375 0.703125 0.4265625 0.86875 0.421875 0.8953125 0.4 0.93125 0.38125 0.9796875 0.3828125 0.9984375 0.58125 0.9984375 0.571875 0.825
1 0.41875 0.715625 0.4265625 0.71875 0.45 0.7109375 0.4578125 0.6984375 0.45625 0.590625 0.453125 0.5828125 0.43125 0.5796875 0.4265625 0.5609375 0.4078125 0.55625 0.40625 0.5859375 0.4171875 0.609375 0.41875 0.6296875 0.41875 0.715625