3 0.63151999375 0.674003171875 0.6865552296875 0.7244370124999999 0.6943332203125 0.6662596765625 0.670292303125 0.6641674531249999 0.6565712515625 0.6326870359375001 0.632530334375 0.6305948124999999 0.627594925 0.6356426046875 0.63151999375 0.674003171875
3 0.9826831609375001 0.6974262312499999 0.9666347765625 0.6969383312499999 0.9574913171875 0.9543200625000001 0.9767247421875 0.9534242515625 0.9826831609375001 0.6974262312499999
3 0.7446562203125 0.7811519609375 0.8628775359375 0.8768220875000001 0.9414672265625 0.9502484734375001 0.9458841343750001 0.6914809109375 0.925058653125 0.689238925 0.9208342234375 0.66374009375 0.91447819375 0.6608241828125 0.9048693125 0.6596657484375 0.8997468015625 0.672752128125 0.8416818875000001 0.683486415625 0.8176783921874999 0.6797864734375 0.80851855 0.6593354359375 0.7429763515625 0.6463283703125 0.739385371875 0.73161225625 0.7446562203125 0.7811519609375
4 0.46708247187499996 0.769990553125 0.4460324703125 0.7773948703125 0.43032815625 0.8311234578125 0.429055875 0.8857858359374999 0.40935164999999996 0.9043692906249999 0.377308225 0.97010070625 0.374449203125 0.9814756859375 0.5746718109375 0.9721501671875 0.5803670328125 0.939765425 0.5743117078125 0.854930825 0.5771168671875 0.8034089984375001 0.5639196937500001 0.7494205453125 0.5599211296875 0.645218459375 0.5537522 0.6342639640625001 0.5292996640625 0.6498566265625 0.46708247187499996 0.769990553125
0 0.93470495625 0.688789640625 0.944575778125 0.6786940546875 0.9509692265625 0.68000225 0.9488763921875 0.6319205 0.94248294375 0.63061230625 0.9277141312499999 0.6441479671875 0.925245753125 0.681200340625 0.93470495625 0.688789640625
0 0.9846647171875 0.6122905140625 0.9670103203125 0.611804209375 0.96513931875 0.6921900609375 0.9829210578125 0.687205225 0.9846647171875 0.6122905140625
0 0.8184642125 0.646024415625 0.8177532328125 0.6765710406250001 0.8513281906250001 0.68303713125 0.8675176203125 0.6774651734375 0.8930539921875 0.6843056703125 0.8987378046875 0.6471035359374999 0.8816890578125 0.6205960328125 0.8383929562500001 0.617794659375 0.8184642125 0.646024415625
0 0.6688342671874999 0.657811465625 0.6944829 0.659828809375 0.6988209359375 0.6114475374999999 0.6796031703125001 0.6091306703125 0.6695826671875 0.625657125 0.6688342671874999 0.657811465625
0 0.76062381875 0.6471123999999999 0.779879003125 0.64782155 0.78862856875 0.6169005234375 0.7758416718750001 0.614284134375 0.762717996875 0.6261372 0.76062381875 0.6471123999999999
0 0.8240731828125 0.612037715625 0.8048928390625001 0.6081131328125 0.7850763546875 0.6315197375 0.7830570171875 0.64927950625 0.811771403125 0.6575779578125001 0.8286718140625 0.6214593765624999 0.8240731828125 0.612037715625
0 0.618697021875 0.6039375484375 0.607405584375 0.6060694296875 0.6040030484375001 0.6142577765625 0.6051617265625 0.6334755000000001 0.6229588734375 0.6278286625 0.6248659515625 0.6148920453125 0.618697021875 0.6039375484375