3 0.965625 0.865625 0.965625 0.790625 0.93515625 0.7890625 0.8734375 0.734375 0.8640625 0.734375 0.8640625 0.7421875 0.8515625 0.753125 0.853125 0.88125 0.8859375 0.9 0.9546875 0.98125 0.965625 0.865625
0 0.928125 0.784375 0.9453125 0.7765625 0.96875 0.778125 0.9734375 0.69375 0.9640625 0.68125 0.93125 0.6703125 0.8984375 0.6703125 0.8890625 0.678125 0.88125 0.7015625 0.8796875 0.7328125 0.8875 0.7703125 0.90625 0.759375 0.928125 0.784375
0 0.8546875 0.7421875 0.859375 0.70625 0.85 0.6859375 0.8453125 0.6875 0.8453125 0.734375 0.8484375 0.7421875 0.8546875 0.7421875
3 0.784375 0.7296875 0.75625 0.7109375 0.7359375 0.709375 0.7359375 0.7453125 0.825 0.828125 0.8265625 0.7421875 0.784375 0.7296875
3 0.7859375 0.7359375 0.7671875 0.725 0.7625 0.7109375 0.7328125 0.70625 0.7359375 0.7453125 0.7734375 0.7484375 0.7734375 0.7390625 0.7859375 0.7359375
0 0.809375 0.734375 0.8296875 0.7359375 0.8328125 0.6796875 0.828125 0.665625 0.8015625 0.665625 0.775 0.6859375 0.775 0.715625 0.7921875 0.73125 0.803125 0.728125 0.809375 0.734375
3 0.6921875 0.671875 0.6859375 0.6765625 0.684375 0.7234375 0.7203125 0.7328125 0.7203125 0.68125 0.6921875 0.671875
0 0.7703125 0.6875 0.7578125 0.66875 0.7453125 0.6671875 0.7375 0.6765625 0.7375 0.703125 0.7609375 0.70625 0.76875 0.7015625 0.7703125 0.6875
0 0.596875 0.69375 0.59375 0.6734375 0.578125 0.6640625 0.5546875 0.634375 0.5171875 0.625 0.50625 0.628125 0.4984375 0.6390625 0.4984375 0.6609375 0.5203125 0.68125 0.5828125 0.7015625 0.596875 0.69375
0 0.40625 0.628125 0.3984375 0.6125 0.3625 0.60625 0.353125 0.615625 0.3546875 0.653125 0.3859375 0.65625 0.40625 0.65 0.40625 0.628125
0 0.709375 0.653125 0.7046875 0.6578125 0.703125 0.671875 0.7203125 0.675 0.721875 0.65625 0.709375 0.653125
4 0.6640625 0.978125 0.64375 0.9515625 0.6453125 0.8375 0.63125 0.73125 0.621875 0.7203125 0.5984375 0.71875 0.5875 0.7265625 0.5109375 0.8765625 0.5046875 0.9109375 0.4734375 0.9640625 0.4703125 0.9890625 0.475 0.9984375 0.6703125 0.9984375 0.6640625 0.978125
3 0.6765625 0.6625 0.665625 0.696875 0.653125 0.703125 0.634375 0.690625 0.6109375 0.690625 0.5984375 0.7046875 0.596875 0.7171875 0.6046875 0.7234375 0.6765625 0.725 0.6765625 0.6625