1 0.5000693390625 0.6596039765625 0.504884471875 0.65829621875 0.5114725484375 0.6062798859375 0.5157084937499999 0.3032439046875 0.5139003015625 0.30949018125 0.5000693390625 0.6596039765625
1 0.43893327343750005 0.5893571750000001 0.4343397578125 0.5843263609375 0.41354299843750003 0.7244366328125 0.4103496921875 0.770298984375 0.4149432078125 0.775329796875 0.43149397812499996 0.7111900921875 0.43893327343750005 0.5893571750000001
3 0.591259696875 0.6887267265625 0.4742408828125 0.6708044 0.4701812578125 0.695974096875 0.5870338578125 0.7186503531249999 0.591259696875 0.6887267265625
3 0.441789096875 0.6895588609375001 0.462359184375 0.6923433375 0.45990629062500005 0.6715583890625 0.43939160624999996 0.66718926875 0.441789096875 0.6895588609375001
1 0.546744903125 0.6432648125 0.5317102078125 0.6185722203124999 0.468357965625 0.6117111375000001 0.46783917343750003 0.6720198640625 0.5265978984374999 0.6738501343750001 0.5331104171875001 0.669465384375 0.546744903125 0.6432648125
4 0.5881419484375 0.68695749375 0.59515310625 0.6683109593750001 0.5775899578125 0.6704650015625 0.5731274046875 0.616217959375 0.5552318296875 0.627879859375 0.5311914140625 0.678880946875 0.5881419484375 0.68695749375
1 0.5727396421875001 0.1271326890625 0.5584050484375 0.12788667812500001 0.5568537250000001 0.17225668125 0.5795996859375 0.203749321875 0.6123637421875 0.22153394375 0.6073269906250001 0.2291802734375 0.6167356390625 0.2329033296875 0.6202764703125 0.268042359375 0.615350528125 0.272519403125 0.61588441875 0.3027199140625 0.6680550703125 0.356566515625 0.6905794125 0.394397728125 0.7157581125 0.49272225625 0.7119755109375 0.5099687375 0.7181556015624999 0.5150918484375 0.7424956875000001 0.5919314015625 0.7407504453125 0.6418476531249999 0.7451777468749999 0.6516323953125001 0.7515240546874999 0.652001575 0.7621516015625 0.6208624859375 0.7617839234375 0.585908046875 0.7826511859374999 0.53472236875 0.77975505625 0.5266145640625 0.7963410765625001 0.50693715625 0.8019318734375 0.48344439687499996 0.816765103125 0.46842862187499995 0.8485923390625001 0.37659599843749997 0.8883323046875 0.3312717875 0.8845346062500001 0.25800903124999996 0.9001434984375001 0.22080825625 0.9007529484375001 0.203377184375 0.9740880390625 0.1520679515625 0.9908402734375 0.127636615625 0.9798299500000001 0.033312028125 0.9771642500000001 0.029981225 0.600749025 0.00808425 0.5829088546875 0.01816150625 0.602703278125 0.0431309859375 0.6019276171875 0.06531598749999999 0.6129782453125 0.06754669375 0.6174055484375 0.0773314375 0.6077752828125 0.079946953125 0.611482325 0.11033205312500001 0.6016304406249999 0.11928614062500001 0.590746025 0.1123015046875 0.5727396421875001 0.1271326890625
1 0.3914568375 0.81048445625 0.3967706109375 0.7949149109375 0.41574913437500005 0.4339855015625 0.4076500390625 0.43827795468749997 0.4019836859375 0.509402296875 0.397113146875 0.5122946984375 0.38516593593750004 0.8085306328125 0.3914568375 0.81048445625
1 0.46230378125 0.6939279796875 0.4682874640625 0.5227865421875 0.46647926875 0.52903281875 0.46230378125 0.6939279796875
1 0.4361076453125 0.670173965625 0.4583197140625 0.67146609375 0.46201166093749996 0.61134195625 0.4414969765625 0.6069728375000001 0.43793599375000003 0.6178807484375 0.4361076453125 0.670173965625
2 0.552003271875 0.6292799109375 0.5576494734375 0.6042025109375 0.5485178453125 0.5925562390625 0.552003271875 0.6292799109375
3 0.9921355703125 1 0.9998559671875 0.7791861203125 0.995338009375 0.7265237234375 0.9165632390624999 0.7060625468749999 0.8801827937500001 0.700770478125 0.8752568515625001 0.705247521875 0.8714490421875001 0.905097121875 0.9670004921875 1 0.9921355703125 1
0 0.8767527718749999 0.6624621609375 0.8818801796875 0.6976934875 0.9104385515625 0.6993547953125 0.9116574500000001 0.66449265 0.8982647359374999 0.638307709375 0.863304653125 0.6378618625 0.8614410546875 0.6456927828125 0.8767527718749999 0.6624621609375
4 0.5980286796875001 1 0.5806321484375 0.719865815625 0.5016911656249999 0.7041585687499999 0.359225703125 0.9943898093750001 0.4556664640625 1 0.5980286796875001 1
1 0.6228955093749999 0.78425115 0.6262550296875 0.7336348687500001 0.604319984375 0.7244195265625 0.6034889171875 0.7481891703125 0.5949465875 0.76515876875 0.5836189359375 0.770851275 0.5868273390625001 0.8154981625 0.5928412171875 0.8253751984375001 0.618337246875 0.8236826328125 0.6228955093749999 0.78425115
1 0.5999279328125 0.7590970828125 0.6105101859375 0.45643027812500003 0.6125399984375 0.4438454296875 0.62550963125 0.436660575 0.6286122796875 0.3479205703125 0.6109030718749999 0.3087816015625 0.593707603125 0.34589008125 0.5889075671875 0.43770707656249996 0.60079844375 0.4613761515625 0.58717991875 0.759943365625 0.5950019906249999 0.763574125 0.5999279328125 0.7590970828125
3 0.6326768921875 0.6863724671875 0.600779153125 0.689280496875 0.6043753875 0.7228348828125 0.628118628125 0.72580395 0.6326768921875 0.6863724671875
4 0.6266630140625 0.6764954296875 0.6141920203125 0.6694184984375 0.6079011203125 0.667464675 0.6087674390625 0.688157328125 0.6266630140625 0.6764954296875
1 0.77368071875 0.6548783484375 0.746653515625 0.6548939765624999 0.7213237 0.6518326140624999 0.707321534375 0.6430787453125 0.63598100625 0.6373408296874999 0.6216766109375 0.8191132937500001 0.6452133328125 0.9189301703125 0.659049284375 0.9324379671875 0.684268290625 0.938668615625 0.699746221875 0.9506840656250001 0.8003452281250001 0.9835298734375 0.8258412578125001 0.9818373062499999 0.8373905265625 0.9698062249999999 0.8497507125 0.98005244375 0.8577389984374999 0.9789292765625 0.8683111406249999 0.949374828125 0.8691321640625 0.6985397703125 0.8247835859375 0.6483239281250001 0.8075528640625 0.6409701109375 0.7819460265625 0.645831965625 0.77368071875 0.6548783484375
1 0.12953573125 0.9810281953125 0.3536818296875 0.994067309375 0.4201612703125 0.8534387765625 0.4647717734375 0.8052221671875 0.4834430109375 0.7713752656249999 0.47388830156250006 0.7263591984375 0.43455632031249997 0.7145439671875 0.292036421875 0.834870384375 0.278623553125 0.8547323859375 0.2443081703125 0.8813177624999999 0.1799384953125 0.9490271937499999 0.12953573125 0.9810281953125
1 0.9312612703125 1 0.8810591562500001 0.9485285453125 0.8607459359374999 0.9838677953125 0.8465221546875 0.9814524984374999 0.8319659453125 0.9885450562500001 0.7875972140624999 0.98437615625 0.742140546875 0.9658531734375 0.7151687484375 0.9642841578124999 0.680651903125 0.9511611703125 0.652702978125 0.9320687890625001 0.6079464140625 0.9389923874999999 0.602688046875 0.9529772890625001 0.60597959375 1 0.9312612703125 1
1 0.177430196875 0.9298268875 0.22707745 0.8739639484374999 0.24786915625 0.8704098531250001 0.24973275468749997 0.8625789328125 0.27408544375 0.8481169296875001 0.28744290625 0.8298395718749999 0.3330305359375 0.799146328125 0.34583901093749997 0.660159225 0.33370044375 0.6435744359375 0.22203065624999999 0.6545448625 0.21655066875 0.6748683359375 0.2055000390625 0.672637628125 0.1859624828125 0.6857918749999999 0.153364640625 0.6632533234375 0.017785396875 0.6760086109375 0.0118636890625 0.67967025625 0.0170096515625 0.9744822828125 0.1192229859375 0.9804282765625001 0.1313993296875 0.9731972765625001 0.1333183328125 0.9637817140625 0.1477083296875 0.96144308125 0.1495719296875 0.9536121625 0.1641281375 0.9465196015625 0.1644605640625 0.9370117453125 0.177430196875 0.9298268875
1 0.42346039687500003 0.44078554687500004 0.41694787968749997 0.4451702953125 0.41380997812500003 0.48944800468749994 0.4085667078125 0.59394214375 0.41458058593749997 0.6038191796875 0.4274394078125 0.5998036109375 0.43609254843749995 0.579664728125 0.436908515625 0.465385846875 0.43275823750000003 0.4476778875 0.42346039687500003 0.44078554687500004