4 0.5986944656250001 1 0.5999710203124999 0.9875090140625 0.591619178125 0.9797372796875001 0.5969929078125 0.9655102640625 0.575198609375 0.89494246875 0.5434242640625 0.717471315625 0.5208041171875 0.6831109890625 0.4875768625 0.7039579781249999 0.46952327499999996 0.7655473796875001 0.4511889828125 0.7736302046875 0.42261020625 0.8180302906250001 0.32996159375 1 0.5986944656250001 1
1 0.441169178125 0.641546203125 0.44221489218750004 0.682453309375 0.44949993906249996 0.6981065765625 0.46205811875 0.69796018125 0.49812313125 0.6723586515625 0.4992507640625 0.6408691265625001 0.48872557812500006 0.6236798109375 0.44614052656250003 0.6210286015625 0.441169178125 0.641546203125
4 0.5013024328125 0.6975026953125 0.5423177109374999 0.70017220625 0.5365018421875 0.68292799375 0.523440684375 0.6752111562499999 0.5067767578125 0.684848328125 0.48647031093750004 0.686658865625 0.48353195781249997 0.6898407578125 0.5013024328125 0.6975026953125
3 1 0.7771833578125 0.8448603546875001 0.7391384734375 0.8167658828125001 0.7174325140625 0.7585837 0.7165369453125 0.7011665265625 0.70304190625 0.6919490828125 0.7062969953125 0.698085415625 0.802228425 0.8188151453125 0.8968240015625 0.912255165625 0.9822947875000001 0.923444765625 0.9853119859374999 0.9302805812500001 1 1 1 1 0.7771833578125
3 1 0.77686855 0.833570159375 0.7345486296875 0.8279554812500001 0.7204497109375 0.8199054265625 0.7173959140624999 0.7913477343750001 0.7130073640625 0.7759517953125 0.7179082984375 0.7740802343750001 0.7132086578125 0.6995967546874999 0.70306020625 0.6948874375 0.7031151046875 0.6926532515625 0.71730551875 0.697783628125 0.7975104859375 0.9336681656250001 0.9977833593750001 0.9365552906250001 1 1 1 1 0.77686855
1 0.9112343546874999 1 0.905009878125 0.9918221640624999 0.84882093125 0.94841024375 0.721369975 0.8224166374999999 0.653186665625 0.76340635 0.6416952796875 0.7556712125 0.6388575203125 0.7604257515625 0.651532565625 0.9585792 0.6579017109375 0.9844729671874999 0.6455428671875 1 0.9112343546874999 1
1 0.61888993125 0.47282449375 0.6173770390625 0.0807863078125 0.607214478125 0.0447069375 0.6094131593750001 0.0141842484375 0.5705343421875 0.013279334374999998 0.573402325 0.13008732812499998 0.6039833859375 0.6081718390625 0.6108588328125 0.985808271875 0.6159705328125 0.992043959375 0.64893575625 0.991659671875 0.6533432875 0.986886834375 0.6420952546875001 0.8847197171875001 0.61888993125 0.47282449375
3 0.6411923015625 0.74780798125 0.6843200875 0.7835030640625 0.6820274703125 0.6985435578125 0.6579779046875001 0.6909548171875 0.6366046625 0.7006468875 0.6411923015625 0.74780798125
1 0.5893289671875 0.7720198578125 0.596171875 0.7562018953125 0.5966959359375 0.715276490625 0.5882434984375 0.7059321078125 0.560289378125 0.7109794375 0.5541903984375 0.7629865640625 0.5830872281249999 0.9200316140625 0.594517775 0.9513747453124999 0.6091487078125 0.9590732828125 0.6045634734374999 0.7891542734375 0.5893289671875 0.7720198578125
1 0.5521784875 0.7315336375 0.555863171875 0.6417829953124999 0.543047775 0.41687625781250004 0.5373722578125 0.4263853328125 0.5413750015625001 0.538079828125 0.5521784875 0.7315336375
0 0.5825890625000001 0.6666525484375 0.5819246515625001 0.6808246640625 0.599393340625 0.6837686640625 0.597018803125 0.671205790625 0.5825890625000001 0.6666525484375
0 0.6442125765625 0.67222945625 0.6372293171875001 0.661294128125 0.6309502265625 0.6613673265625 0.6310905796874999 0.6881206140625 0.6347331015625 0.695947246875 0.6442523328124999 0.6974100984375 0.6442125765625 0.67222945625
1 0.6618848625 0.55556083125 0.6822310671875 0.5789309359375 0.6913033468750001 0.7944383921875 0.685653725 0.5096429953125 0.6592693781250001 0.5146720234375 0.6618848625 0.55556083125
0 0.6946862453125 0.6999698109375 0.7181322390625 0.6981226734375 0.71535531875 0.679269215625 0.697685440625 0.6731799234375 0.6917081375 0.6779710609375 0.6946862453125 0.6999698109375
1 0.266440853125 1 0.266112440625 0.9992700187500001 0.2807036140625 0.9817879140624999 0.29012224999999997 0.98167811875 0.3247789234375 0.934059540625 0.37213413125 0.9130478546875 0.40654985625 0.8371033406249999 0.47252246875 0.7387574906250001 0.476326425 0.7245487765624999 0.47218092343749996 0.7088589109375001 0.46747160625 0.708913809375 0.46847756250000006 0.7246402734374999 0.45141125468750004 0.727986859375 0.4415902375 0.7218060703125 0.43875247812499996 0.7265606078125 0.42422214374999995 0.7204347171875 0.39910578281250003 0.7207275078125 0.399508165625 0.72701809375 0.3782355171875 0.7382828078125 0.3620348125 0.730602571875 0.2981162765625 0.7628240749999999 0.2824185515625 0.76300706875 0.2647884296875 0.7820984171875 0.2482859390625 0.769700240625 0.2308172484375 0.7667562390625 0.195718434375 0.7829035906249999 0.1719706546875 0.7800327890625 0.144077375 0.761472121875 0.12908381875 0.772663640625 0.0358636625 0.7643074265625 0.0312297921875 0.7655418109375 0.0462270984375 1 0.266440853125 1
1 0.487375671875 0.700812684375 0.4745157046875 0.6962411390625001 0.3515096265625 0.71341325625 0.32890815624999997 0.7530222078125 0.311741253125 0.754796146875 0.27547505 0.7772523828125 0.26251448593750004 0.7711081921875 0.261850075 0.785280309375 0.288877753125 0.8148678015625 0.301234740625 0.8115761125000001 0.344463121875 0.8488438437499999 0.35525033906250003 0.8455704546874999 0.3636021796875 0.8533421890625 0.367948871875 0.8721773468749999 0.3545250890625 0.8833505671875 0.36100536875 0.8864226625 0.36191072968750004 0.9005764796875001 0.37289913750000003 0.900448384375 0.40010933125000003 0.8592118890625 0.4179008890625 0.8180851890625 0.46628313437499996 0.76401133125 0.48574506093750003 0.7244389796874999 0.487375671875 0.700812684375
1 0.65434500625 0.1920965140625 0.6764224171875 0.19341296875 0.679098740625 0.2106937796875 0.713935525 0.21500913124999999 0.709549075 0.1709933328125 0.659215759375 0.170006265625 0.651467490625 0.1716704109375 0.65434500625 0.1920965140625
1 0.15055765625 0.7645442171875 0.15576995 0.7723525515625 0.2046340921875 0.7749305625 0.2036281359375 0.7592040984375 0.1522888640625 0.74249056875 0.15055765625 0.7645442171875
1 0.240296721875 0.74303845 0.228704740625 0.7337306671875 0.21771633437500001 0.7338587624999999 0.22590673906249997 0.763665846875 0.2447440109375 0.7634462546874999 0.2490509453125 0.7571007703125 0.240296721875 0.74303845
1 0.30956790624999997 0.7453785671875 0.292361246875 0.7219718671875001 0.26273675937499996 0.725464846875 0.264145096875 0.7474818984375 0.27720625625 0.755198734375 0.30085344062499997 0.7564968890625 0.30956790624999997 0.7453785671875
1 0.03481795 0.7234003203125 0.0286193359375 0.7247316359375 0.0308238171875 0.759195059375 0.05085722031249999 0.7531159078125 0.0666157828125 0.7293249203125 0.053554625 0.7216080828125 0.03481795 0.7234003203125
1 0.062308848437499995 0.735670403125 0.0603764515625 0.7545787578125001 0.0736388 0.7654408890625 0.10994476093750001 0.7681652953125 0.12817845781249998 0.7585098234375 0.123831765625 0.7396746656250001 0.1011507796875 0.7289223328125 0.078872178125 0.7244605843749999 0.062308848437499995 0.735670403125
1 0.371977509375 0.6895673703125 0.35177165625 0.692950553125 0.3398170484375 0.7025328265625 0.33748226875 0.715150596875 0.3460353 0.7260676265625 0.359760871875 0.7196123437499999 0.37252024375000004 0.7226112421875001 0.40918882968750003 0.70644559375 0.40711607968749997 0.6986006609375 0.371977509375 0.6895673703125
1 0.4219482015625 0.7094444921874999 0.43136683593749997 0.7093346953124999 0.4417516703125 0.6997707203125 0.43798987812499995 0.616402159375 0.404984896875 0.5916058046875 0.39282909843749997 0.5980427875000001 0.40357415156250004 0.6923466734375 0.4219482015625 0.7094444921874999
1 0.2707494625 0.5805800828125001 0.2721578 0.6025971328125 0.2998498921875 0.61801250625 0.32289350156249996 0.6098747859375 0.3405633828125 0.615964078125 0.35078678281250003 0.6284354515625 0.3948410109375 0.629495715625 0.389387765625 0.593361446875 0.2707494625 0.5805800828125001