3 0.8359375 0.8578125 0.8359375 0.871875 0.9234375 0.9515625 0.9328125 0.95 0.9390625 0.965625 0.946875 0.9671875 0.9546875 0.98125 0.9640625 0.98125 0.9734375 0.9984375 0.9984375 0.9984375 0.9984375 0.8109375 0.9765625 0.7234375 0.9390625 0.7109375 0.9375 0.715625 0.8125 0.746875 0.8125 0.8421875 0.8203125 0.8484375 0.81875 0.85625 0.8359375 0.8578125
3 0.8515625 0.8671875 0.875 0.9046875 0.9 0.9109375 0.971875 0.98125 0.9859375 0.9859375 0.990625 0.9984375 0.9984375 0.9984375 0.9984375 0.8078125 0.9796875 0.73125 0.9671875 0.7203125 0.9390625 0.7125 0.8140625 0.74375 0.809375 0.746875 0.809375 0.7796875 0.815625 0.840625 0.8515625 0.8671875
1 0.8390625 0 0.8359375 0.0046875 0.778125 0.0015625 0.7734375 0.0203125 0.7859375 0.5078125 0.775 0.8875 0.7796875 0.9 0.7984375 0.9 0.8078125 0.88125 0.80625 0.7171875 0.81875 0.353125 0.8375 0.165625 0.846875 0.1546875 0.8609375 0.153125 0.884375 0.121875 0.8953125 0.121875 0.8953125 0.1125 0.93125 0.1078125 0.940625 0.0984375 0.9390625 0.0921875 0.959375 0.0828125 0.971875 0.0671875 0.9734375 0.0546875 0.99375 0.0359375 0.9984375 0.0046875 0.9765625 0.003125 0.953125 0.0125 0.9296875 0 0.8875 0 0.8734375 0.009375 0.8578125 0 0.8390625 0
0 0.984375 0.6921875 0.9859375 0.7546875 0.9984375 0.7984375 0.9984375 0.665625 0.984375 0.6921875
0 0.84375 0.734375 0.90625 0.7390625 0.9125 0.7515625 0.925 0.746875 0.9328125 0.7234375 0.928125 0.6734375 0.8953125 0.615625 0.865625 0.6078125 0.8171875 0.6078125 0.809375 0.6625 0.809375 0.734375 0.8234375 0.7171875 0.8296875 0.7171875 0.84375 0.734375
1 0.625 0.9671875 0.6265625 0.9984375 0.95 0.9984375 0.934375 0.9703125 0.6828125 0.728125 0.6296875 0.7046875 0.6 0.715625 0.6015625 0.7671875 0.61875 0.8671875 0.6171875 0.946875 0.625 0.9671875
3 0.69140625 0.684375 0.671875 0.6828125 0.671875 0.7125 0.7078125 0.7484375 0.709375 0.675 0.69140625 0.684375
1 0.6375 0.5734375 0.6375 0.5578125 0.6015625 0.5609375 0.5953125 0.6265625 0.5921875 0.6890625 0.6015625 0.696875 0.6046875 0.596875 0.6375 0.5734375
1 0.6421875 0.5734375 0.6375 0.5828125 0.6328125 0.6984375 0.640625 0.7046875 0.646875 0.6234375 0.6421875 0.5734375
0 0.6890625 0.6296875 0.6734375 0.628125 0.665625 0.6375 0.6609375 0.675 0.7 0.6796875 0.7015625 0.6578125 0.6890625 0.6296875
0 0.6359375 0.6296875 0.6296875 0.628125 0.6265625 0.6578125 0.634375 0.65625 0.6375 0.6453125 0.6359375 0.6296875
0 0.6484375 0.6375 0.646875 0.6515625 0.6609375 0.6546875 0.6609375 0.6390625 0.6484375 0.6375
0 0.71875 0.6359375 0.7171875 0.6609375 0.728125 0.6640625 0.7296875 0.6359375 0.71875 0.6359375
3 0.7640625 0.8328125 0.7703125 0.8390625 0.775 0.6921875 0.7578125 0.6734375 0.7515625 0.6734375 0.7484375 0.684375 0.75 0.79375 0.7640625 0.80625 0.7703125 0.8265625 0.7640625 0.8328125
1 0.74375 0.7765625 0.74375 0.0765625 0.7359375 0.090625 0.73125 0.3609375 0.7296875 0.784375 0.73125 0.790625 0.7390625 0.790625 0.74375 0.7765625
3 0.746875 0.68125 0.7453125 0.7734375 0.7734375 0.7984375 0.778125 0.6921875 0.746875 0.68125
4 0.6171875 0.8796875 0.6078125 0.8328125 0.6015625 0.7046875 0.590625 0.696875 0.5875 0.653125 0.575 0.6453125 0.3921875 0.984375 0.390625 0.9984375 0.6109375 0.9984375 0.6171875 0.9890625 0.6171875 0.8796875
4 0.384375 0.9984375 0.6125 0.9984375 0.61875 0.9734375 0.615625 0.88125 0.590625 0.7 0.55625 0.6921875 0.465625 0.8375 0.4328125 0.9203125 0.4171875 0.9390625 0.41875 0.95 0.384375 0.9984375
1 0 0.9734375 0.021875 0.975 0.0328125 0.9953125 0.3734375 0.9984375 0.3859375 0.9734375 0.4109375 0.9546875 0.409375 0.93125 0.440625 0.903125 0.4359375 0.890625 0.4390625 0.8765625 0.45625 0.8640625 0.45 0.8453125 0.44375 0.8390625 0.4359375 0.8421875 0.421875 0.81875 0.4203125 0.7796875 0.43125 0.7703125 0.41875 0.7640625 0.4125 0.8046875 0.38671875 0.8234375 0.3765625 0.8234375 0.3703125 0.80625 0.371875 0.7578125 0.3796875 0.7390625 0.375 0.728125 0.309375 0.725 0.29375 0.715625 0.2765625 0.71875 0.2078125 0.703125 0.1859375 0.7046875 0.1109375 0.6921875 0.09375 0.6984375 0.009375 0.696875 0 0.6984375 0 0.9734375
1 0.4515625 0.840625 0.4671875 0.8296875 0.4859375 0.7984375 0.4625 0.7625 0.4359375 0.74375 0.40625 0.74375 0.40625 0.8109375 0.4328125 0.8375 0.4515625 0.840625
1 0.4984375 0.79375 0.53125 0.725 0.5453125 0.715625 0.5515625 0.68125 0.5375 0.665625 0.528125 0.6640625 0.4796875 0.6765625 0.46875 0.690625 0.4625 0.7484375 0.4671875 0.7703125 0.4875 0.8015625 0.4984375 0.79375
1 0.396875 0.7125 0.409375 0.734375 0.4546875 0.7484375 0.465625 0.725 0.46875 0.68125 0.5140625 0.6625 0.5234375 0.64375 0.5265625 0.6109375 0.5125 0.515625 0.4859375 0.4625 0.4890625 0.4328125 0.4828125 0.4 0.4734375 0.390625 0.4546875 0.3984375 0.4515625 0.4140625 0.4421875 0.4234375 0.4453125 0.428125 0.4359375 0.4375 0.43125 0.5328125 0.4078125 0.55 0.3984375 0.5828125 0.4046875 0.5984375 0.4046875 0.6765625 0.4015625 0.709375 0.396875 0.7125
1 0.13125 0.6578125 0.13125 0.578125 0.1140625 0.5859375 0.0875 0.578125 0.0828125 0.590625 0.075 0.646875 0.08125 0.6734375 0.1265625 0.671875 0.13125 0.6578125
1 0 0.68125 0.0171875 0.6875 0.0546875 0.66875 0.05 0.6578125 0.059375 0.646875 0.059375 0.6140625 0.0515625 0.5859375 0.025 0.5796875 0.009375 0.590625 0 0.63125 0 0.68125
1 0.215625 0.6828125 0.209375 0.615625 0.2234375 0.590625 0.19375 0.5765625 0.1625 0.58125 0.1484375 0.590625 0.140625 0.65 0.1484375 0.684375 0.196875 0.6890625 0.215625 0.6828125
1 0.30625 0.7078125 0.3421875 0.71875 0.36875 0.7171875 0.3703125 0.703125 0.3796875 0.7 0.3828125 0.5984375 0.3484375 0.5890625 0.3265625 0.59375 0.2640625 0.5890625 0.246875 0.55625 0.234375 0.5953125 0.2296875 0.646875 0.228125 0.7 0.25 0.70625 0.2515625 0.7171875 0.30625 0.7078125