0 0.7765625 0.778125 0.7921875 0.778125 0.815625 0.790625 0.8328125 0.8375 0.8421875 0.8375 0.85 0.821875 0.8859375 0.81875 0.9359375 0.8265625 0.946875 0.83125 0.9546875 0.846875 0.971875 0.8453125 0.978125 0.8390625 0.9953125 0.8 0.984375 0.7265625 0.9 0.6203125 0.8453125 0.6078125 0.78125 0.6125 0.7640625 0.625 0.753125 0.6453125 0.75 0.68125 0.75 0.753125 0.7578125 0.78125 0.771875 0.7875 0.7765625 0.778125
1 0.5515625 0 0.5484375 0.015625 0.5328125 0.0296875 0.5171875 0.0171875 0.5078125 0.028125 0.5359375 0.0546875 0.559375 0.128125 0.5875 0.16875 0.5984375 0.175 0.5875 0.184375 0.5875 0.2078125 0.6125 0.2140625 0.625 0.228125 0.6375 0.2609375 0.6390625 0.2953125 0.6203125 0.49375 0.634375 0.646875 0.6234375 0.7703125 0.640625 0.771875 0.65625 0.78125 0.653125 0.809375 0.665625 0.8125 0.66875 0.7578125 0.6640625 0.7578125 0.653125 0.71875 0.6625 0.6515625 0.6578125 0.5171875 0.6625 0.5125 0.6671875 0.4359375 0.6671875 0.325 0.6875 0.2671875 0.6921875 0.203125 0.7015625 0.1796875 0.73125 0.14375 0.76875 0.1234375 0.7884375 0.12453125000000001 0.76875 0.1203125 0.7359375 0.13125 0.7171875 0.1296875 0.7328125 0.0890625 0.7546875 0.0765625 0.76875 0.05625 0.7921875 0.046875 0.7984375 0.025 0.796875 0 0.5515625 0
1 0.671875 0.6796875 0.6609375 0.6640625 0.6546875 0.6703125 0.653125 0.8109375 0.665625 0.8171875 0.6796875 0.7390625 0.671875 0.6796875
3 0.7484375 0.7 0.740625 0.69375 0.6953125 0.6921875 0.6890625 0.6875 0.6890625 0.6640625 0.6734375 0.6625 0.684375 0.7578125 0.709375 0.7671875 0.7484375 0.7671875 0.7484375 0.7
0 0.7359375 0.6265625 0.7046875 0.6265625 0.69375 0.646875 0.6953125 0.6875 0.7453125 0.6890625 0.75 0.6484375 0.7359375 0.6265625
3 0.48125 0.71875 0.6015625 0.7515625 0.615625 0.753125 0.621875 0.746875 0.625 0.665625 0.6078125 0.65625 0.5875 0.65625 0.5859375 0.6609375 0.484375 0.6859375 0.4578125 0.684375 0.4578125 0.6921875 0.46875 0.7 0.4640625 0.709375 0.48125 0.71875
0 0.621875 0.6328125 0.61875 0.659375 0.6265625 0.6609375 0.6296875 0.6265625 0.621875 0.6328125
4 0.5140625 0.66875 0.496875 0.6875 0.5953125 0.6859375 0.5515625 0.675 0.540625 0.6390625 0.5140625 0.66875
4 0.5796875 1 0.553125 0.75 0.6171875 0.75 0.6265625 0.740625 0.55625 0.7265625 0.446875 0.7109375 0.478125 0.728125 0.3359375 1 0.5796875 1
1 0.946875 0.9859375 0.803125 0.8703125 0.7203125 0.7875 0.6890625 0.7640625 0.678125 0.765625 0.6765625 0.7875 0.6484375 0.7875 0.6453125 0.778125 0.6171875 0.778125 0.6140625 0.7671875 0.5921875 0.759375 0.5828125 0.759375 0.5640625 0.78125 0.565625 0.859375 0.5921875 0.9984375 0.9515625 0.9984375 0.946875 0.9859375
3 0.8078125 0.8515625 0.9703125 0.9984375 0.9984375 0.9984375 0.9984375 0.8234375 0.984375 0.8265625 0.81875 0.8046875 0.8140625 0.790625 0.7859375 0.7765625 0.765625 0.79375 0.746875 0.765625 0.74375 0.7171875 0.684375 0.7203125 0.6890625 0.7484375 0.7 0.76875 0.8078125 0.8515625
3 0.9984375 0.70625 0.9859375 0.7046875 0.975 0.709375 0.9890625 0.7296875 0.9984375 0.728125 0.9984375 0.70625
1 0 0.9984375 0.0328125 0.9984375 0.0546875 0.9703125 0.090625 0.9484375 0.1078125 0.928125 0.1375 0.91875 0.1796875 0.8796875 0.2203125 0.8546875 0.2671875 0.8671875 0.296875 0.865625 0.3171875 0.871875 0.334375 0.85 0.346875 0.7703125 0.3796875 0.740625 0.3890625 0.721875 0.3875 0.7046875 0.234375 0.7359375 0.215625 0.7625 0.1828125 0.7640625 0.1765625 0.7578125 0.1578125 0.7578125 0.053125 0.790625 0.009375 0.7984375 0 0.803125 0 0.9984375
1 0.4625 0.7703125 0.4625 0.7578125 0.421875 0.740625 0.3890625 0.740625 0.3484375 0.7765625 0.3359375 0.8625 0.315625 0.88125 0.2984375 0.88125 0.2890625 0.8703125 0.2703125 0.8734375 0.2203125 0.8609375 0.1890625 0.8765625 0.1125 0.9328125 0.053125 0.9875 0.05 0.9984375 0.3515625 0.9984375 0.3625 0.9890625 0.4625 0.7703125
1 0.4046875 0.8625 0.4359375 0.828125 0.465625 0.75625 0.459375 0.7484375 0.403125 0.7328125 0.3671875 0.75625 0.34375 0.784375 0.3375 0.846875 0.3421875 0.8578125 0.3765625 0.865625 0.4046875 0.8625
1 0.39375 0.571875 0.3828125 0.5625 0.375 0.5765625 0.371875 0.6953125 0.3875 0.6984375 0.3921875 0.6859375 0.39375 0.571875
1 0.4390625 0.4875 0.434375 0.5328125 0.43125 0.7109375 0.4375 0.7125 0.4453125 0.5078125 0.4390625 0.4875
3 0.459375 0.6828125 0.4421875 0.6875 0.4421875 0.709375 0.4546875 0.7125 0.4796875 0.6890625 0.459375 0.6828125
3 0.428125 0.684375 0.396875 0.684375 0.3953125 0.696875 0.403125 0.7125 0.428125 0.70625 0.428125 0.684375
3 0.403125 0.6875 0.4203125 0.684375 0.4015625 0.6828125 0.403125 0.6875
3 0.36875 0.678125 0.296875 0.678125 0.29375 0.684375 0.3 0.6875 0.3703125 0.6921875 0.36875 0.678125
1 0.3921875 0.89375 0.35625 0.878125 0.328125 0.875 0.3078125 0.88125 0.2203125 0.8609375 0.190625 0.8765625 0.1421875 0.9203125 0.1046875 0.9390625 0.053125 0.9875 0.05 0.9984375 0.3515625 0.9984375 0.3671875 0.971875 0.3921875 0.89375