0 0.74375 0.7875 0.7640625 0.778125 0.8171875 0.784375 0.821875 0.79375 0.83125 0.7953125 0.840625 0.7453125 0.83125 0.70625 0.80625 0.6546875 0.7828125 0.6375 0.728125 0.63125 0.7125 0.6421875 0.7046875 0.6625 0.7015625 0.740625 0.7078125 0.7578125 0.725 0.7609375 0.74375 0.7875
3 0.8359375 0.775 0.80625 0.775 0.7984375 0.7828125 0.7546875 0.7859375 0.7609375 0.8109375 0.778125 0.821875 0.778125 0.840625 0.809375 0.875 0.8234375 0.8765625 0.8625 0.903125 0.9140625 0.9546875 0.9234375 0.9703125 0.9109375 0.98125 0.915625 0.9953125 0.9984375 0.9984375 0.9984375 0.7328125 0.984375 0.7296875 0.978125 0.721875 0.840625 0.6875 0.81875 0.6921875 0.8265625 0.709375 0.8359375 0.7140625 0.840625 0.76875 0.8359375 0.775
3 0.784375 0.7890625 0.7625 0.8015625 0.9515625 0.9984375 0.9984375 0.9984375 0.9984375 0.728125 0.9890625 0.71875 0.9625 0.7171875 0.959375 0.7109375 0.828125 0.684375 0.84375 0.7453125 0.8375 0.7953125 0.828125 0.8015625 0.784375 0.7890625
0 0.8609375 0.63125 0.8390625 0.6328125 0.83125 0.65625 0.8328125 0.6796875 0.86875 0.684375 0.86875 0.6453125 0.8609375 0.63125
3 0.6875 0.6421875 0.6734375 0.653125 0.671875 0.715625 0.69375 0.7359375 0.70625 0.6453125 0.6875 0.6421875
3 0.6890625 0.6453125 0.6734375 0.65625 0.675 0.73125 0.7 0.7453125 0.703125 0.6453125 0.6890625 0.6453125
3 0.64375 0.628125 0.628125 0.63125 0.6265625 0.6609375 0.646875 0.6890625 0.65 0.6328125 0.64375 0.628125
0 0.6734375 0.6078125 0.6734375 0.6453125 0.68125 0.6453125 0.6875 0.61875 0.6734375 0.6078125
0 0.7125 0.6109375 0.7 0.6109375 0.69375 0.6203125 0.6953125 0.6390625 0.7078125 0.6421875 0.71875 0.6296875 0.7125 0.6109375
4 0.459375 0.80625 0.4484375 0.8125 0.4234375 0.8015625 0.3890625 0.7984375 0.3953125 0.80625 0.440625 0.821875 0.4734375 0.8421875 0.45625 0.890625 0.4125 0.978125 0.409375 0.9984375 0.6296875 0.9984375 0.634375 0.9921875 0.634375 0.953125 0.5984375 0.7421875 0.590625 0.65625 0.5890625 0.65 0.565625 0.64375 0.5453125 0.690625 0.54375 0.7078125 0.484375 0.815625 0.459375 0.80625
4 0.4421875 0.8484375 0.4625 0.85 0.446875 0.8359375 0.3765625 0.80625 0.365625 0.8140625 0.375 0.8328125 0.4078125 0.834375 0.4421875 0.8484375
4 0.6296875 0.940625 0.615625 0.9203125 0.6 0.9125 0.5921875 0.890625 0.5609375 0.884375 0.559375 0.875 0.48125 0.8453125 0.4671875 0.8515625 0.4078125 0.978125 0.40625 0.9984375 0.6296875 0.9984375 0.6359375 0.9828125 0.6296875 0.940625