3 1 0.7666000015625001 0.9852323015625 0.75874323125 0.9407847046875 0.7541978671875 0.931948528125 0.7434225859375 0.79434585 0.7005857578125 0.6468949921875 0.670732125 0.6462804828125 0.7081293015625 0.6565758390624999 0.7104896453125 0.665561078125 0.7263794375 0.6882568953125 0.7448480749999999 0.7071896843750001 0.75116435 0.7058298781250001 0.7629889624999999 0.714467309375 0.7669448921875001 0.7166221015625001 0.78239768125 0.6833145328125 0.809194903125 0.622237996875 0.81890056875 0.54905911875 0.8227269640625 0.405321603125 0.8033208593750001 0.393517378125 0.8076706140625 0.31140295 0.79731205625 0.2808646828125 0.8021648906250001 0.2070895671875 0.785533234375 0.193180240625 0.7761350390625 0.164299896875 0.7793922859375 0.09745460312500001 0.766607309375 0.0355207546875 0.76264485625 0.0461728046875 0.99134863125 0.1813952328125 1 1 1 1 0.7666000015625001
4 0.6662384125 0.8081023921874999 0.6897474890625 0.7959932046875 0.69618044375 0.7827915078125 0.5503875125000001 0.7513422890625 0.47168830625 0.7412022296874999 0.4222669359375 0.7414436281250001 0.4095500828125 0.7729615359374999 0.4048247375 0.7862724828125 0.410096634375 0.7917147484375 0.526760790625 0.8178970265625001 0.6153578625 0.8167587265625 0.6662384125 0.8081023921874999
1 0.384283709375 0.783256634375 0.40131014218749994 0.7826443046875 0.409450709375 0.7695518578125 0.40583674218750004 0.76251400625 0.36807053437500004 0.7532911343750001 0.0326809796875 0.7016737328125 0.034207176562500004 0.7344418078125 0.384283709375 0.783256634375
4 0.2567279578125 0.7342559609375 0.318500103125 0.7484180203124999 0.37314368125 0.7519140515625 0.40925196406250003 0.7627325093749999 0.4392933671875 0.7408312984375 0.031723896875000004 0.6811247796875 0.0327065765625 0.7022233124999999 0.2567279578125 0.7342559609375
4 0.49103686093750004 0.7033019765625 0.47676145625000005 0.7398251453125 0.56580570625 0.7540303828125 0.5686246921875 0.7337908343749999 0.5475553859375 0.6541665437499999 0.5338448046875001 0.6515876984375 0.518774415625 0.660833465625 0.509274040625 0.6857505234375 0.49103686093750004 0.7033019765625
1 0.5775087609375 0.45379824218750003 0.5824449125 0.3892383140625 0.5747201093750001 0.3581142328125 0.5646731843749999 0.364278078125 0.5642077328124999 0.40678976718750004 0.570274609375 0.43950943281250004 0.5653008328125 0.44429619374999996 0.5717914828125 0.725485146875 0.5738965859375 0.7392330984375 0.5807767203124999 0.7413749421875 0.5775087609375 0.45379824218750003
1 0.6292854625000001 0.76830169375 0.687443640625 0.7754259015625 0.676452671875 0.7491978328125 0.627596125 0.7103372171875 0.6151459765625 0.69252408125 0.59369231875 0.716676384375 0.5964930328125 0.7542920640624999 0.6292854625000001 0.76830169375
1 0.60650854375 0.6885681531250001 0.5968094234375 0.7066658609375 0.58641469375 0.700895840625 0.5810748390625 0.75160396875 0.63963050625 0.772366875 0.6875430125 0.778835578125 0.6942244 0.7741580671875 0.6763532999999999 0.74578815625 0.6149969171875 0.6874095703124999 0.60650854375 0.6885681531250001
1 0.030908914062499997 0.6636267734375 0.0399788953125 0.6659355359375 0.31379303125 0.703873740625 0.3872203421875 0.7085715296874999 0.393702984375 0.697074671875 0.3934048671875 0.6868456453125 0.379445853125 0.6757426125 0.028836115625 0.6191229593750001 0.030908914062499997 0.6636267734375
1 0.0555461484375 0.67373814375 0.0311078953125 0.6678989718749999 0.0315999546875 0.6784637046875 0.172061246875 0.6948059109375 0.13073075781250001 0.680250025 0.0555461484375 0.67373814375
1 0.4647584875 0.7373555515625 0.49625907031249994 0.7070394062500001 0.509025609375 0.6772263359374999 0.4609143578125 0.663938284375 0.44042301562499997 0.662627271875 0.4253526265625 0.6718730390625 0.38934371875 0.6644642562499999 0.3953609109375 0.695479084375 0.3686353578125 0.7141891218749999 0.2730090921875 0.70807106875 0.2369008125 0.697252609375 0.2302691109375 0.7036349562499999 0.24407906562499998 0.7096234765625 0.4647584875 0.7373555515625
1 0.210907415625 0.6241199171875 0.2115036515625 0.64457796875 0.2303370703125 0.6474845671875 0.23144844375 0.6271357656250001 0.210907415625 0.6241199171875
1 0.289258815625 0.622326109375 0.2903022296875 0.6581277 0.31260055625 0.6629576375 0.316679978125 0.6274838015624999 0.289258815625 0.622326109375
1 0.1334686453125 0.5987455734375 0.13265538906250002 0.6293233984375 0.15671101406250001 0.635967425 0.1643547171875 0.6058266031249999 0.1334686453125 0.5987455734375
1 0.47771063125 0.5969465406250001 0.4669680953125 0.5792426578125001 0.460237021875 0.5822153296875 0.46212510625 0.646999159375 0.47447588124999995 0.6614026156249999 0.47944965625 0.65661585625 0.47771063125 0.5969465406250001
1 0.6028814359375 0.564115009375 0.5890400687499999 0.498566421875 0.5840662921875001 0.5033531828125 0.5861662625 0.6923716546875001 0.5983679765625001 0.7016605984375001 0.604651875 0.6833443890625001 0.6028814359375 0.564115009375