0 0.918038265625 0.9273328640624999 0.975491659375 0.54947914375 0.9800496453124999 0.451617371875 0.919995725 0.4697567625 0.9074603953124999 0.4837820953125 0.9000577609375 0.521064365625 0.8511845921875001 0.8310858703124999 0.8614185953125 0.8550009328125 0.878568240625 0.8676417796875 0.8796363953125 0.8834221093749999 0.918038265625 0.9273328640624999
1 0.848619321875 1 0.8223202421875 0.952502275 0.6708756609375001 0.7626345 0.6551672609375 0.75191765 0.6038008375 0.6792445828125 0.556188646875 0.673102084375 0.5458721359375 0.6839375515625 0.5515151406250001 0.886280371875 0.564578228125 1 0.848619321875 1
3 0.906989084375 1 0.9169236171874999 0.9346635703124999 0.8776767671875 0.8849073546874999 0.8437191796875 0.8231705140625 0.846165796875 0.7956772156249999 0.8565962109375 0.7726900328124999 0.8635629734375 0.7040664734375001 0.820129225 0.6932488640625001 0.812809103125 0.6957806046874999 0.8092943312499999 0.707493571875 0.7934720296875 0.7089284375 0.7894074875 0.7014518328125 0.747414984375 0.6925582171875 0.72960166875 0.672879515625 0.632936040625 0.658670525 0.6249836359375001 0.676763221875 0.6356221203125 0.709420759375 0.7150358609375 0.8256875906250001 0.8469229671875 1 0.906989084375 1
0 0.7901850593749999 0.696337971875 0.8024925890624999 0.706616071875 0.810154415625 0.6676291812499999 0.8016208468749999 0.6439334953125 0.7678713296875 0.637841375 0.746315440625 0.654179071875 0.74623293125 0.688929603125 0.7901850593749999 0.696337971875
0 0.6646631515625 0.6210502640625 0.6506551875000001 0.6105527875 0.639156621875 0.617759640625 0.6327907515625 0.648223428125 0.6594793343750001 0.65514266875 0.667431740625 0.6370499703125 0.6646631515625 0.6210502640625
0 0.6830262390625 0.6599185375000001 0.7119336421875 0.6636479109375 0.7154170234375 0.6293361328125 0.6989310515625 0.6237331421875 0.6841769046875 0.6409483390624999 0.6830262390625 0.6599185375000001
4 0.56471998125 1 0.5483698734375 0.5990949125 0.5420865125 0.5948081703125 0.27796163906250004 0.991771703125 0.3417414265625 1 0.56471998125 1
1 0.11681623125 0.8945075828125001 0.07906495 0.926136484375 0.09440025937499999 0.9507096703125001 0.1717288140625 0.9780664953124999 0.27885624375 0.9918871171875001 0.4443446609375 0.74731396875 0.45255625781250003 0.7275166515625 0.4492692890625 0.7149261859375 0.4744852375 0.697322615625 0.5001881796875 0.6537109953125 0.47349959531249997 0.6467917562500001 0.36897573125 0.7184719 0.2007895765625 0.8097478453125 0.12710135312499998 0.861073303125 0.11681623125 0.8945075828125001
1 0.3297482296875 0.44053590312499996 0.297180765625 0.4380724 0.2897467421875 0.45275585625000003 0.20642540625 0.44200648437499995 0.20262005468750002 0.43282525781250003 0.20823974375 0.4300741421875 0.2182028953125 0.3531468578125 0.20970071875000001 0.3520499828125 0.1846811796875 0.32275130625 0.15145004374999999 0.3132499453125 0.1600975109375 0.32479391562500004 0.16603916875 0.36553580625 0.15768228281250002 0.374886028125 0.1513164125 0.40534981875 0.156044628125 0.4198642796875 0.1405129078125 0.4421933375 0.1109337625 0.61392123125 0.043614998437500004 0.9198249890625 0.048084020312499996 0.936044071875 0.109755296875 0.8953347046875001 0.12917487968750002 0.847436340625 0.23750409375 0.7849374250000001 0.27528676406249997 0.7759073359374999 0.3317706359375 0.4842482828125 0.33747283281249996 0.4467466375 0.3297482296875 0.44053590312499996
1 0.4733543046875 0.636344659375 0.4560593703125 0.6132567171875001 0.4076696046875 0.61222808125 0.3212379796875 0.62193415 0.3057062609375 0.644263209375 0.281424834375 0.7697469796874999 0.3183985421875 0.7432319406250001 0.3415409640625 0.7392653328125001 0.3854303140625 0.701476075 0.470357915625 0.6446483875 0.4733543046875 0.636344659375
1 0 0.9532841296875001 0.03499891875 0.9308798312500001 0.1537630296875 0.37785651875 0.1499262875 0.3460764796875 0.1552867875 0.345029984375 0.135482453125 0.3042377140625 0.126980275 0.3031408390625 0.1285354203125 0.2929131203125 0.11674627343749999 0.2792257796875 0.087029909375 0.258011453125 0.0604866125 0.261539309375 0.03379803125 0.2546200703125 0.031320021875 0.2595145546875 0 0.4038012375 0 0.9532841296875001
1 0.3679353796875 0.44024829062500004 0.35133550625 0.44679701875 0.3384584765625 0.4972774984375 0.3175465296875 0.6006012078125 0.317432628125 0.6127529234375 0.3361374171875 0.6151660484375 0.3595390328125 0.609494821875 0.3727891546875 0.5451580046875 0.38186083437499996 0.4854962953125 0.3679353796875 0.44024829062500004
1 0.3857092375 0.619823303125 0.39916742968749996 0.61113120625 0.41590093125000005 0.5124826078125 0.40736736406249996 0.4887869203125 0.3855208953125 0.48423042499999996 0.38200612500000003 0.49594339062500004 0.35994351406249997 0.6182372968750001 0.3857092375 0.619823303125