1 0.5376712875 0.9166131890625 0.5411082359375 0.9335587343749999 0.5497006109375 0.9364418328124999 0.553137559375 0.958537040625 0.566885359375 0.9525073609374999 0.6177786515625 0.9681317171874999 0.844772840625 0.953601521875 0.8366859015625 0.940386740625 0.647653675 0.7533665953125 0.5960994296875 0.7120362265625 0.5909440046875 0.7140827890625 0.59094400625 0.7398311078125 0.5754777343749999 0.7545535609375 0.57891468125 0.8796420515625 0.5703223078125 0.8973576078125 0.5428267124999999 0.9042673015625 0.5376712875 0.9166131890625
1 0.657964521875 0.965559365625 0.63562435 0.930941740625 0.5789146828125 0.9259890296875 0.5325158625 0.9066438671875 0.5386086390625 0.9731994937499999 0.657964521875 0.965559365625
4 0.4929909421875 0.636241709375 0.47752466875 0.6389482828124999 0.2764631171875 0.9710976703125 0.1334061578125 0.992973525 0.486908353125 0.976508896875 0.5357210171875 0.9733843343749999 0.4929909421875 0.636241709375
1 0.5325158625 0.8070836937499999 0.5428267124999999 0.7514939328125 0.5445451859375 0.6827217437499999 0.5359528109375 0.6746889796875 0.5222050140625 0.679002103125 0.513612640625 0.749930853125 0.5256419625000001 0.8367051312499999 0.5359528109375 0.8377616765625 0.5325158625 0.8225326859375001 0.5376712875 0.8136199078124999 0.5325158625 0.8070836937499999
1 0 0.9991870171875 0.083127253125 0.995315303125 0.2678707453125 0.971647678125 0.27474464374999996 0.9694911171875 0.420815 0.7198233046875 0.43456279843749995 0.7052108515625 0.4431551734375 0.6806290781250001 0.4156595765625 0.67723944375 0.37957160624999997 0.6915653625 0.35379448281250003 0.6829160609375 0.3400466859375 0.69924506875 0.3177065140625 0.7023916484375 0.27130769374999997 0.73625968125 0.06509071875 0.670498384375 0.01525495 0.6805546546875 0 0.67814494375 0 0.786324103125 0.0547798703125 0.7878841140625 0.0908678421875 0.7958734046875 0.0925863171875 0.823228278125 0.0908678421875 0.8628190375000001 0.07196461875 0.8914939328125 0.053061396875 0.8978536171875 0 0.8986855296874999 0 0.9991870171875
1 0 0.8881133484375001 0.056498345312499997 0.8907673953125 0.07196461875 0.8863442703125 0.08227546718749999 0.8736683749999999 0.0874308921875 0.8578893781250001 0.0857124171875 0.8013530734375 0 0.79332121875 0 0.8881133484375001
1 0.5651668828124999 0.017095051562499998 0.558292984375 0.02611783125 0.5514190859375 0.25314305937500003 0.554856034375 0.52242214375 0.5411082359375 0.8854952015625001 0.546263659375 0.8920314140625001 0.5668853578124999 0.89071139375 0.5737592578124999 0.8834051671875001 0.5754777328125 0.333997659375 0.58063315625 0.2924703421875 0.58063315625 0.2341074828125 0.5720407828125 0.1848774046875 0.5840701046875 0.178957728125 0.5892255296875 0.1494462921875 0.5926624796875 0.0839972109375 0.58407010625 0.0639485625 0.5926624796875 0.0204846859375 0.5875070546875001 0.0122319203125 0.5651668828124999 0.017095051562499998
1 0.45862144687499995 0.6023940999999999 0.37613465625 0.575059646875 0.3469205859375 0.576929678125 0.3675422828125 0.66658705625 0.38472703125 0.6843691390625 0.4070672015625 0.6795060046875 0.467213821875 0.636175184375 0.45862144687499995 0.6023940999999999
3 0.7731023328125 0.86206218125 0.892619484375 0.9505387953125 0.9826959453124999 0.9447728828124999 0.9865947734375 0.7214091609375 0.8452782750000001 0.6960859625 0.79028708125 0.6687080375 0.7352958890625 0.670511540625 0.647653675 0.6555229765624999 0.6424982484374999 0.681601303125 0.6424982484374999 0.750263490625 0.709518765625 0.799186615625 0.7731023328125 0.86206218125
3 0.9826959453124999 0.9447728828124999 0.9866179562499999 0.7200810421875 0.8126272546875001 0.686160115625 0.8023164046875 0.6679380234375001 0.7370143625 0.6704015390625 0.6493721484375 0.658846084375 0.6442167234375 0.6814913015624999 0.6442167234375 0.7450038250000001 0.8894832953125 0.950739546875 0.9826959453124999 0.9447728828124999
3 0.58922553125 0.6953106890625 0.6321873984375 0.7320414000000001 0.6339058750000001 0.6529698828125 0.5978179046875 0.653563365625 0.5892255296875 0.6592630390625 0.58922553125 0.6953106890625
0 0.6614014703125 0.6563595171875 0.68717859375 0.6581425984375 0.68374164375 0.630897728125 0.6699938453125001 0.6283446328125 0.659682996875 0.641020525 0.6614014703125 0.6563595171875