3 1 0.673632615625 0.713552678125 0.6326975515625 0.636645609375 0.6310023890625 0.635318140625 0.6532942359375 0.7394153578125 0.726926525 0.769778590625 0.77807065 0.6575589890625 0.8365034765624999 0.5273105499999999 0.8662729921875 0.0458412453125 0.8790502312499999 0.057017715625 0.9986250999999999 0.5407356421875 0.9789151046875 1 0.9280037609375 1 0.673632615625
4 0.369735765625 0.767907028125 0.036372414062500004 0.7777450703125 0.0386024828125 0.8016041312500001 0.43106856406249994 0.8036939828125 0.41902795 0.8390974921875 0.5859190078125 0.854665690625 0.722401434375 0.80035698125 0.7464158765625 0.7653295625000001 0.61285815625 0.759693728125 0.56369955 0.6169440671875 0.5499255015625 0.6338019187499999 0.49849915468750006 0.7587433906250001 0.369735765625 0.767907028125
1 0.42463159531250005 0.8078144249999999 0.345406153125 0.7995625109375 0.08308504375 0.8030903171875 0.0391961421875 0.8079555812500001 0.04269068125 0.8453429734375 0.3881705703125 0.8374078468749999 0.415179125 0.8344138375 0.42463159531250005 0.8078144249999999
1 0.66842710625 0.6973202328125 0.6439612968749999 0.6727773609375001 0.6300750625 0.706682028125 0.6341722671875 0.7505172203125 0.6828555015625 0.7604514250000001 0.7238410875 0.7610183187499999 0.7436247484375 0.753714903125 0.7391455875 0.742287371875 0.6785553140625 0.696197478125 0.66842710625 0.6973202328125
1 0.6060606171875 0.7417094484375 0.60900933125 0.755010071875 0.7035846718750001 0.763263825 0.7440975015625 0.7587728125 0.744524859375 0.7450979328125 0.7349815921875 0.7342317781250001 0.685307453125 0.6954489749999999 0.665951146875 0.6890775125 0.6614719828125 0.67764998125 0.6450189921875 0.6658463609374999 0.6379516859375001 0.6632229234375 0.6363090484375 0.682142834375 0.6202166265625 0.6924439359375001 0.62466239375 0.7217612671875 0.6060606171875 0.7417094484375
1 0.6206225921875 0.7332814421875 0.6177406671875 0.684201215625 0.5896665640625 0.3108535703125 0.574001496875 0.3074797953125 0.5708284109374999 0.3282727984375 0.59311465625 0.5302148250000001 0.587623196875 0.544451078125 0.5909324781249999 0.5798564265625 0.6088063499999999 0.7345913203125 0.6158736578124999 0.73721475625 0.6206225921875 0.7332814421875
1 0.1428419953125 0.8220175812500001 0.13714755 0.8158350828125001 0.1047597234375 0.8160185296875 0.07664807500000001 0.8072107562499999 0.0720567234375 0.8128300390625001 0.04826665625 0.8137638296875 0.0399390421875 0.8159037203124999 0.04242663125 0.8425179453125 0.052791217187499996 0.84392414375 0.1861459546875 0.8291412234375001 0.25693122343749997 0.8383287656249999 0.290376746875 0.831214315625 0.2879007890625 0.822971596875 0.255141696875 0.8283065125 0.21173624531250002 0.81097349375 0.1735417875 0.8220212578125 0.1541854828125 0.8156497953124999 0.1428419953125 0.8220175812500001
1 0.4674147859375 0.6633898234375 0.43723314531249996 0.6871768375 0.42663218125 0.683241684375 0.4171343140625 0.6911083140625001 0.3993084578125 0.6828637546875 0.34207286406250004 0.6909119953125 0.33484797187500004 0.686602590625 0.3344874046875 0.6644978671875 0.32620481562500003 0.667119465625 0.31765245468750003 0.68510190625 0.332574996875 0.6987786234375 0.3337688859375 0.7480459734375 0.176151321875 0.758704778125 0.1124333609375 0.7521406734375 0.0461272546875 0.7543806640625 0.0344335796875 0.757001853125 0.0360743875 0.7745565359375 0.3732694203125 0.769218746875 0.4813036390625 0.757242709375 0.49449274687500006 0.7523737671874999 0.49798100156249997 0.7349527 0.50763645625 0.7287720390625 0.51524330625 0.7006737828125 0.5317630859375 0.6766978046875 0.5320328578125 0.6613369578125 0.5231199296875 0.6572146796875 0.4674147859375 0.6633898234375
1 0.033462479687500005 0.74661225 0.052564225 0.750260221875 0.115336678125 0.746708515625 0.18918284531250001 0.7521498656250001 0.3621503046875 0.7414929015625 0.394222965625 0.7379375171875 0.40309049375 0.7233270125 0.3995114421875 0.7032825093749999 0.38738002968749996 0.70122045 0.029285476562500003 0.7019233140625001 0.033462479687500005 0.74661225
1 0.1771850109375 0.6785286078125 0.180291309375 0.693515203125 0.18873148281250002 0.6925795765625 0.187470803125 0.679091825 0.1771850109375 0.6785286078125
1 0.14295156250000002 0.6772132125 0.141151340625 0.6944471562500001 0.1671022015625 0.698384146875 0.1693751765625 0.6862081140625 0.14295156250000002 0.6772132125
1 0.196113959375 0.6985749484375 0.2183735796875 0.69951425625 0.2192282921875 0.6721645015625 0.20018715625 0.6691649734375 0.1942229421875 0.678343321875 0.196113959375 0.6985749484375
1 0.22174965000000002 0.6991400046875 0.2828340671875 0.69577541875 0.27815192031249997 0.6639291359375 0.23178706093749998 0.6605516812500001 0.22075874374999999 0.6702914062499999 0.22174965000000002 0.6991400046875
1 0.2808976515625 0.6568110093749999 0.2845221 0.69558829375 0.3120034109375 0.69765219375 0.31497351406249996 0.656440434375 0.2808976515625 0.6568110093749999
1 0.10329344375 0.654354471875 0.107075478125 0.694817728125 0.134714371875 0.69856759375 0.1395300953125 0.65885468125 0.10329344375 0.654354471875
1 0.31686453124999997 0.6766720640624999 0.318597965625 0.695217721875 0.3476097234375 0.6954085234375 0.3271503234375 0.6772352781250001 0.31686453124999997 0.6766720640624999