3 0.9450597281249999 1 0.97108066875 0.8239913390625 0.9462236140625 0.8147488640624999 0.9298490656249999 0.8146466718750001 0.7070583640625 0.7252226234375 0.6978180093749999 0.7655531453125 0.754653946875 0.8356405921875 0.7077395734375 0.853648703125 0.5779486328125001 0.83359119375 0.483895790625 0.804606275 0.3777749 0.7796479640625 0.3339301796875 0.7658064234374999 0.3191286109375 0.8991844015625 0.3247929359375 0.9052148765625001 0.3429913609375 0.90406631875 0.357967759375 0.9136257671875001 0.36200090625 0.9306897062499999 0.413526525 0.9590936875 0.42388274531250003 0.9888183968750001 0.45354185312500006 1 0.9450597281249999 1
2 0.601788921875 0.7166773281250001 0.6031781374999999 0.7737974265625 0.6199873453125 0.7155287718750001 0.6180514234375 0.6842789484375 0.6114550015625 0.6845533140625 0.601788921875 0.7166773281250001
4 0.6627297265625 0.8476882124999999 0.7385124234375 0.8339621906250001 0.723150628125 0.8048373062499999 0.6997942562499999 0.78544404375 0.6853959546875 0.80523275 0.6738342828125 0.7947480109375 0.6579257828125 0.7914934015624999 0.6561422343750001 0.7813852234375 0.6157122390625 0.766618396875 0.6081837125 0.7731976015625001 0.569770290625 0.7669627453125 0.5482288609375 0.8128960890625001 0.58613590625 0.8336422906250001 0.6627297265625 0.8476882124999999
4 0.48122284375 1 0.47843769218750004 0.9967316531250001 0.46070531875 0.9947277921875 0.45232534375 0.9848939781249999 0.424156096875 0.975883259375 0.4066087078125 1 0.48122284375 1
3 0.2992676203125 0.856147996875 0.31123255625 0.7530434609375 0.30482883125 0.76310054375 0.260285034375 0.7539876328124999 0.2418939109375 0.745353471875 0.2430590375 0.737472425 0.195526240625 0.737491309375 0.1873792921875 0.7260812875 0.1737203921875 0.7297824359375 0.123745296875 0.7130628437500001 0.09464395 0.7103569625 0.0851391765625 0.69704526875 0.07896847500000001 0.70552614375 0.045986353125000004 0.70689796875 0.008155734375 0.70090213125 0.009571371875 0.8225616359375 0.0848479578125 0.8431351156250001 0.11193273125 0.8373090265625001 0.11961362812500001 0.85187146875 0.1500728015625 0.8564790203125 0.1704804984375 0.87364515 0.2611589421875 0.89219643125 0.288243715625 0.88637034375 0.2992676203125 0.856147996875
0 0.9230196156250001 0.8164972484374999 0.931793921875 0.7793191421875 0.9246193999999999 0.7502453546875001 0.8896207015625001 0.7430852125 0.8668020999999999 0.7643990281249999 0.8614425203125 0.800651846875 0.8778170718749999 0.8007540390625 0.8850722453125 0.807109971875 0.8907768953125 0.8017815203125 0.8962081921875 0.8093882000000001 0.9230196156250001 0.8164972484374999
0 0.7334037359375001 0.7354840890625 0.7490792093749999 0.740314909375 0.7616939625 0.710418025 0.7526149140625 0.7053128390625 0.740546865625 0.7093394515625 0.7334037359375001 0.7354840890625
0 0.7821419875 0.7162252296875 0.7664665140625 0.711394409375 0.7561820109374999 0.7255291984375 0.751561834375 0.7456944609375 0.7701859828125001 0.7527524125 0.790055909375 0.7292114625 0.7821419875 0.7162252296875
0 0.8057313828125 0.7340422828125 0.7914137343750001 0.7311131328125 0.779771409375 0.7433462515625 0.77495853125 0.7537287953125 0.7785659546875 0.7625862265625 0.808093028125 0.7734986140625 0.8057313828125 0.7340422828125
0 0.8272638796875 0.7546862921875 0.824933628125 0.7704483875 0.8594662734374999 0.78076095 0.8698314265624999 0.7439083078125 0.8396052796875001 0.737724546875 0.8272638796875 0.7546862921875
0 0.0062792109375 0.539634071875 0.0080356296875 0.6905802750000001 0.04676608125 0.6794514859375 0.0665150296875 0.6899873171875 0.0909244796875 0.6689989609375 0.097874909375 0.633071603125 0.0951278671875 0.5740498359374999 0.065408096875 0.553354728125 0.0385966734375 0.5462456796875 0.0062792109375 0.539634071875