1 0.5988974296875 0.9266222890625 0.6055393375 0.9404054921875 0.6068842078125 0.9706354781250001 0.8850471828125 0.9560575734375 0.864867084375 0.9300690749999999 0.7975586953125 0.8592013968750001 0.6841190218750001 0.718058325 0.6401460640625001 0.6872634015625 0.602278953125 0.6898219937500001 0.5983472796875 0.8284308812500001 0.605530528125 0.8668044187499999 0.5988974296875 0.9266222890625
3 0.7819267156249999 0.70544993125 0.7598514796875 0.698220925 0.7584137734375 0.6817140890625 0.7510565375 0.6891178984375 0.753211334375 0.6991579375 0.7372401890625 0.7105622328125001 0.733118671875 0.7624665296875001 0.9055941093750001 0.9549807546875 0.973616090625 0.951415875 0.9862650265624999 0.8373466671875001 0.9737914640625001 0.8319455437500001 0.9700214484374999 0.8217355828124999 0.9631985046875 0.7948488640625 0.9687559671875 0.7447311875 0.8641218078125 0.701012434375 0.85694560625 0.7215197578125 0.7819267156249999 0.70544993125
1 0.746833046875 0 0.7457713046875 0.01471164375 0.7475693171875 0.04270529375 0.753492371875 0.0482350796875 0.75205995 0.07588888906249999 0.7766573375 0.163525609375 0.7572905750000001 0.2939684796875 0.7515573625 0.3751432859375 0.7568099046875 0.4014559078125 0.7467258 0.4923952390625 0.73883074375 0.5046491453125 0.7391928125 0.530856178125 0.7325544296875 0.546513403125 0.7350695359375 0.568040259375 0.7262781140625 0.5883776609375 0.730766984375 0.6068410421875 0.7103228203125 0.73226389375 0.7036897203125 0.7920817640625 0.7083561031250001 0.7942082296875 0.7227120328125001 0.7826340109375 0.731132575 0.662488503125 0.745305709375 0.6230905531250001 0.76843544375 0.44397678437500004 0.7765097734374999 0.43010617656249994 0.7944458765625 0.3420373296875 0.8265656828125 0.30289182187499997 0.8906348296875001 0.2998185828125 0.939446396875 0.2722424125 0.9536212921875 0.2475646796875 0.9616973812499999 0.2484142890625 0.96600345625 0.23905393749999998 0.9674376390624999 0.2261203421875 0.9541555875000001 0.2132741515625 0.9647432609375001 0.20621018750000003 0.967613390625 0.1950632140625 0.9776632453125 0.192849346875 0.9519972640625 0.17379368281250002 0.9755014 0.12392844843749999 0.9667064562500001 0.11482542031250001 0.9744222390624999 0.10418821250000002 0.9184186140625 0.019789773437499998 0.9220070093749999 0.01198948125 0.8080392234374999 0 0.746833046875 0
3 0.6871701875 0.7200148671875 0.6889682015624999 0.7480085203125 0.704215209375 0.6841901625 0.685189375 0.6641974859374999 0.6875216843749999 0.6579006093750001 0.6557551421875 0.6496520734375 0.6516318640625001 0.6868361562499999 0.6871701875 0.7200148671875
0 0.9754066828125 0.832115465625 0.9864622265625 0.8355682984374999 0.9993519531249999 0.7193276234375 0.9856234796875001 0.7252433953125 0.974139440625 0.74039085625 0.9660703953124999 0.79842210625 0.9754066828125 0.832115465625
0 0.8512035859375 0.7290934874999999 0.858915846875 0.68901585 0.8352201078125001 0.6374562796875 0.7887373281250001 0.6292951437500001 0.7686393781249999 0.64844309375 0.7638007703125 0.7068141875 0.7867723703125 0.705959696875 0.7892857156249999 0.7127663375 0.8375629874999999 0.71948069375 0.841333003125 0.7296906546875 0.8512035859375 0.7290934874999999
1 0.614647025 0.5635495328125 0.597610809375 0.6729753140625 0.6071228468750001 0.6756115453125 0.6214646828125 0.5462756062499999 0.614647025 0.5635495328125
0 0.7090555796875 0.6405392828124999 0.7036685828125 0.6154391859375 0.6873388890625 0.630076878125 0.68375166875 0.6476906484375 0.6909331578125 0.6713439703125 0.6972147578125 0.67364035625 0.7090555796875 0.6405392828124999
0 0.6930826703124999 0.6372233625 0.689676484375 0.6679406484375 0.6972147578125 0.67364035625 0.7022361625 0.6430929937500001 0.6979283265625 0.637733128125 0.6930826703124999 0.6372233625
0 0.736698846875 0.685971903125 0.7447749359375 0.6868215109375 0.7542834484375 0.6600173109374999 0.7528457421875 0.643510475 0.7418977625000001 0.6390876234375 0.736698846875 0.685971903125
4 0.4949662703125 0.75867501875 0.46248967968750004 0.8157741375 0.45405504375000005 0.8181579265625001 0.4129645421875 0.8792575359375 0.3847957890625 0.9417165187500001 0.3705968984375 0.9614850531249999 0.5072248984375001 0.9758584015625 0.6018825718749999 0.970897603125 0.6028502421875 0.9646559796874999 0.5990485171875 0.68948215 0.5818154140625 0.65332248125 0.57194483125 0.6539196484375001 0.5536431359375 0.6863410359375 0.5204459296875 0.7204665218749999 0.507348434375 0.7501642765625001 0.4949662703125 0.75867501875
1 0.5538224078125 0.6847243359374999 0.5588438124999999 0.6541769734375 0.5475355234375 0.6382673046875 0.50769465 0.6438893734375 0.5003374125 0.65129318125 0.4890361703125 0.694264371875 0.462654859375 0.6963957187500001 0.4556596921875 0.730006559375 0.4730703078125 0.749829315625 0.49388887031250006 0.7536549984375001 0.5471822625 0.685661346875 0.5538224078125 0.6847243359374999
1 0.49997886718749995 0.6545265796875 0.4890379328125 0.7089845890625 0.505910728125 0.7336574406249999 0.5417987890625 0.690001678125 0.5540016796875 0.6831076359375 0.5590230859374999 0.6525602734375 0.5426898687499999 0.6377575390625 0.5060794328125 0.6437194500000001 0.49997886718749995 0.6545265796875
4 0.5579439234375 0.6328200390625 0.574456415625 0.6460060734375 0.60012063125 0.650341525 0.6035285796875 0.63434445625 0.5606347796875 0.6232897656249999 0.5579439234375 0.6328200390625
1 0.34832939218750003 0.651657434375 0.31746097500000003 0.6500456171875 0.30902810000000003 0.6671496203125 0.2848174421875 0.811802940625 0.25305970625 0.8771554781249999 0.2428358640625 0.9251466890625 0.2317115453125 0.9468742296875 0.3616676390625 0.9605456875 0.4734341390625 0.7907565609375 0.478096996875 0.7634425953124999 0.45960898125 0.7385998203125 0.44004709062499997 0.7381774578125 0.42640649062499997 0.7285646640625 0.42694254843749996 0.7089943515625 0.41635311406250003 0.7013381 0.4129398828125 0.6731745265625 0.3804562453125 0.6713927859375 0.34832939218750003 0.651657434375
1 0.07253565937499999 0 0.021455078125 0.4606491453125 0.0431775984375 0.9270403421875001 0.2263659421875 0.94631186875 0.2361957171875 0.9260837015625001 0.24570246875 0.8845592859375 0.2783565703125 0.811123253125 0.29551230156249997 0.700619671875 0.3407770296875 0.52819600625 0.3556514 0.349849325 0.3746666640625 0.2815207125 0.37733814374999997 0.110068075 0.3719441 0.026087117187499998 0.3758172359375 0 0.07253565937499999 0
1 0.644807159375 0.6452292234375 0.6697401937499999 0.53826975 0.6767388859375 0.5340993390625 0.6692006125 0.52839963125 0.6544861375 0.543207246875 0.644807159375 0.6452292234375
1 0.3228426875 0.63098506875 0.3912231921875 0.6627121234375 0.43627002656249997 0.6690866375 0.4507946609375 0.567574428125 0.33629344375 0.5538932703125 0.3228426875 0.63098506875