3 0.943451340625 1 0.9569787421875 0.7677435078125 0.9469382703125 0.7269262515625 0.9094481984374999 0.7152973 0.9078557609375 0.7200218890625 0.782463928125 0.7541865 0.7819084859375 0.8495135218750001 0.7896976718750001 0.8555826078125 0.788087021875 0.863432671875 0.805294253125 0.86459530625 0.805212303125 0.8786599484375 0.8923947203125 0.9563226921875 0.9017945546874999 0.954541715625 0.907963984375 0.9700236046875 0.9157804859375 0.9714044765625 0.9235241437499999 0.985287253125 0.932914871875 0.9850690156249999 0.941088234375 1 0.943451340625 1
3 0.820890834375 0.873608003125 0.844149121875 0.91056811875 0.8691546421874999 0.9162371015625 0.9407404796875 0.9848871499999999 0.9442678375 0.9859812921875 0.9571753656249999 0.7643676171875 0.9500229859375 0.7346671953125 0.9375657531250001 0.7240190125 0.9094390921875 0.7168600390625001 0.7840472625 0.7510246515625 0.7793336859375 0.754259246875 0.77914246875 0.7870767453124999 0.785047834375 0.8478780374999999 0.820890834375 0.873608003125
1 0.791019028125 0.36023101875 0.8108931593750001 0.1722659734375 0.820347628125 0.16110856875 0.8344428265625 0.159218471875 0.8581017609374999 0.1274181140625 0.8690576125 0.127163503125 0.8691122453125001 0.11778707343749999 0.9051373578125 0.112262278125 0.9145827203125 0.10266761093750001 0.913054021875 0.09645303125 0.933455234375 0.086603753125 0.9460672625000001 0.0706853875 0.9477052296874999 0.05814710937499999 0.968161075 0.0389214015625 0.9698254265624999 0.0282190375 0.7492566640625 0.0218011421875 0.74757 0.028422632812499998 0.757250021875 0.515705921875 0.7440815078125 0.8957058796874999 0.7487040281249999 0.908098665625 0.7674854859375 0.9076621875 0.7769854828125 0.8886910921875 0.77637645 0.7246399703125 0.791019028125 0.36023101875
0 0.9619583593750001 0.6822467703124999 0.9549459890625001 0.6954896234375 0.9561468859375 0.7579627734375001 0.9573086312499999 0.7620795171875 0.9619583593750001 0.6822467703124999
0 0.799853271875 0.7240943734374999 0.8138392031249999 0.740957134375 0.8764167468749999 0.7441904218750001 0.8826043875 0.756546834375 0.8951526765625 0.751567634375 0.90311486875 0.7279446984375 0.898710884375 0.6780462 0.8661802390625001 0.6209887281250001 0.836488459375 0.6138661265625001 0.78796969375 0.61499369375 0.7798253890625 0.669871390625 0.7794065296875 0.7417573421875 0.7935927859375 0.724239865625 0.799853271875 0.7240943734374999
1 0.9172859015625001 1 0.903241303125 0.9748209375 0.6526681125 0.7384526140625 0.599590565625 0.7162482296875 0.5697895171875 0.7278784859375 0.571054153125 0.7794124671875 0.58768773125 0.8790275984375 0.585658225 0.9587636125 0.593365459375 0.9788973421874999 0.5943003296875 1 0.9172859015625001 1
3 0.6418033171874999 0.7230798453125 0.6775916828125 0.7581862390625 0.6795847687500001 0.6847011765625 0.6615312375 0.6944958953125 0.641976325 0.693387821875 0.6418033171874999 0.7230798453125
1 0.57146390625 0.7090892546875 0.5751769078125 0.6090012734375 0.6081810437499999 0.5847963671875 0.6082721 0.5691689875 0.5722560953125 0.5731310453125 0.5656131734375001 0.6389115359375 0.5621187046875 0.701493803125 0.57146390625 0.7090892546875
1 0.60275723125 0.70992453125 0.610546415625 0.7159936171875 0.61728039375 0.6345857453125 0.612876409375 0.584687246875 0.6081264109375 0.5941727953125 0.60275723125 0.70992453125
0 0.6595022515625 0.639854625 0.6438601421875 0.6386556171875 0.6359799015625 0.6482139109375 0.6310660015625 0.6858287437499999 0.670166721875 0.6896076296875 0.6718593234375 0.667692925 0.6595022515625 0.639854625
0 0.5967334906249999 0.669438834375 0.6045682046875 0.6676942296874999 0.6077621859375 0.6566823187499999 0.6062881203125 0.6410913093749999 0.600036740625 0.6396740640624999 0.5967334906249999 0.669438834375
0 0.6187635640625 0.648614015625 0.6171164921875001 0.6627150312500001 0.631184375 0.6655131484375 0.63127543125 0.64988576875 0.6187635640625 0.648614015625
0 0.6892031375000001 0.6454144875 0.6874923265625 0.6704546687499999 0.6984299640625 0.6733255328125 0.7001589890625 0.6451598749999999 0.6892031375000001 0.6454144875
3 0.7281126390625 0.682010871875 0.7218521546875001 0.6821563640625 0.718658171875 0.6931682765625 0.7195859 0.8025235687500001 0.7335991500000001 0.8146981140625 0.7397412625 0.834868215625 0.733444353125 0.8412646609375001 0.7396684171875 0.8473701203124999 0.7452197093749999 0.7003636234374999 0.7281126390625 0.682010871875
1 0.7008226546875 0.7998345687499999 0.7086482625 0.799652703125 0.7134255765625 0.785478940625 0.7175048890625 0.0853722921875 0.70959733125 0.0996188015625 0.7033266968749999 0.370081603125 0.69929395625 0.793619990625 0.7008226546875 0.7998345687499999
3 0.7171112609375 0.6900791734375 0.7150089093750001 0.782317090625 0.74303540625 0.8066661843749999 0.748349953125 0.700290878125 0.7171112609375 0.6900791734375
4 0.5854179515625 1 0.5860497640625 0.8915658765625001 0.5769322046875 0.8449019734375 0.571418378125 0.7169029453125 0.56050805625 0.7093438671875 0.5576327703125 0.6656599484375 0.5451573265625 0.6581372437499999 0.36087457968750003 1 0.5854179515625 1
4 0.5833224984375 1 0.5870685499999999 0.9852937859375 0.5844755375 0.8931649890625 0.56048984375 0.71246934375 0.5261027 0.7054558609375 0.43447883125000003 0.85290014375 0.40112868281249997 0.9364890953125 0.3853682 0.9556056843749999 0.3868695828125 0.966508478125 0.363259990625 1 0.5833224984375 1
1 0.3492150671875 1 0.353865446875 0.990713384375 0.379016659375 0.97137855625 0.377588121875 0.947973859375 0.4090544515625 0.9191171109375 0.4044319328125 0.9067243265625 0.40764412656250004 0.8925869375 0.4249333078125 0.8796849281249999 0.4187820875 0.861077565625 0.41255802499999994 0.8549721046875 0.40471420625 0.858279446875 0.390764696875 0.8351657343750001 0.389427215625 0.7961336546875 0.4004377 0.786502615625 0.38795315 0.7805426484375 0.38145591875 0.82131933125 0.355522146875 0.84067234375 0.3453488578125 0.84090876875 0.3391885328125 0.8238641421875 0.341035928125 0.775382890625 0.348970803125 0.7564481671875 0.344339178125 0.745618121875 0.2786222859375 0.7440203171875 0.26302570468750003 0.73500761875 0.24579115625 0.7385332 0.1770168671875 0.7245062359375 0.1550960609375 0.7265781984374999 0.0800430734375 0.7158222046875 0.06279031406249999 0.7224732625 0 0.7227715171875 0 1 0.3492150671875 1
1 0.405287859375 0.75982695 0.3755505515625 0.7605180390624999 0.375159009375 0.827715775 0.40161128125 0.8536639796875001 0.42037452656249996 0.8563529765625001 0.43608948124999997 0.8450500796875 0.4550530515625 0.8133588406250001 0.4317856578125 0.7779614625 0.405287859375 0.75982695
1 0.5008695375000001 0.73885533125 0.5150102640625 0.7291515453125 0.521471075 0.6946258140625 0.5074760375 0.67932579375 0.4980944140625 0.67798129375 0.449502803125 0.691610765625 0.43846500156249996 0.7059300187499999 0.4318676078125 0.7638968203125 0.43643549375 0.7856660343749999 0.4565999609375 0.8164479437500001 0.4676013390625 0.808379640625 0.5008695375000001 0.73885533125
1 0.44490864375 0.40577519375 0.42608165781249996 0.4140253609375 0.422860359375 0.4297254875 0.41341499531250003 0.43932015468749996 0.416517921875 0.44393562343750004 0.407072559375 0.453530290625 0.401821753125 0.54896643125 0.37824476875 0.566702146875 0.368662821875 0.599737884375 0.3748322515625 0.615219771875 0.3743769703125 0.6933566765625 0.371055509375 0.7262469203124999 0.36634193437499996 0.7294815171875 0.3787354265625 0.7510688640625001 0.42404200156250005 0.7640786859375 0.4351344359375 0.740383003125 0.4385196359375 0.696553590625 0.4840174265625 0.6767459140625001 0.49351742187500003 0.65777481875 0.4968388828125 0.6248845734375 0.4833082328125 0.529884909375 0.45701075781249995 0.47737015937500005 0.46031400624999996 0.447605390625 0.4542447390625 0.41493338281250003 0.44490864375 0.40577519375
1 0.0524627515625 0.614898946875 0.0443093421875 0.6713393828124999 0.0504150328125 0.6977604375 0.0958126609375 0.695142878125 0.10058997656249999 0.6809691171875001 0.10105436406249999 0.6012694749999999 0.0837924984375 0.6094832718750001 0.0572309609375 0.6022879234375 0.0524627515625 0.614898946875
1 0 0.7061078671875001 0.023835284374999998 0.6936905656250001 0.019203659375 0.68286051875 0.028658126562500004 0.6717031140625 0.028849345312500004 0.638885615625 0.0211876390625 0.6109381968750001 0 0.606446709375 0 0.7061078671875001
1 0.163668328125 0.5982518140625 0.13233858125 0.6036674890625 0.11819785468749999 0.613371275 0.110026234375 0.6729371875 0.11765151874999999 0.707135559375 0.1661429671875 0.71069620625 0.1849608484375 0.7040087765624999 0.179091903125 0.6369565328125 0.1933236859375 0.6116253656249999 0.163668328125 0.5982518140625
1 0.1973816578125 0.7209079109375 0.21925693750000003 0.7266496390625 0.22075831875000002 0.7375524312499999 0.2755922046875 0.7269029437500001 0.311526259375 0.737005528125 0.33814243125 0.734824446875 0.339789503125 0.7207234312499999 0.34919844218749996 0.717379715625 0.35292055 0.6157289953125 0.3185425125 0.6071527765625 0.29660349375 0.6123502140625 0.2340259515625 0.6091169265625 0.21700083281250002 0.57669953125 0.20425221875 0.6160589671875 0.19925637031250001 0.66773844375 0.1973816578125 0.7209079109375