4 0.9008503062500001 0.7862462609375 0.8758564453125001 0.755477275 0.8631266015625 0.7441133093750001 0.8469919765625 0.75390055625 0.828553621875 0.7927054499999999 0.9008503062500001 0.7862462609375
2 0.8510573906250001 0.7374692046875 0.8579855421874999 0.7414905921875 0.8562746671875001 0.7065290328125 0.8491517109375 0.6897467296875 0.843104403125 0.69201849375 0.8510573906250001 0.7374692046875
4 0.7832652359375001 0.98789414375 0.9323059562499999 0.9712844796875 0.9135971156249999 0.88868455625 0.91744231875 0.87067991875 0.9351438234374999 0.860718053125 0.93002816875 0.84690770625 0.8949215859375 0.8348418343749999 0.8546485359375 0.8313408734375001 0.8188305093749999 0.8369303984375 0.8115297140625 0.8984615078125 0.798037615625 0.9271282031249999 0.7832652359375001 0.98789414375
3 0.3582694546875 0.8435178796875 0.368331365625 0.8471900265625001 0.41891194374999996 0.8447487921875 0.4310065609375 0.8402052640625 0.4386461546875 0.8265712531249999 0.3609882 0.8288344375 0.3565077703125 0.83093158125 0.3582694546875 0.8435178796875
3 0.6951486234375001 0.8059747828124999 0.613476065625 0.8022940546875 0.5232576671875 0.8171418234375001 0.522791840625 0.8251828796874999 0.5393414812499999 0.8297298375000001 0.5560859265625 0.8470377140625001 0.7418585921874999 0.8327258140625 0.76068655625 0.81944275625 0.7511158765625 0.7965419218750001 0.6951486234375001 0.8059747828124999
3 1 0.82350460625 0.9720205312499999 0.783108265625 0.9521169203125 0.7773372578125 0.92704684375 0.7801311625 0.90016426875 0.792714028125 0.8256400734374999 0.794627975 0.7728065796875 0.8037115984375 0.7788030781249999 0.8238150953125001 0.7846301765625 0.81997004375 0.79736001875 0.831334009375 0.8463229046875 0.8514426546875 0.9103193624999999 0.853897615625 0.990450446875 0.8465653312500001 1 0.8376124765625 1 0.82350460625
3 0.9187296500000001 0.697970984375 0.9293759765624999 0.7399258843750001 0.9595617093750001 0.7509423265625 0.9695982140625 0.7658021046875 0.9746714984375 0.699725753125 0.9599089484375 0.6965774625 0.930578653125 0.7030418 0.924776959375 0.6956992203125 0.9187296500000001 0.697970984375
0 0.22391583750000002 0.78179499375 0.208221634375 0.7947288140625 0.20616352187500003 0.8141321187499999 0.20966148593749998 0.8504923468750001 0.22508466718750003 0.8583605000000001 0.3385606484375 0.8505077890624999 0.3457598234375 0.8337272 0.330853278125 0.79544273125 0.2796628796875 0.7707888453125 0.22391583750000002 0.78179499375
0 0.49777257343750003 0.805601521875 0.5107480343749999 0.8073511453125001 0.5132465671875 0.791094415625 0.5255868 0.7769365453125 0.516016121875 0.7540357109375 0.49988149687499994 0.7638229578125 0.4938087828125 0.77728235 0.49777257343750003 0.805601521875
0 0.45020716875 0.761369709375 0.4332425125 0.742488546875 0.392867840625 0.7837381078125001 0.394383909375 0.8059387499999999 0.40978168593750003 0.8249945328124999 0.478283978125 0.8141647187500001 0.46656200312499996 0.75315575 0.45850739375 0.752455559375 0.4593882359375 0.758748709375 0.45020716875 0.761369709375
0 1 0.6669174515625 0.995557575 0.6670393890625 0.98860401875 0.674205634375 0.9708008906250001 0.7289180187500001 0.9776020140625 0.7888775578125 0.9840643390625001 0.80094 0.99970773125 0.8103814375 1 0.8107958015625 1 0.6669174515625