4 0.5984375 0.9984375 0.559375 0.80625 0.559375 0.728125 0.5515625 0.7203125 0.4875 0.7125 0.4734375 0.753125 0.453125 0.7828125 0.4375 0.834375 0.4234375 0.853125 0.3609375 0.9984375 0.5984375 0.9984375
3 0.575 0.715625 0.596875 0.7140625 0.603125 0.7015625 0.6046875 0.6765625 0.596875 0.6703125 0.515625 0.665625 0.4796875 0.671875 0.4796875 0.6859375 0.490625 0.696875 0.5125 0.7046875 0.575 0.715625
3 0.475 0.6828125 0.478125 0.6734375 0.471875 0.6734375 0.475 0.6828125
4 0.5421875 0.628125 0.534375 0.6328125 0.509375 0.6609375 0.571875 0.6671875 0.5859375 0.665625 0.5546875 0.6578125 0.5421875 0.628125
3 0.9640625 0.9828125 0.9875 0.9984375 0.9984375 0.9984375 0.9984375 0.81875 0.9671875 0.8078125 0.95625 0.765625 0.9578125 0.6921875 0.909375 0.69375 0.853125 0.6828125 0.85625 0.884375 0.8640625 0.9 0.8921875 0.9140625 0.9640625 0.9828125
0 0.99375 0.8125 0.9984375 0.8046875 0.9984375 0.6328125 0.9765625 0.6421875 0.9609375 0.71875 0.959375 0.7671875 0.9671875 0.8015625 0.975 0.809375 0.99375 0.8125
1 0.58125 0 0.5734375 0.009375 0.5765625 0.0203125 0.56875 0.0546875 0.5421875 0.0546875 0.5390625 0.0703125 0.5421875 0.0984375 0.5515625 0.1109375 0.534375 0.15 0.534375 0.165625 0.5515625 0.196875 0.5609375 0.2359375 0.5765625 0.2546875 0.5796875 0.2796875 0.6046875 0.3015625 0.6171875 0.3359375 0.6015625 0.5671875 0.6109375 0.6328125 0.6078125 0.7203125 0.6140625 0.7203125 0.6234375 0.7125 0.621875 0.675 0.6375 0.653125 0.6421875 0.4 0.6625 0.2796875 0.678125 0.246875 0.7 0.228125 0.728125 0.215625 0.7515625 0.2140625 0.7515625 0.2078125 0.725 0.18125 0.7421875 0.171875 0.753125 0.140625 0.775 0.1296875 0.7984375 0.0875 0.8140625 0.0828125 0.8203125 0.06875 0.8296875 0.0640625 0.83125 0.04375 0.8375 0.0375 0.8359375 0.0109375 0.8109375 0 0.58125 0
1 0.6375 0.65 0.634375 0.64375 0.625 0.646875 0.625 0.7453125 0.634375 0.75 0.6421875 0.690625 0.6375 0.65
3 0.8375 0.8671875 0.8390625 0.725 0.8375 0.6828125 0.83125 0.66875 0.8234375 0.675 0.7984375 0.6734375 0.75625 0.6578125 0.7390625 0.659375 0.725 0.65 0.7109375 0.65 0.7046875 0.6890625 0.6953125 0.7015625 0.6625 0.6890625 0.65 0.690625 0.6484375 0.7078125 0.6546875 0.715625 0.715625 0.7578125 0.8375 0.8671875
0 0.6890625 0.6125 0.6671875 0.6015625 0.65625 0.6015625 0.64375 0.6109375 0.6453125 0.684375 0.7 0.690625 0.703125 0.653125 0.6890625 0.6125
1 0.578125 0.9140625 0.5859375 0.94375 0.60625 0.9734375 0.6125 0.99375 0.6234375 0.9984375 0.9453125 0.9984375 0.940625 0.9859375 0.79375 0.8421875 0.728125 0.7890625 0.6765625 0.734375 0.6484375 0.721875 0.6421875 0.734375 0.6203125 0.7484375 0.6109375 0.728125 0.5984375 0.7328125 0.5859375 0.7234375 0.559375 0.73125 0.565625 0.8609375 0.575 0.878125 0.5859375 0.8828125 0.578125 0.9140625
1 0.103125 0.9390625 0.13125 0.93125 0.1421875 0.9125 0.1765625 0.8921875 0.19375 0.865625 0.2484375 0.815625 0.278125 0.803125 0.3265625 0.7640625 0.353125 0.759375 0.3796875 0.7671875 0.4 0.765625 0.40625 0.728125 0.425 0.6921875 0.421875 0.6734375 0.228125 0.7078125 0.1875 0.7171875 0.1828125 0.7234375 0.125 0.73125 0.003125 0.7640625 0 0.9984375 0.0484375 0.9984375 0.0734375 0.959375 0.103125 0.9390625
1 0.434375 0.8296875 0.4421875 0.8 0.4375 0.771875 0.44375 0.7515625 0.434375 0.75 0.4234375 0.7375 0.4171875 0.759375 0.390625 0.771875 0.3484375 0.7609375 0.33125 0.7640625 0.2953125 0.7890625 0.2875 0.8015625 0.2296875 0.8359375 0.203125 0.8609375 0.1953125 0.8765625 0.1015625 0.95 0.0796875 0.9609375 0.078125 0.971875 0.06875 0.978125 0.0765625 0.9984375 0.3484375 0.9984375 0.3765625 0.95625 0.434375 0.8296875
1 0.484375 0.7125 0.4640625 0.7 0.4328125 0.69375 0.4203125 0.7015625 0.409375 0.7203125 0.409375 0.765625 0.446875 0.778125 0.4703125 0.7515625 0.484375 0.7125
1 0.409375 0.5640625 0.4046875 0.5796875 0.403125 0.6625 0.4171875 0.6671875 0.421875 0.565625 0.409375 0.5640625
1 0.4578125 0.5078125 0.4546875 0.5171875 0.453125 0.684375 0.4578125 0.6828125 0.4625 0.6296875 0.4578125 0.5078125
1 0 0.7609375 0.1109375 0.7359375 0.1265625 0.7265625 0.284375 0.6984375 0.303125 0.684375 0.275 0.6703125 0.228125 0.6671875 0.1921875 0.659375 0.1890625 0.653125 0.0140625 0.6359375 0 0.6359375 0 0.7609375
1 0 0.6328125 0.0046875 0.6359375 0.1015625 0.6390625 0.31875 0.684375 0.3640625 0.671875 0.3765625 0.625 0.3875 0.603125 0.396875 0.596875 0.39375 0.5625 0.38125 0.540625 0.3328125 0.5140625 0.15625 0.5078125 0.1390625 0.515625 0.121875 0.509375 0.1046875 0.5296875 0.075 0.5078125 0.0625 0.525 0 0.51875 0 0.6328125
1 0.371875 0.6625 0.3625 0.6765625 0.409375 0.6703125 0.396875 0.6609375 0.371875 0.6625
1 0.8390625 0.178125 0.828125 0.1828125 0.84375 0.934375 0.853125 0.9609375 0.84375 0.190625 0.8390625 0.178125
3 0.446875 0.6625 0.4234375 0.6609375 0.421875 0.66875 0.43125 0.684375 0.45 0.68125 0.446875 0.6625