1 0.6265625 0 0.6234375 0.0484375 0.6140625 0.946875 0.6171875 0.9984375 0.6578125 0.9984375 0.65625 0.1890625 0.68125 0.0921875 0.6828125 0 0.6265625 0
1 0.603125 0.80625 0.60625 0.775 0.6171875 0.5421875 0.6140625 0.525 0.6 0.515625 0.596875 0.5203125 0.5921875 0.684375 0.578125 0.7984375 0.5953125 0.8109375 0.603125 0.80625
3 0.6828125 0.7046875 0.66875 0.7015625 0.6625 0.721875 0.6609375 0.7890625 0.6765625 0.8234375 0.68125 0.8171875 0.6828125 0.7046875
3 0.9984375 0.7828125 0.8296875 0.740625 0.8203125 0.7359375 0.8125 0.7171875 0.7 0.7046875 0.69375 0.7078125 0.690625 0.7703125 0.6921875 0.834375 0.8515625 0.9984375 0.9984375 0.9984375 0.9984375 0.7828125
1 0.5359375 0.8421875 0.553125 0.99375 0.5546875 0.9984375 0.5890625 0.9984375 0.6015625 0.98125 0.609375 0.93125 0.6109375 0.8359375 0.609375 0.828125 0.590625 0.8140625 0.5765625 0.8140625 0.5671875 0.7984375 0.5828125 0.728125 0.5765625 0.7171875 0.5625 0.709375 0.54375 0.7265625 0.540625 0.7484375 0.534375 0.7515625 0.540625 0.75625 0.5359375 0.8421875
1 0.534375 0.3328125 0.53125 0.390625 0.5234375 0.7328125 0.5328125 0.7375 0.540625 0.3203125 0.534375 0.3328125
1 0.553125 0.7046875 0.5609375 0.6203125 0.5875 0.5203125 0.5875 0.5015625 0.571875 0.403125 0.5515625 0.359375 0.5578125 0.35625 0.5421875 0.328125 0.5375 0.340625 0.5453125 0.6140625 0.5421875 0.6984375 0.553125 0.7046875
3 0.5609375 0.6765625 0.559375 0.7 0.5859375 0.7203125 0.5890625 0.68125 0.5609375 0.6765625
1 0.2734375 0.965625 0.2875 0.9703125 0.3015625 0.959375 0.353125 0.865625 0.4328125 0.7625 0.4609375 0.7015625 0.446875 0.69375 0.4171875 0.7 0.39375 0.7140625 0.3546875 0.7109375 0.3375 0.725 0.315625 0.73125 0.3078125 0.7265625 0.290625 0.734375 0.278125 0.75 0.2703125 0.746875 0.2578125 0.765625 0.21875 0.7875 0.190625 0.7953125 0.16875 0.7875 0.1578125 0.8140625 0.1578125 0.840625 0.2078125 0.8953125 0.2578125 0.9265625 0.2734375 0.965625
1 0 0.9984375 0.278125 0.9984375 0.284375 0.9890625 0.2796875 0.9703125 0.2609375 0.959375 0.259375 0.9515625 0.1875 0.884375 0.13125 0.8140625 0.0609375 0.81875 0.0453125 0.834375 0.0046875 0.83125 0 0.834375 0 0.9984375
1 0.696875 0.8359375 0.6859375 0.8421875 0.6796875 0.8390625 0.6640625 0.80625 0.6625 0.9984375 0.8484375 0.9984375 0.7109375 0.846875 0.696875 0.8359375
0 0.659375 0.66875 0.6578125 0.7 0.6625 0.7046875 0.665625 0.678125 0.659375 0.66875
0 0.559375 0.659375 0.5578125 0.6734375 0.56875 0.675 0.56875 0.6609375 0.559375 0.659375
4 0.515625 0.6765625 0.4953125 0.675 0.2765625 0.9984375 0.55 1 0.515625 0.6765625