3 0.5394176859375001 0.777054196875 0.431907725 0.788868565625 0.3866346234375 0.7903582874999999 0.4047692875 0.92350209375 0.4116450859375 0.9273856687500001 0.4287676 0.920143784375 0.445401475 0.924277075 0.4533885234375 0.9393119390625 0.50953095 0.9492232234375001 0.5266286859375 0.9742899390625 0.566087625 0.9752291046874999 0.9944718859374999 0.915281253125 0.996125271875 0.631088515625 0.9839308484375 0.6308559296875 0.9682494734375 0.6362808828125 0.7335794234375 0.6255085499999999 0.7345071484375 0.6673753953125 0.8058175359374999 0.7155455 0.7653193234375 0.7486721625 0.6363634359375 0.773179203125 0.5394176859375001 0.777054196875
2 0.630856734375 0.6528055562499999 0.6460123125 0.707218678125 0.6479792468750001 0.6455636703125001 0.6385634484375 0.6161914375 0.6323226484375 0.618680028125 0.630856734375 0.6528055562499999
4 0.720839975 0.758127090625 0.7899774125000001 0.719377415625 0.7682387609375 0.696575403125 0.7412118109375 0.6858202296875 0.7322351 0.70969001875 0.71864225 0.7035159109375 0.7026433734374999 0.705754784375 0.6984910984375 0.6966443124999999 0.6562590234375001 0.6960932171875001 0.6506532218750001 0.704953975 0.6124146734375 0.7119203109375001 0.6029369359375 0.7633195781250001 0.6442041234375 0.7704667234375 0.720839975 0.758127090625
4 0.5203860578125 0.9816245546875001 0.631256375 0.9661094265625 0.5911004359375001 0.9701135687500001 0.5807073625 0.9634916859375 0.56326735 0.9675474875000001 0.552874275 0.96092560625 0.5237588 0.9617694953125 0.5162374234375 0.981769428125 0.5203860578125 0.9816245546875001
3 0.35815414843750004 0.7975743421875 0.31335729843750004 0.8038431890625001 0.2936824 0.8017507125 0.29288865 0.79378550625 0.24744441093749997 0.8098364874999999 0.2368925875 0.8016215640625 0.2247284859375 0.809784828125 0.1728970875 0.8105770578125 0.1444166109375 0.8177931109375001 0.13210615 0.8082090359375 0.12825898593750001 0.8184389453125 0.0970549859375 0.8308818984374999 0.028570107812500002 0.8436227265625 0.039964990625 0.9579692984375001 0.1671921875 0.948672215625 0.1916791375 0.933938728125 0.20254846249999997 0.9453397359375 0.232787575 0.939492834375 0.256456 0.9491027421875 0.3476495859375 0.9363411625 0.3721365375 0.9216076765624999 0.3753610875 0.8888513015624999 0.3618425625 0.7857513921875 0.35815414843750004 0.7975743421875
0 0.9621674234375 0.6403625171875 0.9615571984375 0.60168175 0.9476592359374999 0.5761672609375 0.9124617109375001 0.5810927828125 0.8958030609375 0.6092680890625 0.8994543109375 0.645908040625 0.9151356859374999 0.640483084375 0.923611371875 0.6441427703125 0.9277760359375 0.63709894375 0.9348105859375 0.642575559375 0.9621674234375 0.6403625171875
0 0.7612537609375 0.6264815875 0.7774113859375 0.6258357546875 0.782235821875 0.5928554921875 0.7723189984375 0.5910127359375 0.761754784375 0.5989521109375 0.7612537609375 0.6264815875
0 0.803193109375 0.5915379984375 0.7870354859375001 0.5921838296875 0.780623546875 0.6092336796875 0.7810874109375 0.630167103125 0.8006035593749999 0.6306665375 0.813903684375 0.6013459640625001 0.803193109375 0.5915379984375
0 0.8300613109375 0.6007001296875 0.8156623218749999 0.602715115625 0.8074917484374999 0.6183958140625 0.8054032234375 0.6299948765625001 0.8109966359375 0.637288421875 0.8418707484375 0.637813684375 0.8300613109375 0.6007001296875
0 0.8556471234374999 0.613272234375 0.8572346234375001 0.6292026468749999 0.8927496484375 0.6274632078125 0.8937393109375 0.5885585546875001 0.8633414484375 0.5928124140625 0.8556471234374999 0.613272234375
0 0.0127023234375 0.684391009375 0.027795784375 0.8358524718749999 0.029542212499999998 0.837099084375 0.0501819984375 0.8325955078125 0.09115646250000001 0.804247971875 0.11259 0.8077096015624999 0.1308485359375 0.77931040625 0.1287971734375 0.7424465687499999 0.11188296093750001 0.68666429375 0.0784564609375 0.6768046671875 0.051099625 0.6790177125 0.0127023234375 0.684391009375