1 0.5181030859375 0.9185235531249999 0.512265159375 0.9299746921875001 0.51456603125 0.947138784375 0.5228133109375 0.9511609562500001 0.5247887359375001 0.9733974046875 0.538656978125 0.9693500109375 0.5718685296875 0.9845459390625001 0.7906002828124999 0.97818149375 0.63047944375 0.7843129046875 0.5825145140625 0.7365088859375 0.577327484375 0.7378153109375 0.57570024375 0.7631770906249999 0.5595967374999999 0.7755502937500001 0.555063196875 0.8992338656250001 0.545514125 0.91550111875 0.5181030859375 0.9185235531249999
1 0.5521341640624999 0.9448850703125 0.5078375078125 0.9194456171875001 0.509608603125 0.9858404921874999 0.5145429828125 0.986213940625 0.62101576875 0.9831158999999999 0.6074557796875 0.957566959375 0.5521341640624999 0.9448850703125
4 0.5067640421874999 0.9856252062499999 0.486150725 0.6476639859375 0.470806596875 0.648201690625 0.2525654421875 0.9476977203124999 0.042155871875 0.950462228125 0.5067640421874999 0.9856252062499999
1 0.51412950625 0.8213800687499999 0.5277580484375 0.7680436578125 0.5337902062500001 0.7005403625 0.525868371875 0.691445834375 0.5121086125 0.6938024453125 0.4991965734375 0.7624840453124999 0.505513903125 0.8496109390625 0.515562515625 0.8520704453124999 0.5131531609375 0.8365971375000001 0.5187741234375001 0.8285275703125 0.51412950625 0.8213800687499999
1 0.346643309375 0.674483540625 0.3321241703125 0.6886756468749999 0.3100086484375 0.6887008703124999 0.262349025 0.715675765625 0.0641973109375 0.6225252328125 0.025463081250000002 0.6249087765625 0.0299039203125 0.733894775 0.046663390625 0.7367299171874999 0.08156233125 0.74956515 0.08151945625 0.7767458375 0.0773315046875 0.8155057796875 0.056974437499999996 0.8411490234375 0.0380276484375 0.8448120609374999 0.0344050921875 0.8443614265624999 0.038492917187499996 0.9446838390625001 0.24410119375 0.9470571203124999 0.250981075 0.945878815625 0.410060846875 0.7200590703125 0.4244715046875 0.707557746875 0.4344545078125 0.6845273515625 0.4076943671875 0.677405075 0.371385153125 0.6865500515625 0.346643309375 0.674483540625
1 0.041847278125 0.838305159375 0.057299885937499996 0.83607666875 0.0682163609375 0.8250098906250001 0.074271253125 0.8101771843750001 0.076158334375 0.754253146875 0.030292834375 0.743439396875 0.0340989625 0.836848496875 0.041847278125 0.838305159375
1 0.5960872078125 0.04774386875 0.588773396875 0.055685315624999995 0.56768228125 0.27835650156249997 0.5540361953125 0.54406604375 0.517603546875 0.8997967953125 0.5222481640625001 0.906944296875 0.54256235625 0.9084817359375 0.5497676828125 0.9022310750000001 0.5861750015625 0.3613078796875 0.5938571359375 0.3211133921875 0.5975455468749999 0.263626690625 0.5922272984375 0.2139533140625 0.6044026921875 0.2097777984375 0.611325446875 0.18141880625 0.6188334890625 0.117425203125 0.6116710359375 0.096495178125 0.62284735 0.0548661453125 0.6183112140625 0.04602785625 0.5960872078125 0.04774386875
1 0.4545718765625 0.6095950921875 0.37537627812499996 0.57132040625 0.346597840625 0.569142365625 0.36116245 0.66029143125 0.37689763125 0.68017126875 0.3991216375 0.6784552609375 0.46086646875000004 0.6440513984375 0.4545718765625 0.6095950921875
3 1 0.8108075140625 0.8279776671875 0.75508629375 0.7757591781250001 0.720552315625 0.7216964828125 0.7147616875 0.6366629578125 0.687938140625 0.6299571703125 0.7129155609375 0.6256178625000001 0.7805469765625 0.6882760203125 0.8379580046875 0.7466806203125 0.908639075 0.82069349375 0.9773058718750001 0.9909489 0.9723519453125 1 0.8312836906250001 1 0.8108075140625
3 1 0.8100386203125 0.7965729078125 0.7408165140625 0.7876091234375 0.7214491562500001 0.72338933125 0.7148898078125 0.6381388421875 0.69144783125 0.63165001875 0.7130436796875 0.6276361578125 0.7756027390625 0.8218146578125 0.9772732484375 0.9909489 0.9723519453125 1 0.8312836812500001 1 0.8100386203125
3 0.57682794375 0.719088553125 0.616654075 0.7611796171874999 0.6233371296875 0.683531609375 0.5878957765624999 0.6791503046875 0.57910608125 0.683582059375 0.57682794375 0.719088553125
0 0.6500972703125 0.6906538859375 0.6752730453125 0.6959572578125 0.67362306875 0.668648453125 0.6602972406250001 0.664241921875 0.6493807640625 0.6753086984375 0.6500972703125 0.6906538859375