4 0.5453125 0.9625 0.5515625 0.9484375 0.534375 0.878125 0.5140625 0.7015625 0.49375 0.6671875 0.459375 0.6875 0.4375 0.7484375 0.41875 0.75625 0.3875 0.8 0.2828125 0.98125 0.28125 0.9984375 0.5484375 0.9984375 0.553125 0.9703125 0.5453125 0.9625
1 0.471875 0.65625 0.475 0.625 0.465625 0.6078125 0.4234375 0.6046875 0.4171875 0.625 0.415625 0.665625 0.421875 0.68125 0.434375 0.68125 0.471875 0.65625
4 0.509375 0.6671875 0.496875 0.659375 0.4796875 0.66875 0.459375 0.6703125 0.45625 0.6734375 0.4734375 0.68125 0.5140625 0.684375 0.509375 0.6671875
3 0.875 0.971875 0.884375 0.9953125 0.9984375 0.9984375 0.9984375 0.775 0.8125 0.7265625 0.7859375 0.7046875 0.728125 0.703125 0.671875 0.6890625 0.6625 0.6921875 0.6625 0.7875 0.7765625 0.8828125 0.8640625 0.96875 0.875 0.971875
3 0.9984375 0.9984375 0.9984375 0.775 0.8015625 0.721875 0.796875 0.7078125 0.7890625 0.7046875 0.7609375 0.7 0.7453125 0.7046875 0.74375 0.7 0.6703125 0.6890625 0.665625 0.6890625 0.6625 0.703125 0.6625 0.7828125 0.884375 0.984375 0.9015625 0.9984375 0.9984375 0.9984375
1 0.590625 0.98125 0.571875 0.9859375 0.56875 0.9953125 0.8703125 0.9984375 0.85625 0.978125 0.803125 0.934375 0.684375 0.8078125 0.6203125 0.7484375 0.609375 0.740625 0.60625 0.7453125 0.60625 0.9421875 0.6109375 0.96796875 0.5953125 0.9859375 0.590625 0.98125
1 0.5859375 0 0.58125 0.11875 0.58125 0.59375 0.5640625 0.96875 0.56875 0.975 0.6015625 0.975 0.60625 0.9703125 0.6015625 0.86875 0.6046875 0.4595486109375 0.628125 0.0703125 0.6203125 0.034375 0.625 0 0.5859375 0
3 0.6296875 0.6765625 0.6078125 0.6859375 0.609375 0.7328125 0.65 0.76875 0.653125 0.684375 0.6296875 0.6765625
1 0.5640625 0.9421875 0.5703125 0.7734375 0.55625 0.75625 0.5640625 0.740625 0.5671875 0.7 0.559375 0.690625 0.53125 0.6953125 0.521875 0.746875 0.540625 0.903125 0.55 0.934375 0.5640625 0.9421875
1 0.5265625 0.4125 0.5234375 0.5234375 0.521875 0.715625 0.53125 0.6265625 0.5328125 0.403125 0.5265625 0.4125
0 0.55625 0.6515625 0.5546875 0.665625 0.571875 0.66875 0.5703125 0.65625 0.55625 0.6515625
0 0.6171875 0.6578125 0.6109375 0.646875 0.6046875 0.646875 0.603125 0.6734375 0.60625 0.68125 0.615625 0.6828125 0.6171875 0.6578125
1 0.66875 0.496875 0.6421875 0.5015625 0.6421875 0.5421875 0.6609375 0.565625 0.65625 0.7796875 0.66875 0.496875
0 0.6703125 0.659375 0.6640625 0.6640625 0.665625 0.6859375 0.6890625 0.684375 0.6875 0.665625 0.6703125 0.659375
1 0 0.9984375 0.228125 0.9984375 0.2203125 0.978125 0.2359375 0.9609375 0.2453125 0.9609375 0.2828125 0.9140625 0.33125 0.89375 0.3703125 0.81875 0.4421875 0.721875 0.446875 0.7078125 0.44375 0.6921875 0.4390625 0.6921875 0.4390625 0.7078125 0.421875 0.7109375 0.4125 0.7046875 0.409375 0.709375 0.3953125 0.703125 0.3703125 0.703125 0.3703125 0.709375 0.3484375 0.7203125 0.3328125 0.7125 0.2671875 0.74375 0.2515625 0.74375 0.2328125 0.7625 0.2171875 0.75 0.2 0.746875 0.1640625 0.7625 0.140625 0.759375 0.1140625 0.740625 0.0984375 0.7515625 0.00625 0.7421875 0 0.74375 0 0.9984375
1 0.3078125 0.8296875 0.31875 0.8265625 0.3265625 0.834375 0.3296875 0.853125 0.315625 0.8640625 0.321875 0.8671875 0.321875 0.88125 0.3328125 0.88125 0.3625 0.840625 0.3828125 0.8 0.434375 0.746875 0.45625 0.7078125 0.459375 0.684375 0.446875 0.6796875 0.3234375 0.6953125 0.2984375 0.734375 0.28125 0.7359375 0.24375 0.7578125 0.23125 0.7515625 0.2296875 0.765625 0.2546875 0.7953125 0.2671875 0.7921875 0.3078125 0.8296875
1 0.68125 0.2 0.715625 0.2046875 0.7140625 0.1609375 0.6640625 0.159375 0.65625 0.1609375 0.6578125 0.18125 0.6796875 0.1828125 0.68125 0.2
1 0.1734375 0.7390625 0.1234375 0.721875 0.1203125 0.74375 0.125 0.7515625 0.1734375 0.7546875 0.1734375 0.7390625
1 0.2109375 0.7234375 0.2 0.7140625 0.1890625 0.7140625 0.1953125 0.74375 0.2140625 0.74375 0.21875 0.7375 0.2109375 0.7234375
1 0.2796875 0.7265625 0.2640625 0.703125 0.234375 0.70625 0.234375 0.728125 0.246875 0.7359375 0.2703125 0.7375 0.2796875 0.7265625
1 0 0.7375 0.021875 0.73125 0.0390625 0.7078125 0.0265625 0.7 0.0078125 0.7015625 0 0.703125 0 0.7375
1 0.0984375 0.7375 0.0953125 0.71875 0.0734375 0.7078125 0.0515625 0.703125 0.034375 0.7140625 0.03125 0.7328125 0.04375 0.74375 0.0796875 0.746875 0.0984375 0.7375
1 0.34375 0.7046875 0.38125 0.6890625 0.3796875 0.68125 0.3453125 0.671875 0.325 0.675 0.3125 0.684375 0.309375 0.696875 0.3171875 0.7078125 0.33125 0.7015625 0.34375 0.7046875
1 0.4140625 0.6828125 0.415625 0.6 0.384375 0.575 0.371875 0.58125 0.3765625 0.675 0.39375 0.6921875 0.403125 0.6921875 0.4140625 0.6828125
1 0.31875 0.5984375 0.328125 0.6109375 0.371875 0.6125 0.36875 0.5765625 0.2515625 0.5625 0.2515625 0.584375 0.278125 0.6 0.3015625 0.5921875 0.31875 0.5984375