1 0.84602155625 0 0.9455653937499999 0.2005836921875 0.9668184828124999 0.2892645609375 1 0.6014367765624999 1 0.408241365625 0.9347997187500001 0 0.84602155625 0
1 0.6924711265625 0.558025084375 0.6757498156249999 0.5088172484375 0.6682784374999999 0.55082045 0.6874919 0.715514590625 0.696880346875 0.7188088328125 0.709783478125 0.7108156984375 0.6924711265625 0.558025084375
1 0.67331604375 0.704440734375 0.6771875265625 0.6842893859375 0.670413790625 0.675170721875 0.6401769171875 0.6745134140625 0.6270021984375 0.6808060453125 0.6269169875 0.69137051875 0.628290878125 0.7332669593750001 0.6444849703125 0.8124677124999999 0.6698492218750001 0.8159098859375 0.680510396875 0.8382711203125 0.679269578125 0.885991978125 0.6974443578125 0.9384089390625 0.9734640421874999 0.8802261359375001 0.9364960375000001 0.8651679296875001 0.8489113921874999 0.7939847421875 0.835278709375 0.78631189375 0.8221039906250001 0.792604525 0.8144302812499999 0.7889488265625 0.7987101078125 0.757107478125 0.718713959375 0.7001444609374999 0.7091550921875001 0.7179791640625 0.6814477171875 0.7220619125 0.67331604375 0.704440734375
4 0.6942477499999999 0.939082759375 0.6672345125 0.8217343015624999 0.646386084375 0.8243712359375 0.6084809375 0.6425241359375 0.5925051328125 0.6423762078124999 0.4847841921875 0.9745935375 0.539350853125 0.9717338203124999 0.6942477499999999 0.939082759375
1 0.40802172812500004 0.8412193015625 0.43411553124999996 0.8603274578125 0.49486086875 0.8633425812500001 0.5184251718749999 0.87771068125 0.5340282234375 0.8533286546875001 0.5318555234375 0.839724628125 0.5588866484375 0.7426235765625 0.5736749375 0.7131400390625 0.57880319375 0.67866175625 0.5694147468749999 0.6753675125 0.5135739421875 0.7363553734375 0.4932686890625 0.742393315625 0.46647724375 0.774407025 0.43669833281250003 0.78771519375 0.4070205890625 0.8238528140625 0.40802172812500004 0.8412193015625
1 0.490957475 0.816706084375 0.43292801562500005 0.8306959953125 0.42498271875000004 0.8253397937500001 0.3915027484375 0.8376703671874999 0.382843853125 0.8500421046875 0.381603034375 0.8977629640625 0.3694294546875 0.9214220843750001 0.3276473890625 0.9372604250000001 0.31637378437499997 0.95545658125 0.2891243734375 0.9735048093750001 0.28440106875 0.9850951718750001 0.4980586015625 0.9738978546875 0.504653975 0.957954628125 0.502481275 0.9443505999999999 0.5129401171875 0.9210529328125 0.51913876875 0.8599827421875 0.527882875 0.837046528125 0.526338559375 0.816279034375 0.49357218593749996 0.8108816671874999 0.490957475 0.816706084375
1 0.367709640625 0.533321425 0.362192678125 0.509875828125 0.34883158281250004 0.503903484375 0.317151559375 0.50530813125 0.31083578749999996 0.51015495 0.3112937515625 0.52412043125 0.31609711875 0.5652939640625 0.33054456249999997 0.5780683234375 0.3643439859375 0.667620025 0.3823539796875 0.7692887765624999 0.397717353125 0.8099940968749999 0.406562625 0.809887334375 0.4522161734375 0.773897640625 0.46909195312499996 0.7685826062500001 0.4892960421875 0.739715215625 0.48121766875 0.644741715625 0.4709292484375 0.646910434375 0.45869445156250005 0.6368922109375 0.4459750984375 0.5572519703125 0.42575505625 0.5527254375 0.3954329703125 0.5626325999999999 0.367709640625 0.533321425
1 0.31664029375 0.5686949734375 0.29606345156249997 0.5730324109375 0.2891192953125 0.585042696875 0.2644845953125 0.5972665078125 0.246794053125 0.59748003125 0.073488525 0.5777634265625 0.052640096875 0.5804003625 0.0048915421874999995 0.569978484375 0.0729596578125 0.996176346875 0.2748284640625 0.98559685 0.3231315640625 0.93118131875 0.357969475 0.9273532609374999 0.370957815625 0.9087956531250001 0.3959174046875 0.820920025 0.3581986359375 0.6513378984375 0.3488954015625 0.63747918125 0.336775125 0.5837859796875 0.31664029375 0.5686949734375
1 0.4944402515625 0.73863085625 0.5082433562500001 0.72517475625 0.4902174078125 0.59011208125 0.4794710234375 0.5783153203125 0.4680110421875 0.5842465 0.47816095000000003 0.669994575 0.48595177968750003 0.7298736484375 0.4944402515625 0.73863085625
1 0.52216901875 0.5904079390625 0.50537845 0.5851585 0.4996058546875 0.5934063265625 0.5060387468750001 0.64478288125 0.5266315406250001 0.6738393671875 0.52637590625 0.7055327890624999 0.5335064421875 0.7057874796875 0.5683283968749999 0.6685654984375 0.5578376453125 0.625075315625 0.52216901875 0.5904079390625
1 0.534678003125 0.70202501875 0.521386165625 0.652094278125 0.518111159375 0.5982943125 0.5105226609375 0.5840741390625 0.4951752421875 0.5767627453124999 0.48687314531250003 0.580270515625 0.50761496875 0.732338221875 0.534678003125 0.70202501875
3 0.806197440625 0.7484981984375 0.7985770343749999 0.6674901796875 0.7649106859375 0.6675557765625 0.7545211000000001 0.6468950453125 0.7360157953125 0.642007059375 0.71200948125 0.647067403125 0.719613934375 0.6946814984375 0.806197440625 0.7484981984375
3 1 0.7085730156250001 0.9905742421875001 0.704359746875 0.9820005593750001 0.7061670140625 0.9816437609375 0.715030984375 0.9490637640624999 0.72189859375 0.9318152312500001 0.7026836750000001 0.91509391875 0.6534758390625 0.8955022625 0.641785840625 0.8814275703125001 0.6535414359375 0.8757401859374999 0.6512247875 0.8770981234375 0.6597273046875001 0.867081290625 0.663596528125 0.8535338187500001 0.64535920625 0.8444169609375001 0.6437654640625 0.8308854437500001 0.6589220671875 0.808865453125 0.6653214609375 0.8280470093750001 0.763227753125 0.9028989468749999 0.821275128125 0.9969940390625001 0.875266196875 1 0.8746325640625001 1 0.7085730156250001
0 1 0.633898078125 0.9911228546874999 0.5302266609374999 0.96540180625 0.535648459375 0.955944103125 0.5763126125 0.9184062718750001 0.5965295578124999 0.9267402765625 0.6598096359375 0.9377582484375001 0.6733069015625001 0.94969215 0.7147351265624999 0.9733416640625 0.7185387546875 0.98380050625 0.6952410859375 1 0.69708406875 1 0.633898078125
0 0.8068472203124999 0.5971945640625 0.786084003125 0.5892670234375 0.7626208640625001 0.597728375 0.754419934375 0.6240655953124999 0.7632811609375 0.65735275625 0.781243290625 0.6588397328125 0.804434840625 0.6486778796875 0.8269127953125001 0.6562439671875 0.8229241921874999 0.6201719421874999 0.8068472203124999 0.5971945640625
1 0.6362894796874999 0.6612708390625001 0.6508221359374999 0.663480725 0.65270729375 0.641990325 0.6434892703124999 0.61756713125 0.6245419546875 0.6321075921875 0.6362894796874999 0.6612708390625001
2 0.59313351875 0.6352127390625 0.5990924921875 0.639229890625 0.592132378125 0.6178462515625001 0.59313351875 0.6352127390625
0 0.65189253125 0.6368888125 0.6695830734375 0.6366752890625 0.6685819328125 0.6193088015625 0.6552208375 0.6133364578125 0.6508913921875 0.6195223265625 0.65189253125 0.6368888125
0 0.69999036875 0.616203653125 0.701534684375 0.6369711453125 0.7221115234375 0.6326337078125001 0.7185808859375 0.6105271640625001 0.69999036875 0.616203653125
0 0.7316703921875 0.6147990046875 0.7280704984375 0.6366508578125 0.7526199859375 0.634991521875 0.7542335578125 0.6118006171875 0.7316703921875 0.6147990046875