3 0.95753458125 1 0.971398909375 0.89296115 0.785950328125 0.8386256921875 0.7726629515625001 0.8483300734375 0.7615896156249999 0.8276725031250001 0.700929125 0.7917924078125 0.675869409375 0.7995044328125 0.6698766 0.8855774046875 0.745397309375 1 0.95753458125 1
0 0.7865996265625 0.8336128046875 0.7976729625 0.8542703734374999 0.8271286671875 0.8524251046875 0.83656994375 0.8591457281249999 0.8371695406249999 0.8677851640625001 0.8474765515625 0.8678219374999999 0.8570172359375 0.8472379109375 0.8635102359375001 0.7971090265624999 0.8606292796874999 0.7795455312499999 0.8442942203125 0.7597050546874999 0.8016008484375 0.75760238125 0.7866317125 0.767022140625 0.7743270984375 0.7956763609374999 0.768483396875 0.8407923546875 0.7865996265625 0.8336128046875
1 0.6086658375 1 0.6224713984375 0.9065835874999999 0.6076513718750001 0.875046371875 0.61772433125 0.8238157703125 0.587768440625 0.789716953125 0.5776778625000001 0.7880092171874999 0.5615592375 0.7664977796875 0.5468562375 0.7605942515625 0.5385644484375 0.784804828125 0.5506060765624999 0.94394123125 0.5500379078125001 1 0.6086658375 1
3 0.59183096875 0.7716209843749999 0.5930301609375 0.7888998593750001 0.62005539375 0.819087503125 0.62524979375 0.778984396875 0.6011055171875 0.7663602453125 0.59183096875 0.7716209843749999
0 0.6171568203125 0.748585671875 0.612877859375 0.7683526031250001 0.6277972921874999 0.7725851687499999 0.632725553125 0.7478053484375 0.6171568203125 0.748585671875
1 0.648345821875 1 0.7734702703125 0.0458984125 0.743135421875 0.0407645265625 0.6127068828125 1 0.648345821875 1
0 0.6776008765625 0.7861367296874999 0.69208744375 0.7937112203125001 0.6967992734374999 0.7706023640625 0.6928361515625 0.7613936828125001 0.6812802437500001 0.7577303625 0.6776008765625 0.7861367296874999
1 0.41501496250000003 0.8629355859375 0.3908706859375 0.8503114343749999 0.317305984375 0.834446121875 0.098910375 0.9392148734375001 0.3552726453125 0.9826017640625 0.3899728671875 0.9235859484375 0.41285062968749997 0.879645215625 0.41501496250000003 0.8629355859375
1 0.1668979953125 0.8943705968750001 0.1763392734375 0.9010912203125001 0.30385188125 0.8321691421875 0.32348314375 0.8132928500000001 0.333822240625 0.746738959375 0.3097773703125 0.70681015625 0.31297416562499997 0.695398040625 0.3054310859375 0.6872910765625 0.2186287140625 0.6674778203125 0.20935416718750002 0.672738559375 0.1993309109375 0.7103168359375001 0.191056740625 0.7874657484375 0.1669476984375 0.880718271875 0.1668979953125 0.8943705968750001
1 0.018248915625 0.6271745328125 0.026974118749999998 0.9270403421875001 0.07158326875 0.9345900203124999 0.0779986140625 0.9305529796875 0.0868899984375 0.9149818406250001 0.10349119375 0.9194990296875 0.15317775625000002 0.9074169046874999 0.1992635890625 0.671030825 0.17322111406250001 0.6597930140625 0.018248915625 0.6271745328125
1 0.7454719 1 0.717150309375 0.9584665328125 0.6679287 0.9006160703124999 0.65589948125 1 0.7454719 1
4 0.537964853125 0.776165390625 0.529605740625 0.7610899515625 0.5073099562500001 0.760731784375 0.4819344 0.7974194234375 0.482651025 0.8316925484375 0.5079944937499999 0.8615955718749999 0.5401644218749999 0.8653324375 0.5442766546875 0.8335841421874999 0.53759930625 0.8187933265625 0.537964853125 0.776165390625
4 0.5449671546875 1 0.5459760375 0.886807103125 0.46052196875 0.8433157437500001 0.4535784828125 0.8438482171875 0.4522798828125 0.8538739921875 0.42955123124999994 0.8568577515625 0.3577721171875 0.9830247765625 0.45807446093750004 1 0.5449671546875 1