3 0.5453125 0.8390625 0.5640625 0.871875 0.6 0.8734375 0.6046875 0.8828125 0.6359375 0.878125 0.6453125 0.8921875 0.653125 0.8921875 0.6578125 0.8765625 0.6828125 0.878125 0.6890625 0.89375 0.7078125 0.890625 0.7375 0.8984375 0.753125 0.909375 0.8140625 0.9203125 0.86875 0.940625 0.9140625 0.9890625 0.934375 0.9921875 0.9390625 0.9984375 0.9984375 0.9984375 0.996875 0.74375 0.871875 0.7140625 0.8125 0.7140625 0.778125 0.6953125 0.765625 0.696875 0.684375 0.671875 0.653125 0.6515625 0.6421875 0.6515625 0.6421875 0.6796875 0.6171875 0.684375 0.6453125 0.7125 0.65625 0.73125 0.6515625 0.740625 0.6203125 0.75 0.5640625 0.75 0.540625 0.7578125 0.45625 0.7609375 0.428125 0.7515625 0.40625 0.753125 0.409375 0.7953125 0.4359375 0.7921875 0.525 0.828125 0.5453125 0.8390625
4 0.41875 0.91796875 0.4109375 0.9625 0.4359375 0.9984375 0.5984375 0.9984375 0.596875 0.953125 0.584375 0.8921875 0.5890625 0.8875 0.540625 0.85625 0.5390625 0.8453125 0.5296875 0.8375 0.4578125 0.8140625 0.428125 0.821875 0.3984375 0.8453125 0.34375 0.8453125 0.340625 0.8703125 0.35 0.8796875 0.4078125 0.896875 0.41875 0.91796875
4 0.5421875 0.7515625 0.6140625 0.75 0.6484375 0.7375 0.6390625 0.7265625 0.54375 0.715625 0.5359375 0.7171875 0.540625 0.734375 0.5359375 0.746875 0.5421875 0.7515625
4 0.5453125 0.728125 0.54375 0.74375 0.559375 0.7453125 0.559375 0.728125 0.5453125 0.728125
4 0.5453125 0.70625 0.5484375 0.7140625 0.5765625 0.7140625 0.5734375 0.703125 0.5453125 0.70625
4 0.575 0.621875 0.5609375 0.6265625 0.55625 0.6421875 0.5515625 0.696875 0.571875 0.696875 0.578125 0.6875 0.575 0.621875
0 0.834375 0.6578125 0.8015625 0.65625 0.7859375 0.6828125 0.7875 0.70625 0.8484375 0.715625 0.853125 0.684375 0.834375 0.6578125
0 0.615625 0.6375 0.6109375 0.6453125 0.6109375 0.6765625 0.6375 0.678125 0.634375 0.64375 0.615625 0.6375
0 0.6765625 0.63125 0.6703125 0.640625 0.66875 0.653125 0.684375 0.6578125 0.6890625 0.634375 0.6765625 0.63125
0 0.7171875 0.634375 0.7078125 0.6375 0.703125 0.65 0.7046875 0.6734375 0.728125 0.6703125 0.7296875 0.6515625 0.7171875 0.634375
0 0.76875 0.6578125 0.7625 0.646875 0.7390625 0.64375 0.73125 0.6578125 0.728125 0.678125 0.7328125 0.684375 0.7671875 0.690625 0.76875 0.6578125