3 0.721875 0.65 0.703125 0.6375 0.7 0.7546875 0.7296875 0.7703125 0.73125 0.703125 0.721875 0.65
0 0.7359375 0.6578125 0.7328125 0.6796875 0.7328125 0.759375 0.7421875 0.7875 0.746875 0.65625 0.7359375 0.6578125
3 0.9984375 0.725 0.903125 0.7046875 0.9015625 0.7140625 0.9234375 0.74375 0.93125 0.7828125 0.9203125 0.840625 0.8984375 0.8515625 0.8625 0.8328125 0.815625 0.8359375 0.815625 0.8484375 0.9671875 0.9984375 0.9984375 0.9984375 0.9984375 0.725
0 0.871875 0.8296875 0.8875 0.8265625 0.8984375 0.84375 0.9140625 0.84375 0.928125 0.8046875 0.928125 0.7859375 0.9203125 0.74375 0.8921875 0.690625 0.85625 0.6453125 0.8375 0.6375 0.7890625 0.634375 0.790625 0.8328125 0.8125 0.8203125 0.846875 0.821875 0.871875 0.8296875
4 0.64375 0.9984375 0.6484375 0.99375 0.621875 0.8375 0.60625 0.7671875 0.596875 0.753125 0.596875 0.740625 0.603125 0.7359375 0.5921875 0.671875 0.596875 0.653125 0.5875 0.6203125 0.571875 0.6203125 0.5625 0.640625 0.546875 0.640625 0.534375 0.6515625 0.5546875 0.6640625 0.5375 0.696875 0.5375 0.7265625 0.53125 0.74375 0.5171875 0.75625 0.515625 0.775 0.5015625 0.7890625 0.4515625 0.9171875 0.4421875 0.921875 0.4359375 0.9390625 0.428125 0.9875 0.41875 0.99375 0.4234375 0.9984375 0.64375 0.9984375
4 0.590625 0.65625 0.584375 0.65 0.5671875 0.6484375 0.5609375 0.65625 0.5421875 0.6984375 0.5390625 0.721875 0.5078125 0.7734375 0.4375 0.9328125 0.4125 0.9984375 0.6515625 0.9984375 0.60625 0.76875 0.590625 0.65625
3 0.6375 0.6359375 0.6359375 0.671875 0.66875 0.7046875 0.6734375 0.634375 0.6375 0.6359375
0 0.6359375 0.6078125 0.6359375 0.6328125 0.65 0.6375 0.65 0.609375 0.6359375 0.6078125
0 0.671875 0.61875 0.659375 0.60625 0.65 0.60625 0.653125 0.6265625 0.66875 0.63125 0.671875 0.61875
0 0.8515625 0.634375 0.8953125 0.6890625 0.8921875 0.6390625 0.8734375 0.6296875 0.8515625 0.634375
4 0.2375 0.9875 0.246875 0.9984375 0.4140625 0.9984375 0.4421875 0.9140625 0.4078125 0.9015625 0.2890625 0.88125 0.2671875 0.9078125 0.25 0.9140625 0.2015625 0.9546875 0.2015625 0.965625 0.2125 0.9734375 0.2140625 0.9828125 0.2375 0.9875