3 0.8844457234374999 1 0.895569290625 0.9614488890624999 0.9096727171874999 0.8866468515625 0.879546934375 0.8791815843749999 0.8282114859374999 0.8126731890625001 0.8188516078125 0.810855684375 0.8173825015625 0.8186475625 0.8028459140624999 0.8271328546875001 0.78031254375 0.9552225812499999 0.809546259375 0.9802843578125 0.8206949546875 1 0.8844457234374999 1
0 0.8734084890625 0.8731433281250001 0.892037371875 0.8686835437499999 0.915143246875 0.8747856828125 0.9356895390625001 0.79154214375 0.9286802312500001 0.777257634375 0.8979774078125 0.7599877359375 0.8652178359375 0.753626465625 0.8543888515625 0.7596008390625 0.8421816328125 0.7814618875 0.8347452265624999 0.812326484375 0.8354934109375 0.851242090625 0.8562699171875 0.8439684703125 0.8734084890625 0.8731433281250001
0 0.8080226234375001 0.81683005625 0.8194604546875001 0.78189616875 0.8139202531249999 0.7598197796874999 0.80894649375 0.7604694015625 0.800131853125 0.8072206734374999 0.80178270625 0.8156183859375 0.8080226234375001 0.81683005625
3 0.7401741109375 0.7907317609375 0.715620334375 0.7665787374999999 0.69563441875 0.7610824328125 0.6888765265625 0.796925075 0.7622228343749999 0.8967852890625 0.7799429890625 0.8113775406249999 0.7401741109375 0.7907317609375
3 0.725728396875 0.807311846875 0.727491325 0.7979615921875001 0.7405588046875 0.7972681828125 0.7238957984375001 0.7827245421875 0.7218602515625 0.7677904078125 0.6931021015625001 0.7573598453125 0.6888765265625 0.796925075 0.725728396875 0.807311846875
0 0.7959002140625 0.7353200484375 0.7693805609375 0.7301704515624999 0.7390412296875 0.7452797359375001 0.733458625 0.774888875 0.7476801875 0.793804725 0.7591876875 0.7928083953125 0.7642523203125 0.8002535703125 0.784238234375 0.8057498734375 0.7979357625 0.7502541828125 0.7959002140625 0.7353200484375
3 0.6415106984375 0.7651115359375 0.6756273015625001 0.78142889375 0.6853234078125 0.7300024953124999 0.6590067015625001 0.7151997234375 0.6518853203125 0.71866318125 0.6415106984375 0.7651115359375
0 0.7211817359375 0.7628123640625 0.7298630984375001 0.7596518234375 0.7340674703125 0.745929359375 0.7251134890625 0.7248055109375 0.7129274750000001 0.7208237937499999 0.703364646875 0.728659459375 0.6983696828125 0.7551518484375 0.7211817359375 0.7628123640625
0 0.5465972953125 0.6852948640625 0.52878020625 0.6511419609375 0.4931036234375 0.634521684375 0.481596121875 0.6355180140625001 0.471739475 0.64491205625 0.4676259765625 0.6667293171875001 0.4856460125 0.691229046875 0.544225521875 0.723604634375 0.5597344453125 0.7185390125 0.5604341625 0.69767429375 0.5465972953125 0.6852948640625
0 0.35618890625 0.6402441265625 0.3776439265625 0.6379485500000001 0.3817574265625 0.616131290625 0.37689574062500003 0.5990329453125 0.3421914953125 0.5858323390625 0.3310686890625 0.5933650874999999 0.32557695625 0.6310690234375 0.35618890625 0.6402441265625
0 0.669926559375 0.7173201484375 0.686498690625 0.723768990625 0.691584528125 0.7053714015625 0.6796923328125 0.6998313078125 0.67413093125 0.703597684375 0.669926559375 0.7173201484375
4 0.5657089109375 1 0.5580533109375 0.9847585359375 0.58106225 0.871300025 0.5870022828125 0.7626042171875 0.57969915625 0.74987808125 0.5565932828125 0.74377594375 0.5442043187500001 0.7494473984375001 0.43955846562499995 0.8842085093750001 0.426854478125 0.9172811046874999 0.385664959375 0.9642075296874999 0.37784385781249996 0.9885357062500001 0.3797885328125 0.99537504375 0.40360636093749996 1 0.5657089109375 1
3 0.5977615984375 0.7226922828125 0.574361903125 0.7181485203125 0.559237675 0.7297505609375 0.5553271234375 0.7419146484375 0.5619517359375 0.7496627390625 0.6334169796875 0.7651553234375 0.6451698328125001 0.7028202953125 0.62778590625 0.7349841359375 0.6141307828125 0.7387943 0.5977615984375 0.7226922828125