3 0.9191269296875 1 0.94088974375 0.8574288484375 0.759745678125 0.7791022078125 0.7503266296875 0.777556375 0.7457512359375 0.7864466250000001 0.7106690890625 0.7790821609374999 0.689342096875 0.7659408703125 0.6888345484375 0.7481821265625 0.6365512109375 0.74281521875 0.6274004265625 0.7605957171875 0.6170060234375 0.8392327500000001 0.679781465625 0.9234508203124999 0.6887219453125 0.928131828125 0.696839415625 0.94874635625 0.7362842359374999 1 0.9191269296875 1
0 0.7932960687499999 0.7701466953125 0.788376240625 0.7918352859375 0.7921286249999999 0.798878553125 0.8591532390625 0.813092203125 0.8650591875 0.8060271796875 0.86441750625 0.77860526875 0.8495420984375001 0.7600953625 0.8152448734375 0.7528597203125 0.7932960687499999 0.7701466953125
1 0.733231234375 1 0.6307901578124999 0.8543498406250001 0.617858009375 0.8441931515625001 0.5848913375 0.8387827359375001 0.5923381484375 0.8110814312500001 0.5785250343749999 0.77507041875 0.5596579578124999 0.7510848328125 0.513251590625 0.7177589828125 0.508063496875 0.7201212421875 0.49521828437500004 0.7726463125 0.506141765625 0.9013808937500001 0.49431165312500003 0.9894234531249999 0.495136953125 1 0.733231234375 1
1 0.6377699875 0.228820434375 0.6420299218750001 0.253622446875 0.6345541328125 0.26042983125 0.6175251609375 0.2560282140625 0.6120977812499999 0.25995806250000003 0.6257767640624999 0.2863059078125 0.6347752015625 0.3327747578125 0.6430773125 0.5735592375 0.6268059390625 0.6801552125 0.58792586875 0.8505287671874999 0.5990488921875 0.8619954046875 0.610487371875 0.8397697828125 0.6511475890625 0.6471923578125 0.782264125 0.3891174859375 0.8113152984375 0.35692754843749996 0.8675505625 0.2520697828125 0.8840140265624999 0.1969248125 0.88078740625 0.13372777656249998 0.8929147625 0.08590546875 0.890492934375 0.080687428125 0.7020196171875 0.04975560625 0.6909127640625 0.0704287953125 0.6701314078125 0.0589839125 0.6702365609375 0.047753159375 0.6579171140625 0.0441244609375 0.6515325953125 0.054324657812499996 0.64869015625 0.094029634375 0.6577647671875 0.108373809375 0.644469965625 0.1849279734375 0.6460687859375 0.20607953281250002 0.6377699875 0.228820434375
0 0.7424194625 0.734480340625 0.7110226359375 0.7293275640625 0.6974016093750001 0.7447675578124999 0.69514289375 0.7701066015625 0.7433294078125 0.7812285828125 0.7487278078124999 0.7564048156250001 0.7424194625 0.734480340625
3 0.6097297734375 0.728772190625 0.5597631109375001 0.7398540796875 0.5734420921875001 0.7662019250000001 0.597497265625 0.7878252531250001 0.6097297734375 0.728772190625
0 0.59615594375 0.69119359375 0.57489601875 0.6828838828125 0.5658503875 0.689433628125 0.557819853125 0.7315008625 0.5934476359375 0.7405617328125 0.600894446875 0.7128604281250001 0.59615594375 0.69119359375
0 0.6687420687500001 0.711140559375 0.6535222234375 0.7054289953125 0.6408583390625 0.7145986375 0.6348472375 0.7328944140625 0.66009883125 0.7466798015625 0.6680531921874999 0.7367372421875 0.6687420687500001 0.711140559375
1 0 0.946862734375 0.0264316421875 0.9512006359375 0.0365596296875 0.9416148078125 0.0995346140625 0.908564934375 0.10639770156249999 0.8952295609375 0.1368084125 0.8857587703125 0.2061389375 0.821614778125 0.23402266562500001 0.8181567 0.2559714671875 0.8008697250000001 0.3090778125 0.790303115625 0.322938121875 0.773295534375 0.3529754140625 0.7557291640625 0.3685107171875 0.7277484671875001 0.3798332828125 0.6219471624999999 0.3723285125 0.6078606265625 0.3163979421875 0.5842196984375 0 0.40867003906250005 0 0.946862734375
1 0.20880005000000001 0.8252652312500001 0.1928913296875 0.845150353125 0.0353632046875 0.949452746875 0.033707253124999996 0.95239469375 0.277022071875 0.99232698125 0.3107453546875 0.9480489499999999 0.3586818203125 0.865932084375 0.4156929 0.79815939375 0.4244702671875 0.77228331875 0.44037898750000004 0.752398196875 0.440484140625 0.7411674421875001 0.42175119531250005 0.726845021875 0.374924215625 0.7384421890625 0.310169084375 0.79369593125 0.20880005000000001 0.8252652312500001
4 0.4922874109375 1 0.5058445218750001 0.8611606406250001 0.49984087187500004 0.7107374703125 0.481002775 0.7076458031249999 0.4617150875 0.72858323125 0.353149290625 0.8810926859375 0.344371921875 0.9069687625 0.316890590625 0.9394163375 0.290634659375 0.9849198953125 0.28998387187499997 0.9944542421874999 0.3237752015625 1 0.4922874109375 1
1 0.368750003125 0.726180878125 0.3761206390625 0.7306042484375 0.4008646859375 0.72663089375 0.4106281734375 0.715378384375 0.425568990625 0.606957184375 0.42362573125 0.598603965625 0.4021265203125 0.5918618453125 0.40028841562500006 0.5722778749999999 0.38216817187499996 0.5644834453125 0.37605191875 0.594009975 0.383451534375 0.6193272640624999 0.3819106734375 0.6399635453125 0.368750003125 0.726180878125