4 0.06084155 0.861871621875 0.06980547499999999 0.9231116953124999 0.348710175 0.9223977109374999 0.31894658593749997 0.9948390375 0.5538565671875 0.99073866875 0.7267996171875 0.9664156890625 0.8274515906250001 0.911615465625 0.8365123531249999 0.8166823750000001 0.62634650625 0.8285689609375 0.5560931109375 0.6140218859375 0.544234725 0.6174568125000001 0.46534446249999994 0.8264724859375001 0.06084155 0.861871621875
3 1 0.6537275765625 0.8922804609374999 0.6427272765625001 0.8437454171875001 0.62481326875 0.8131076015625001 0.6326565109375 0.6938852796874999 0.62645121875 0.6909755078125001 0.6427647734375 0.7020394109375 0.6942231265625 0.8874502765625 0.814819825 0.8964866109375 0.8524261671875 0.892650778125 0.8865414296875 0.852776759375 0.9398623328125 0.8246295421875001 0.9526567359375001 1 0.9279923625000001 1 0.6537275765625
1 0.5686973937500001 0.1934354453125 0.555825225 0.18994436718750002 0.5474273625 0.19289260156250002 0.5472177765625 0.20352495781250002 0.570369084375 0.3858193171875 0.6244408031249999 0.7793568750000001 0.635582709375 0.7830912999999999 0.6434736796875 0.7766800609375 0.599627521875 0.477130284375 0.5741854859375 0.20680076249999998 0.5686973937500001 0.1934354453125
1 0.60197183125 0.6499809484375 0.59108336875 0.647978025 0.5842061828125 0.6613152703125 0.5818033046875 0.6810918265625 0.60455986875 0.7521114671875 0.6147318515625 0.7612837453125 0.60197183125 0.6499809484375
1 0.8235963249999999 0.8008274390624999 0.8081896953125 0.78002134375 0.650506875 0.6678949578125 0.651817965625 0.6889163234375 0.6370498078125 0.7086648062500001 0.645710834375 0.7798997187500001 0.6336428640625 0.793967003125 0.6468562 0.8239172984375 0.7799206140625 0.8281758171875 0.8231771546875001 0.8220921499999999 0.8235963249999999 0.8008274390624999
3 0.6472559359375001 0.65774929375 0.683469565625 0.6879990874999999 0.6788198171875 0.632104340625 0.6671710156249999 0.6249069125 0.644424171875 0.6263389187499999 0.6472559359375001 0.65774929375
3 1 0.8181891374999999 0.8503105859375 0.8023717421875001 0.85175325625 0.8604846828125 0.8397730078125001 0.8992796843749999 0.8109093140624999 0.9192434390625 0.8050459109375 0.9395066890624999 0.7754218796875 0.9542759390625 0.7655033437500001 0.9468351640625 0.7640703859375 0.9611738703125001 1 0.9279923625000001 1 0.8181891374999999
3 1 0.6545181062500001 0.8779314765624999 0.641211046875 0.864762 0.623624609375 0.7898538609375 0.6306255140625 0.6916481250000001 0.6232315625 0.6894548328125001 0.6323757624999999 0.695834840625 0.6880271609374999 0.7045300109375 0.6991742859375 0.8421223093749999 0.794687621875 0.8782920781250001 0.8125735562499999 0.9289765546875 0.8089795046875 0.9722769546875 0.815259696875 1 0.8102862906249999 1 0.6545181062500001
1 0.37910925624999997 0.7078318875 0.3610901640625 0.7174347078125 0.346994625 0.7176499796875 0.3326017796875 0.7037698921875 0.3237408859375 0.71561898125 0.2606911328125 0.7191849578125 0.24258431875 0.7040600609375 0.2524151359375 0.6867731203125 0.249671090625 0.6800904609375 0.22000319687499997 0.6824958515625 0.215660471875 0.7131481125 0.22017863906250001 0.7319512828125 0.253813946875 0.732522203125 0.25457428437499996 0.7377167078125 0.3124332546875 0.734880771875 0.33201688281249997 0.7480308203125 0.3346390640625 0.79007355 0.31514315625 0.80165121875 0.197738815625 0.81993029375 0.17372473906250002 0.8127047921875 0.1309750921875 0.8222514609375 0.0550961265625 0.822619834375 0.0603528390625 0.8585328328124999 0.26809464375 0.85421400625 0.4695214609375 0.8188164390624999 0.45681501718749995 0.792329146875 0.48099481875 0.7765584359375 0.5137723515625 0.6747554859375 0.4784067828125 0.674427915625 0.4787040875 0.688523275 0.42379875 0.6874095140625001 0.4038398109375 0.7078880390625 0.37910925624999997 0.7078318875
1 0.1898039859375 0.813977675 0.20389952500000003 0.813762403125 0.31957360156250003 0.7957266749999999 0.3321484640625 0.7851223921875 0.3238286078125 0.7403466984375 0.043562634375 0.743824909375 0.0542672015625 0.8169567593749999 0.181615709375 0.806293553125 0.1898039859375 0.813977675
1 0.0423808703125 0.7357512796875 0.0564764078125 0.73553600625 0.060356103125000005 0.7137846031249999 0.051154042187500005 0.699174475 0.040772471875 0.7006345546875 0.0423808703125 0.7357512796875
1 0.06402621093750001 0.702665553125 0.059936931250000006 0.7350493140625 0.0779998828125 0.7378103515625 0.07959856562499999 0.70047543125 0.06402621093750001 0.702665553125
1 0.0895609625 0.7202800640625 0.0908281921875 0.728937571875 0.10395380781250001 0.7341601515625 0.15193810000000002 0.7362472999999999 0.15226955 0.690254871875 0.1440812734375 0.6825707484375 0.11492027187500001 0.6884391453125 0.10559635 0.709189090625 0.0895609625 0.7202800640625
1 0.44353838906250004 0.605111703125 0.45806281562500006 0.6560833640625 0.47317213750000003 0.6627940984375 0.4808096609375 0.6546513593750001 0.47041837343750004 0.58365979375 0.4498209609375 0.5635837390625 0.43846946875 0.570481671875 0.44353838906250004 0.605111703125
1 0.490499178125 0.527821196875 0.4783873484375 0.5295246234375 0.47125671718750006 0.5411303671875001 0.47797789375 0.6232409828125001 0.48946096875 0.6534346265625001 0.5104336921875 0.639882109375 0.5029618953125 0.625028634375 0.5151955890625 0.5879651375 0.5124076828125 0.5689186171875 0.490499178125 0.527821196875
1 0.160623553125 0.6749427781249999 0.17071753125 0.7318389843750001 0.2088271453125 0.7388492156249999 0.2143055203125 0.6797628890625 0.160623553125 0.6749427781249999
1 0.582222475 0.659827115625 0.5830169578125 0.6049338328125 0.5662456609375 0.47829086875 0.554972171875 0.4374648703125 0.5520624015625 0.453778425 0.582222475 0.659827115625
1 0.07025992812500001 0.9262164546875 0.080912625 0.9989939359375001 0.3138880984375 0.994927334375 0.328122478125 0.974773303125 0.345040065625 0.9335167609375 0.33685179062500004 0.9258326406249999 0.293088359375 0.928453303125 0.25497874375 0.9214430734375 0.1254187140625 0.9290617187500001 0.0771809734375 0.9252430687500001 0.07025992812500001 0.9262164546875