3 0.7936209234375 0.6647651906250001 0.7558421296875 0.66578194375 0.74204343125 0.67894924375 0.76417576875 0.8241496406250001 0.7828439734375 0.8118206750000001 0.8002778953125 0.8328718984375 0.8964052125 0.9035705703125 0.9048064734375 0.9275791796874999 0.9306986859374999 0.9315353984374999 0.9382901296874999 0.93986170625 0.994615840625 0.9312761953124999 0.9960109453125 0.6914781796875 0.987223896875 0.69057511875 0.9709672265625 0.677247321875 0.9314082984375001 0.676954840625 0.8986309921875 0.6693063671874999 0.8767699515625 0.6710579906249999 0.827678946875 0.691185334375 0.7997711468750001 0.6843751953125 0.7936209234375 0.6647651906250001
0 0.8516411187499999 0.6306322125 0.8169516953124999 0.631178065625 0.800637996875 0.65895388125 0.8064207890624999 0.6865227640625 0.8729457140625 0.6874466421875 0.8674268875 0.6408706390625001 0.8516411187499999 0.6306322125
3 0.6567753484375001 0.658754278125 0.6657224640625 0.7174523125000001 0.711638553125 0.7594512890625 0.70369026875 0.66582838125 0.6567753484375001 0.658754278125
3 0.7095480140625 0.724997315625 0.7032193671875 0.6627390125 0.656068996875 0.6541202234375 0.6618232749999999 0.7022409109375001 0.7003084187499999 0.7058582125 0.704913959375 0.7257036671875 0.7095480140625 0.724997315625
3 0.63601660625 0.636629271875 0.6174803843750001 0.6394546765625 0.618393671875 0.6661852234375 0.625457184375 0.7125257765625 0.6568217875 0.7109061375 0.64669741875 0.6444846796875 0.63601660625 0.636629271875
0 0.65690733125 0.6492507171875 0.67460521875 0.6512948187500001 0.6743982828124999 0.6291983265625001 0.6646592703125 0.6275216593749999 0.6547882781250001 0.6353485515624999 0.65690733125 0.6492507171875
0 0.6795032390625 0.6315813453125 0.678636390625 0.6570026578125 0.7040577015625 0.65786950625 0.696494775 0.628991390625 0.6795032390625 0.6315813453125
0 0.7403952796875 0.668136446875 0.751678975 0.669577665625 0.7505302375 0.641302434375 0.74176154375 0.6252527 0.736053703125 0.6292838703125 0.7403952796875 0.668136446875
3 0.71305125625 0.7687193999999999 0.7109607171875 0.7342654265624999 0.7014571562499999 0.73413344375 0.71305125625 0.7687193999999999
4 0.5437496328125 1 0.635531853125 0.9860099890624999 0.6167707734375 0.894035234375 0.6106205499999999 0.8744252296875 0.6001751859375 0.8681145062500001 0.601380953125 0.8552861234375 0.5883456359375 0.831983865625 0.5901078484375 0.760589434375 0.5788811828125 0.7180446046875 0.5606089265625 0.7018628859375 0.5165194093750001 0.7133250046875 0.5159165265625 0.7197391953125 0.53099594375 0.725343565625 0.507372690625 0.79848961875 0.48498371718750005 0.83825548125 0.468274071875 0.8945419812500001 0.446384515625 0.916845409375 0.4256436953125 0.9674240703124999 0.41623591718749997 1 0.5437496328125 1
3 0.6106132171875001 0.7084660890625 0.6060076765625 0.688620634375 0.558960771875 0.691050090625 0.5520471671875 0.70790964375 0.53529108125 0.7120442828125 0.55013505 0.7161039703125 0.6106132171875001 0.7084660890625