4 0.7765625 0.7453125 0.771875 0.7265625 0.7578125 0.74375 0.740625 0.75 0.7234375 0.790625 0.825 0.7890625 0.86875 0.78125 0.8078125 0.7734375 0.7765625 0.7453125
2 0.7609375 0.68125 0.7546875 0.684375 0.753125 0.709375 0.759375 0.73125 0.765625 0.69375 0.7609375 0.68125
3 1 0.8578125 0.8953125 0.7796875 0.81875 0.7953125 0.428125 0.784375 0.303125 0.775 0.2828125 0.796875 0.625 0.81875 1 0.915625 1 0.8578125
3 0.9984375 0.7578125 0.984375 0.728125 0.9609375 0.728125 0.934375 0.709375 0.8921875 0.7109375 0.8625 0.7 0.8375 0.7078125 0.8375 0.728125 0.846875 0.7390625 0.9984375 0.8453125 0.9984375 0.7578125
4 0.8171875 1 0.8046875 0.9265625 0.8484375 0.925 0.921875 0.9078125 0.8890625 0.8859375 0.7 0.8484375 0.6109375 1 0.8171875 1
0 0.2625 0.709375 0.25 0.7484375 0.2515625 0.7703125 0.2765625 0.7703125 0.2828125 0.7046875 0.2625 0.709375
0 0.3375 0.7765625 0.35625 0.76875 0.384375 0.7703125 0.396875 0.7328125 0.3890625 0.6828125 0.36875 0.675 0.3203125 0.675 0.303125 0.6796875 0.2890625 0.6921875 0.2875 0.7484375 0.29375 0.76875 0.325 0.765625 0.3375 0.7765625
0 0.153125 0.7890625 0.1671875 0.7796875 0.1640625 0.7375 0.103125 0.69375 0.046875 0.69375 0.0125 0.7125 0 0.721875 0.0015625 0.7875 0.0984375 0.7953125 0.153125 0.7890625
0 0.846875 0.6703125 0.8421875 0.6828125 0.853125 0.6875 0.859375 0.66875 0.846875 0.6703125
0 0.875 0.6703125 0.8703125 0.6765625 0.8671875 0.6953125 0.8859375 0.696875 0.8859375 0.6734375 0.875 0.6703125
0 0.9203125 0.6734375 0.9078125 0.6703125 0.8953125 0.68125 0.8953125 0.7078125 0.9265625 0.709375 0.928125 0.6859375 0.9203125 0.6734375
0 0.984375 0.66875 0.9609375 0.66875 0.9453125 0.6890625 0.9453125 0.721875 0.9796875 0.725 0.9984375 0.6859375 0.984375 0.66875
0 0.9984375 0.690625 0.9921875 0.6984375 0.9875 0.7390625 0.990625 0.7515625 0.9984375 0.7515625 0.9984375 0.690625