4 0.5469527171874999 1 0.551931303125 0.79246176875 0.6228746562499999 0.8062509125 0.625474675 0.7890416796874999 0.5710246531250001 0.7658557484374999 0.4295994421875 0.7303796218749999 0.37031857968750004 0.735293884375 0.45926331875 0.7684505140625 0.300195234375 0.9965288109375001 0.3333291734375 1 0.5469527171874999 1
3 0.6272439984375 0.7860485625 0.6335360015625 0.7056565921875 0.618427165625 0.691359853125 0.5824400265625 0.679643565625 0.5713469625 0.6784814296875 0.6056727093750001 0.7186299468749999 0.49297274843750005 0.7100017109375 0.41885994843749996 0.6958805296875 0.41384450937499995 0.727139859375 0.550884746875 0.75579965625 0.6272439984375 0.7860485625
1 0.47338664062499997 0.690468209375 0.5271749359375 0.6976924328125 0.53574465 0.6874655515625 0.50301925625 0.6745017359375 0.4744019375 0.67309295625 0.47338664062499997 0.690468209375
4 0.52603608125 0.662609890625 0.504804209375 0.6985273000000001 0.48998790156250005 0.7065105359375 0.5883330515625 0.715224165625 0.5396681234375 0.7021797249999999 0.5356367203125 0.6620264359375 0.52603608125 0.662609890625
3 0.9798652828125001 1 0.99185363125 0.794837590625 0.8353653015625 0.7442823187500001 0.8114254828125 0.771969846875 0.73320460625 0.746293628125 0.731973453125 0.7127906546875 0.6989711609375 0.7045655421875 0.692647896875 0.7309201484375001 0.6911867328125 0.7832119234375 0.698187353125 0.7998377062500001 0.7124654921875 0.8283505609375 0.8665951421875 1 0.9798652828125001 1
1 0.3145168 0.9535305093750001 0.34219549531250004 0.9437162906250001 0.37321260624999997 0.904056290625 0.4279693078125 0.8128492171874999 0.43596959375 0.7850810640625 0.430461396875 0.7702008703125001 0.4135832375 0.7588972468749999 0.368180059375 0.744605275 0.2502190203125 0.8260124390625 0.23944974375 0.9011676468750001 0.2226028421875 0.9439013890625001 0.23658845624999997 0.9501342671874999 0.3145168 0.9535305093750001
1 0.33683915937500003 0.7079479328125 0.3588406890625 0.713431340625 0.3707786 0.56370438125 0.35325434375000003 0.5634577359375 0.348238903125 0.594717065625 0.33683915937500003 0.7079479328125
3 0.3710569765625 0.7226573375 0.39464322812499997 0.7283067640625001 0.40293604375000003 0.7228185859375 0.4048743359375 0.6896476500000001 0.4014279890625 0.6940543171875 0.3666563765625 0.6888223234375 0.36517958125 0.71409541875 0.3710569765625 0.7226573375
1 0.40564399218749997 0.73104846875 0.4135676078125 0.7318785640625001 0.434782371875 0.505250809375 0.43187419531250004 0.473161384375 0.4154433828125 0.5906328984375 0.40564399218749997 0.73104846875
3 0.5026656890625001 0.7078386921875001 0.431537734375 0.6972086859375 0.41989087343750003 0.705523959375 0.41859867812499996 0.7276379171875 0.429784040625 0.727220484375 0.43416901250000006 0.734036815625 0.45597031406250005 0.715660678125 0.48906490468749997 0.7223062203125 0.48981893125 0.7366883546875 0.5026656890625001 0.7078386921875001
1 0.25058821875000004 0.8196941656250001 0.33174705000000004 0.7678055140625 0.34888647968750003 0.7473517484375 0.3513019 0.7333016515625 0.3471938265625 0.7217466156250001 0.3331159140625 0.7170933046875 0.1783057796875 0.746962934375 0.08220707968749999 0.7543770265624999 0.06637547499999999 0.7797355140625 0.0398200078125 0.7976135953125 0.03051189375 0.820477025 0.018957332812499998 0.8272127328125001 0.0095648375 0.8220000765625001 0.011000715625 0.94539915625 0.03831343125 0.9325409875 0.11205703281249998 0.9529804437499999 0.1406743546875 0.9543892234375001 0.1527983453125 0.9651947890624999 0.17172272500000002 0.9687665890625 0.197724396875 0.9603659203125 0.232649353125 0.9084014109374999 0.25058821875000004 0.8196941656250001
3 0.243509446875 0.667974975 0.21144578125 0.6709728609375001 0.21116888281250001 0.675711565625 0.223385171875 0.6849375625 0.324069071875 0.7081993468750001 0.3339466109375 0.702877190625 0.33496190625 0.6855019359375001 0.32274561875 0.676275940625 0.243509446875 0.667974975
1 0.6379820140625 0.656855990625 0.6435825109375 0.6701566156250001 0.6219516609375 0.822046596875 0.6385529234375 0.8380889249999999 0.6566309765625 0.828858159375 0.662630453125 0.7261862125 0.6716616640625 0.7080614890625 0.6773232015625 0.665745178125 0.6743525046875 0.5255810234375 0.687660759375 0.4888335171875 0.698367515625 0.30560358125 0.73272304375 0.23609779999999997 0.7396767750000001 0.17166753437499999 0.7523389328125 0.14597700625 0.7828945468749999 0.11421485 0.8092654156249999 0.09949590781249999 0.8318207421875 0.095501903125 0.8634229093749999 0.1004018578125 0.8622073859375 0.0939175640625 0.8304206171875 0.092176746875 0.7818636203125 0.1045714203125 0.7716935515625 0.0876136 0.78686343125 0.0462934078125 0.660580784375 0.03306374375 0.6578547375 0.043902821875 0.6194521765625 0.04623663125 0.6219201359375 0.0290135625 0.5814022 0.024768809375 0.5983126046875 0.0805744734375 0.6206066625 0.10833785781250001 0.61606835 0.1587180265625 0.6550403375 0.1739254875 0.6722266546875 0.23452777187499999 0.6447340374999999 0.4048745171875 0.6357497140625 0.5040552875000001 0.6402426171875 0.5363107328125001 0.6350582078125 0.5977478828125 0.6379820140625 0.656855990625
0 0.7361894546875 0.7497848031250001 0.8213953187499999 0.765068121875 0.82714915625 0.7211722453125 0.801393125 0.67079684375 0.7557130453124999 0.661243578125 0.73652739375 0.6894291640625 0.7318044828125 0.7429684734374999 0.7361894546875 0.7497848031250001
1 0.5446068921875 0.6995186453125 0.590194675 0.71065148125 0.5905638718749999 0.7043332062500001 0.56622359375 0.6843016453125 0.5514072859375 0.69228488125 0.5446068921875 0.6995186453125
1 0.54619161875 0.699684665625 0.5507611875 0.7033418609375001 0.591779396875 0.7108175 0.56631589375 0.6827220765625001 0.5516841859375 0.6875461765625 0.54619161875 0.699684665625
0 0.5847631468750001 0.6671730359375 0.5827169249999999 0.674904859375 0.593533090625 0.6808057 0.5957639109375 0.6699147390625 0.5847631468750001 0.6671730359375
0 0.62775090625 0.6955151046875 0.6339052015625 0.69933831875 0.632674046875 0.6658353421875 0.62775090625 0.6955151046875
1 0.6906783453124999 0.71005371875 0.6832162265624999 0.70132578125 0.6664459953125 0.715461271875 0.658154659375 0.8846411109375 0.6637551562499999 0.8979417359375 0.673263496875 0.8989378531250001 0.6801561875 0.8901245187500001 0.6837558734375 0.8285213499999999 0.6977258546875 0.8077355484375 0.6906783453124999 0.71005371875
0 0.678723325 0.669070334375 0.676692734375 0.7038208406249999 0.688816721875 0.7146264062500001 0.690662715625 0.6830350359375 0.678723325 0.669070334375
0 0.603779828125 0.6691652671874999 0.60154900625 0.680056228125 0.611057346875 0.6810523453124999 0.6116111453124999 0.6715749328125 0.603779828125 0.6691652671874999
1 0.8603200546875 1 0.740821546875 0.861516728125 0.7027725546875 0.8305135828125 0.6965259609375 0.8282699375 0.68963326875 0.8370832703125 0.6828641359375001 0.8983544 0.6634782578125 0.902680440625 0.654339115625 0.895366053125 0.6508615109375 0.845735353125 0.61655139375 0.8326055171875 0.6212899328125 0.8060848937499999 0.5564085750000001 0.7976985328125 0.548023459375 0.804766278125 0.5420552437499999 0.9614755890625 0.5478135843749999 1 0.8603200546875 1