1 0.6165522078125 1 0.878268890625 0.9786753203125 0.8810900593750001 0.973747778125 0.8707264125 0.9589333046874999 0.8097841390625 0.9137903843749999 0.733856915625 0.8307211765625 0.67583581875 0.7822084593749999 0.6544479937500001 0.76672634375 0.654187496875 0.787104146875 0.6483451453125 0.79384374375 0.6307785640625 0.7890115062499999 0.6274783171875 0.737606025 0.59894804375 0.7086128609375 0.579260346875 0.7196123578125 0.5540512796875 0.6934803640625 0.5445877 0.6926855671875 0.547848421875 0.7190400218749999 0.5424061 0.7320105875 0.572415528125 0.8329141921875 0.577876415625 0.89353896875 0.6065099234375 1 0.6165522078125 1
3 0.595326815625 0.701078465625 0.6245571421875 0.740975821875 0.6318600812499999 0.7325513265625 0.6282598109374999 0.6764726171875 0.617235634375 0.6758049781250001 0.595326815625 0.701078465625
3 0.6582111484375 0.678729853125 0.6540293984375001 0.686900034375 0.65344791875 0.7511489250000001 0.6609903984375001 0.770890940625 0.7436205171875 0.8361892 0.7609266 0.8613992406250001 0.8876324640625001 0.9779123750000001 0.9613462515625001 0.9719061734375 0.9714358546874999 0.7242895875 0.8940401203125001 0.711188890625 0.80820736875 0.71818254375 0.7829983015625 0.69205055 0.7476651265625 0.67927059375 0.7044684906249999 0.6906197093750001 0.6902231171875 0.6886486406250001 0.6801594921875 0.6785073921875 0.6582111484375 0.678729853125
0 0.8717917546875 0.7067381265625 0.864409765625 0.6650605656249999 0.8526855375 0.6534887328125001 0.8119100390625 0.6536793390625 0.791661821875 0.6803834125 0.7951225609375 0.709853353125 0.8105285 0.70546629375 0.823613309375 0.7137954875 0.8499434171875 0.708518328125 0.8630282250000001 0.716847521875 0.8717917546875 0.7067381265625
0 0.8731523343750001 0.7034954828125 0.8856370984374999 0.7024782265625 0.890679390625 0.6832766921875 0.8848975203125 0.6665230046875 0.8665308812499999 0.6492288328125 0.8540461171875 0.6502460906249999 0.8663703890625 0.6711643765625 0.8731523343750001 0.7034954828125
1 0.6463078624999999 0.615498221875 0.6380653296875 0.5848520140625 0.6350022296875 0.683752696875 0.63868155 0.7899334625 0.6493056953125 0.784370134375 0.6503267296875 0.751403240625 0.6463078624999999 0.615498221875
0 0.696265484375 0.6850245296875 0.7292380046875 0.6854697078124999 0.7250772140625 0.645095575 0.70458945625 0.6436331375 0.6917441890625 0.66347045625 0.696265484375 0.6850245296875
4 0.5990498796875 1 0.6007433953125 0.9809315265624999 0.5810371328125 0.9183356828125 0.565633584375 0.8005830828124999 0.5363846921875 0.6870903859374999 0.5234998984375 0.6818766765625 0.516196959375 0.6903011718750001 0.4549708375 0.8362200265625 0.4265381796875 0.9309242609374999 0.39874558125 1 0.5990498796875 1
1 0.5788603171875 0.7133813890625 0.5836421109375001 0.7145576609375001 0.5894844625 0.7078180640625 0.5845236140625001 0.6549819968749999 0.5774206875 0.666521975 0.5788603171875 0.7133813890625
1 0.543787640625 0.68022363125 0.5627148015625 0.6818132265625 0.5640358562500001 0.6535195578125 0.5529116734375 0.6512941750000001 0.5442481531250001 0.6629613125 0.543787640625 0.68022363125
0 0.589044909375 0.6765360671875 0.606811503125 0.6844837874999999 0.6049113625 0.6548866906249999 0.5997295375 0.647479453125 0.58880536875 0.64836955625 0.589044909375 0.6765360671875
1 0.38912738281250003 1 0.41525350625 0.950634421875 0.478300721875 0.784210609375 0.485464128125 0.74917734375 0.4818429 0.7416429484375 0.487685253125 0.7349033515625 0.48386400937499996 0.7242534734375 0.47732160468749996 0.7200888765625 0.46311575468750005 0.7431688375000001 0.43316441875 0.7409116015625 0.4030921140625 0.7856409375 0.3325443375 0.83523410625 0.309974990625 0.87465443125 0.281923796875 0.901994290625 0.28242383437499996 0.909783 0.237706128125 0.9463103015625001 0.2175183953125 0.9495210890625 0.21337617031249997 0.9827422984374999 0.199244771875 1 0.38912738281250003 1
1 0.44016733593749996 0.7278138796875 0.433064409375 0.739353859375 0.44478863906250005 0.75092569375 0.4557128078125 0.7500355921875 0.46139466875 0.7652315375 0.4786612265625 0.76539055 0.512875753125 0.6874400046875 0.497169790625 0.687153834375 0.44016733593749996 0.7278138796875