1 0.925 0.9796875 0.875 0.921875 0.65625 0.6984375 0.6375 0.6890625 0.584375 0.690625 0.5828125 0.7078125 0.6390625 0.9984375 0.93125 0.9984375 0.925 0.9796875
3 0.7859375 0.815625 0.79375 0.8328125 0.946875 0.984375 0.9546875 0.9828125 0.9703125 0.9984375 0.9984375 0.9984375 0.9984375 0.7171875 0.953125 0.7046875 0.93125 0.684375 0.8796875 0.6734375 0.8390625 0.66875 0.8125 0.7015625 0.8015625 0.7015625 0.7953125 0.6921875 0.778125 0.696875 0.7484375 0.69375 0.73125 0.6609375 0.671875 0.6625 0.6703125 0.70625 0.6875 0.725 0.759375 0.7875 0.7859375 0.815625
0 0.79375 0.6890625 0.8046875 0.7 0.8125 0.696875 0.8171875 0.6484375 0.8109375 0.6296875 0.7953125 0.6203125 0.75625 0.615625 0.734375 0.6359375 0.73125 0.653125 0.7390625 0.6875 0.7578125 0.6921875 0.79375 0.6890625
0 0.8109375 0.6265625 0.815625 0.675 0.825 0.684375 0.8296875 0.65 0.8109375 0.6265625
3 0.659375 0.6421875 0.6375 0.646875 0.6375 0.678125 0.6484375 0.684375 0.6578125 0.7015625 0.659375 0.6421875
3 0.7234375 0.7328125 0.740625 0.71875 0.7296875 0.6609375 0.703125 0.6625 0.6875 0.65625 0.6671875 0.6609375 0.66875 0.7109375 0.675 0.7109375 0.6890625 0.7296875 0.7234375 0.7328125
0 0.696875 0.628125 0.6765625 0.634375 0.675 0.65625 0.703125 0.6578125 0.703125 0.634375 0.696875 0.628125
0 0.6484375 0.615625 0.6390625 0.6171875 0.640625 0.6375 0.6515625 0.6421875 0.6546875 0.625 0.6484375 0.615625
0 0.7203125 0.621875 0.7078125 0.6265625 0.70625 0.653125 0.728125 0.653125 0.728125 0.6359375 0.7203125 0.621875
1 0.4078125 0.9734375 0.4171875 0.9328125 0.46875 0.83125 0.4890625 0.775 0.46875 0.765625 0.415625 0.7578125 0.325 0.8484375 0.30625 0.853125 0.2390625 0.915625 0.215625 0.9515625 0.159375 0.9984375 0.3953125 0.9984375 0.4078125 0.9734375
4 0.5515625 0.671875 0.5296875 0.6890625 0.4125 0.9546875 0.4046875 0.9984375 0.634375 0.9984375 0.5796875 0.6890625 0.5515625 0.671875
4 0.5 0.7515625 0.4390625 0.740625 0.4171875 0.7484375 0.41875 0.759375 0.4890625 0.775 0.5 0.75625 0.5 0.7515625
1 0.4984375 0.6265625 0.4875 0.6265625 0.4765625 0.64375 0.4390625 0.6578125 0.4296875 0.6890625 0.4265625 0.7359375 0.4390625 0.73125 0.4984375 0.6734375 0.4984375 0.6265625
1 0.509375 0.66875 0.4875 0.684375 0.4421875 0.7390625 0.4984375 0.75 0.5359375 0.66875 0.509375 0.66875
1 0.4046875 0.7625 0.4140625 0.7421875 0.4109375 0.665625 0.246875 0.7078125 0.24375 0.7328125 0.2234375 0.75 0.215625 0.8265625 0.215625 0.9359375 0.2921875 0.8578125 0.34375 0.825 0.4046875 0.7625
1 0 0.9984375 0.115625 0.9984375 0.1671875 0.98125 0.2078125 0.9484375 0.228125 0.4609375 0.209375 0.4390625 0.1421875 0.4390625 0.1296875 0.6609375 0 0.6703125 0 0.9984375