1 0.496875 0.3046875 0.4953125 0.3109375 0.49375 0.65625 0.4984375 0.6546875 0.503125 0.603125 0.496875 0.3046875
1 0.43125 0.590625 0.4265625 0.5859375 0.4109375 0.725 0.409375 0.7703125 0.4140625 0.775 0.428125 0.7109375 0.43125 0.590625
3 0.584375 0.6796875 0.46875 0.66875 0.465625 0.69375 0.58125 0.709375 0.584375 0.6796875
3 0.4375 0.6890625 0.4578125 0.690625 0.4546875 0.6703125 0.434375 0.6671875 0.4375 0.6890625
1 0.5390625 0.6375 0.5234375 0.6140625 0.4609375 0.6109375 0.4625 0.6703125 0.5203125 0.66875 0.5265625 0.6640625 0.5390625 0.6375
4 0.58125 0.678125 0.5875 0.659375 0.5703125 0.6625 0.5640625 0.609375 0.546875 0.621875 0.525 0.6734375 0.58125 0.678125
1 0.5703125 0 0.5703125 0.009375 0.553125 0.0203125 0.5734375 0.04375 0.5734375 0.065625 0.584375 0.0671875 0.5890625 0.0765625 0.5796875 0.0796875 0.584375 0.109375 0.575 0.11875 0.5640625 0.1125 0.546875 0.128125 0.5328125 0.1296875 0.5328125 0.1734375 0.55625 0.203125 0.5890625 0.21875 0.584375 0.2265625 0.59375 0.2296875 0.5984375 0.2640625 0.59375 0.26875 0.5953125 0.2984375 0.6484375 0.3484375 0.671875 0.384375 0.7 0.4796875 0.696875 0.496875 0.703125 0.5015625 0.7296875 0.57578125 0.7296875 0.625 0.734375 0.634375 0.740625 0.634375 0.75 0.603125 0.7484375 0.56875 0.7671875 0.5171875 0.7640625 0.509375 0.7796875 0.4890625 0.784375 0.465625 0.7984375 0.45 0.8265625 0.3578125 0.8640625 0.3109375 0.8578125 0.2390625 0.871875 0.2015625 0.871875 0.184375 0.9421875 0.1296875 0.9578125 0.1046875 0.94375 0.0125 0.9328125 0 0.5703125 0
1 0.403125 0.4390625 0.3953125 0.44375 0.3921875 0.5140625 0.3875 0.5171875 0.3859375 0.809375 0.3921875 0.8109375 0.396875 0.7953125 0.403125 0.4390625
1 0.4578125 0.6921875 0.4578125 0.5234375 0.45625 0.5296875 0.4578125 0.6921875
1 0.434375 0.6078125 0.43125 0.61875 0.43125 0.6703125 0.453125 0.6703125 0.4546875 0.6109375 0.434375 0.6078125
2 0.54375 0.6234375 0.5484375 0.5984375 0.5390625 0.5875 0.54375 0.6234375
3 0.9890625 0.7453125 0.9828125 0.69375 0.9046875 0.678125 0.86875 0.675 0.8640625 0.6796875 0.8671875 0.8765625 0.9984375 0.9953125 0.9984375 0.7625 0.9890625 0.7453125
0 0.9890625 0.6578125 0.9875 0.7265625 0.9984375 0.7578125 0.9984375 0.634375 0.9890625 0.6578125
0 0.8984375 0.671875 0.8984375 0.6375 0.884375 0.6125 0.85 0.6140625 0.8484375 0.621875 0.8640625 0.6375 0.8703125 0.671875 0.8984375 0.671875
4 0.603125 1 0.575 0.7109375 0.496875 0.7 0.3640625 1 0.603125 1
1 0.584375 0.8046875 0.590625 0.8140625 0.615625 0.8109375 0.61875 0.771875 0.6203125 0.721875 0.5984375 0.7140625 0.5984375 0.7375 0.590625 0.7546875 0.5796875 0.7609375 0.584375 0.8046875
1 0.590625 0.753125 0.5953125 0.7484375 0.5953125 0.45 0.596875 0.4375 0.609375 0.4296875 0.609375 0.3421875 0.590625 0.3046875 0.575 0.3421875 0.5734375 0.4328125 0.5859375 0.45542279375000005 0.5828125 0.75 0.590625 0.753125
3 0.625 0.675 0.59375 0.6796875 0.5984375 0.7125 0.621875 0.7140625 0.625 0.675
4 0.61875 0.665625 0.60625 0.659375 0.6 0.6578125 0.6015625 0.678125 0.61875 0.665625
1 0.684375 0.9203125 0.7 0.93125 0.8 0.9578125 0.825 0.9546875 0.8359375 0.9421875 0.8484375 0.9515625 0.85625 0.95 0.865625 0.9203125 0.8578125 0.6734375 0.8125 0.6265625 0.7953125 0.6203125 0.7703125 0.6265625 0.7625 0.6359375 0.7359375 0.6375 0.7109375 0.6359375 0.696875 0.628125 0.6265625 0.6265625 0.61875 0.80625 0.6453125 0.903125 0.659375 0.915625 0.684375 0.9203125
1 0.4640625 0.8015625 0.48125 0.7671875 0.4703125 0.7234375 0.43125 0.7140625 0.2953125 0.840625 0.2828125 0.8609375 0.25 0.8890625 0.1890625 0.959375 0.140625 0.99375 0.1390625 0.9984375 0.359375 0.9984375 0.421875 0.8515625 0.4640625 0.8015625
1 0.95 0.9859375 0.878125 0.91875 0.859375 0.9546875 0.8453125 0.953125 0.83125 0.9609375 0.7875 0.959375 0.7421875 0.94375 0.715625 0.94375 0.68125 0.9328125 0.653125 0.915625 0.609375 0.925 0.6046875 0.9390625 0.6109375 0.9984375 0.953125 0.9984375 0.95 0.9859375
1 0 0.9984375 0.1234375 0.9984375 0.1421875 0.9859375 0.14375 0.9765625 0.1578125 0.9734375 0.159375 0.965625 0.1734375 0.9578125 0.1734375 0.9484375 0.1859375 0.940625 0.2328125 0.8828125 0.253125 0.878125 0.2546875 0.8703125 0.278125 0.8546875 0.290625 0.8359375 0.334375 0.803125 0.3421875 0.665625 0.3296875 0.65 0.2203125 0.6671875 0.215625 0.6875 0.2046875 0.6859375 0.1859375 0.7 0.153125 0.6796875 0.0203125 0.7 0 0.7140625 0 0.9984375
1 0.428125 0.58125 0.425 0.46875 0.4203125 0.4515625 0.4109375 0.4453125 0.4046875 0.45 0.403125 0.49375 0.4015625 0.596875 0.4078125 0.60625 0.4203125 0.6015625 0.428125 0.58125