3 0.7234375 0.703125 0.6890625 0.7 0.6546875 0.684375 0.6484375 0.7 0.6484375 0.7515625 0.7109375 0.83125 0.7171875 0.815625 0.7234375 0.703125
3 0.7921875 0.9125 0.796875 0.915625 0.84375 0.965625 0.84375 0.9828125 0.88125 0.9984375 0.9984375 0.9984375 0.9984375 0.76875 0.99375 0.7671875 0.9984375 0.7546875 0.99375 0.746875 0.8796875 0.7140625 0.84375 0.7125 0.76875 0.728125 0.7671875 0.884375 0.775 0.9203125 0.7796875 0.9234375 0.7921875 0.9125
3 0.85 0.7390625 0.8453125 0.7328125 0.8453125 0.746875 0.8765625 0.746875 0.8640625 0.7359375 0.85 0.7390625
3 0.7 0.79375 0.7015625 0.7796875 0.71875 0.7796875 0.6953125 0.7671875 0.675 0.765625 0.6890625 0.775 0.6875 0.79375 0.69375 0.796875 0.7 0.79375
3 0.815625 0.740625 0.7984375 0.73125 0.775 0.7296875 0.7703125 0.7359375 0.7828125 0.746875 0.80625 0.7484375 0.815625 0.740625
3 0.628125 0.66875 0.6046875 0.6796875 0.60625 0.7359375 0.6375 0.7375 0.6375 0.6734375 0.628125 0.66875
4 0.553125 0.8671875 0.55625 0.853125 0.5484375 0.840625 0.5546875 0.7796875 0.546875 0.734375 0.5328125 0.725 0.5234375 0.7328125 0.5125 0.7203125 0.5046875 0.7203125 0.4890625 0.7640625 0.434375 0.853125 0.41875 0.865625 0.4078125 0.896875 0.375 0.93125 0.3609375 0.9609375 0.3390625 0.9859375 0.3359375 0.9984375 0.565625 0.9984375 0.559375 0.8859375 0.553125 0.8671875
3 0.5828125 0.7296875 0.5859375 0.7171875 0.584375 0.703125 0.540625 0.6953125 0.5140625 0.7171875 0.4953125 0.7125 0.4921875 0.7203125 0.4984375 0.7234375 0.571875 0.73125 0.5828125 0.7296875
3 0.7203125 0.7578125 0.7234375 0.7 0.690625 0.6984375 0.65 0.68125 0.6453125 0.6859375 0.646875 0.753125 0.6640625 0.7640625 0.6984375 0.7515625 0.7203125 0.7578125
0 0.79375 0.678125 0.7734375 0.675 0.7703125 0.684375 0.76875 0.7203125 0.8 0.7265625 0.8046875 0.7015625 0.79375 0.678125
0 0.5875 0.640625 0.578125 0.6421875 0.5765625 0.6734375 0.590625 0.6796875 0.5953125 0.65 0.5875 0.640625
0 0.6765625 0.659375 0.665625 0.653125 0.659375 0.65625 0.653125 0.6765625 0.6734375 0.684375 0.678125 0.6796875 0.6765625 0.659375
0 0.709375 0.659375 0.6890625 0.6625 0.6859375 0.6734375 0.6875 0.69375 0.7171875 0.696875 0.725 0.6890625 0.709375 0.659375