3 0.9984375 0.9984375 0.9984375 0.7828125 0.940625 0.7765625 0.915625 0.765625 0.8984375 0.7328125 0.7234375 0.68125 0.65 0.675 0.6421875 0.6875 0.6234375 0.6734375 0.6109375 0.671875 0.596875 0.6890625 0.696875 0.8015625 0.721875 0.8296875 0.8671875 0.9984375 0.9984375 0.9984375
0 0.9984375 0.7703125 0.9984375 0.6953125 0.99375 0.6921875 0.9671875 0.6828125 0.946875 0.684375 0.934375 0.690625 0.909375 0.7203125 0.9125 0.75625 0.9546875 0.7640625 0.965625 0.775 0.9984375 0.7703125
0 0.8671875 0.671875 0.834375 0.6671875 0.8171875 0.6859375 0.8171875 0.7125 0.8796875 0.7125 0.88125 0.6953125 0.8671875 0.671875
1 0.825 0.946875 0.7421875 0.8625 0.7015625 0.8125 0.6453125 0.7578125 0.621875 0.75 0.621875 0.728125 0.6046875 0.7078125 0.5828125 0.7125 0.575 0.7046875 0.5546875 0.70625 0.546875 0.7234375 0.590625 0.9984375 0.859375 0.9953125 0.825 0.946875
0 0.771875 0.6546875 0.74375 0.6515625 0.73125 0.6671875 0.7328125 0.7 0.7765625 0.7046875 0.778125 0.6765625 0.771875 0.6546875
1 0.59375 0.6546875 0.5875 0.6296875 0.5828125 0.6578125 0.58125 0.7046875 0.5875 0.709375 0.5921875 0.703125 0.59375 0.6546875
0 0.6 0.653125 0.5953125 0.6625 0.5984375 0.6765625 0.603125 0.6734375 0.6 0.653125
1 0.646875 0.60625 0.64375 0.56875 0.634375 0.571875 0.6265625 0.709375 0.625 0.771875 0.6328125 0.775 0.6375 0.7703125 0.646875 0.60625
0 0.6734375 0.653125 0.6609375 0.6578125 0.6609375 0.68125 0.6765625 0.68125 0.6796875 0.671875 0.6734375 0.653125
0 0.621875 0.6453125 0.6203125 0.6640625 0.6265625 0.6671875 0.6296875 0.6421875 0.621875 0.6453125
4 0.575 0.903125 0.5625 0.8484375 0.55625 0.7421875 0.54375 0.7328125 0.546875 0.7125 0.5421875 0.7 0.546875 0.6921875 0.5421875 0.6796875 0.528125 0.6796875 0.5078125 0.7109375 0.3828125 0.984375 0.38125 0.99375 0.3875 0.9984375 0.584375 0.9984375 0.575 0.903125
1 0 0.928125 0.0046875 0.9359375 0.0125 0.9359375 0.021875 0.921875 0.04375 0.9203125 0.046875 0.9109375 0.0796875 0.896875 0.090625 0.8984375 0.09375 0.9359375 0.1015625 0.95 0.1296875 0.9578125 0.1984375 0.9265625 0.2140625 0.928125 0.234375 0.9203125 0.2703125 0.884375 0.2875 0.85625 0.31875 0.8375 0.35625 0.7953125 0.434375 0.7359375 0.4390625 0.721875 0.4375 0.6625 0.44375 0.646875 0.434375 0.6140625 0.384375 0.60625 0.221875 0.5578125 0.184375 0.5609375 0.1578125 0.55 0.09375 0.546875 0.0390625 0.5359375 0.0078125 0.5390625 0 0.540625 0 0.928125
1 0.3140625 0.9734375 0.3875 0.965625 0.4359375 0.871875 0.4578125 0.809375 0.4890625 0.753125 0.503125 0.7046875 0.48125 0.7015625 0.446875 0.7171875 0.4140625 0.7609375 0.3625 0.7921875 0.3421875 0.8203125 0.284375 0.8625 0.271875 0.8890625 0.2453125 0.91875 0.2 0.9296875 0.1765625 0.946875 0.1734375 0.9734375 0.184375 0.978125 0.19921875 0.971875 0.3140625 0.9734375