3 0.6921875 0.696875 0.66875 0.69375 0.6546875 0.6625 0.63125 0.659375 0.6265625 0.6640625 0.63125 0.7015625 0.6859375 0.753125 0.6921875 0.696875
3 0.9984375 0.7421875 0.9578125 0.7390625 0.9546875 0.99375 0.959375 0.9984375 0.9984375 0.9984375 0.9984375 0.7421875
3 0.9390625 0.984375 0.9375 0.7328125 0.9171875 0.7296875 0.9125 0.7046875 0.90625 0.7015625 0.896875 0.7 0.8921875 0.7125 0.8359375 0.7203125 0.8125 0.715625 0.803125 0.6953125 0.7390625 0.6796875 0.7375 0.7625 0.74375 0.8109375 0.8609375 0.909375 0.9390625 0.984375
4 0.5796875 0.875 0.58125 0.825 0.5671875 0.771875 0.5609375 0.6703125 0.5546875 0.659375 0.53125 0.6734375 0.4734375 0.7875 0.453125 0.79375 0.4390625 0.8453125 0.4390625 0.8984375 0.4203125 0.915625 0.390625 0.978125 0.3859375 0.9984375 0.58125 0.9984375 0.5875 0.9578125 0.5796875 0.875
0 0.9421875 0.721875 0.9390625 0.675 0.9328125 0.6734375 0.91875 0.6859375 0.9171875 0.721875 0.9265625 0.7296875 0.9359375 0.7203125 0.9421875 0.721875
0 0.9984375 0.659375 0.95625 0.65625 0.95625 0.734375 0.9828125 0.728125 0.9984375 0.7359375 0.9984375 0.659375
0 0.8859375 0.7234375 0.890625 0.6875 0.8734375 0.6609375 0.83125 0.65625 0.8125 0.6828125 0.8125 0.7125 0.8453125 0.7203125 0.8609375 0.715625 0.8859375 0.7234375
0 0.6765625 0.640625 0.6671875 0.65625 0.6671875 0.6875 0.6921875 0.690625 0.6953125 0.64375 0.6765625 0.640625
0 0.7703125 0.65 0.7578125 0.6609375 0.75625 0.68125 0.775 0.6828125 0.7828125 0.653125 0.7703125 0.65
0 0.8171875 0.65 0.7984375 0.6453125 0.7796875 0.6671875 0.778125 0.684375 0.80625 0.69375 0.821875 0.659375 0.8171875 0.65
0 0.6171875 0.6328125 0.60625 0.634375 0.603125 0.6421875 0.6046875 0.6609375 0.621875 0.65625 0.6234375 0.64375 0.6171875 0.6328125