1 0.9154452453124999 1 0.698869375 0.7858913359375 0.6776277828125 0.7753357875 0.618715640625 0.7767308203125001 0.6177584125 0.795849965625 0.6654196531250001 1 0.9154452453124999 1
3 0.98904166875 1 0.99172426875 0.76945801875 0.9458132203125 0.7595137359375 0.9004966421875 0.7540336125 0.8724896609374999 0.7903811203125 0.8603461375 0.7903102984375 0.8529828546875 0.7798356859375 0.8341122390625 0.784941465625 0.801009871875 0.7812711890624999 0.7804427578124999 0.744640396875 0.7145914624999999 0.7459949625 0.7148359140625 0.7946775125000001 0.7347668421875 0.815657090625 0.8173946296875 0.88568344375 0.8481584140624999 0.91715786875 0.85760991875 0.9363377171874999 0.9239695609374999 1 0.98904166875 1
0 0.8637450265625001 0.788591509375 0.8722775984375 0.7851640484375 0.8752906609375 0.7312846609375 0.86750325625 0.710375903125 0.84973124375 0.6998405875 0.80614945625 0.6943705796875 0.7827813406249999 0.71683625 0.7800893234374999 0.735945278125 0.7903183874999999 0.7742543890625 0.8113479187499999 0.77959286875 0.8511066921875001 0.7763475203125 0.8637450265625001 0.788591509375
0 0.8673618828125 0.7068978546875 0.8747575546874999 0.7608379484375 0.8855904125 0.7713327953125 0.8892396609375 0.733104621875 0.8673618828125 0.7068978546875
3 0.677132971875 0.76316261875 0.689559246875 0.770189534375 0.700745540625 0.7893795031249999 0.6997942140625 0.7233067125 0.675719228125 0.7283821406250001 0.677132971875 0.76316261875
3 0.74928724375 0.7461973078125 0.731656603125 0.7391400390625 0.7093164062499999 0.7442255859375 0.7133131859375 0.7998844671875001 0.72025234375 0.7999249359375 0.7367136921874999 0.8208842796875 0.7750204265625 0.8245849078124999 0.7934669203125 0.8090449843749999 0.7787079703125 0.7446302796875 0.74928724375 0.7461973078125
0 0.717778290625 0.7390591015625 0.74907518125 0.7409802359375 0.7480148734375 0.7148948796875 0.7407929656250001 0.7078983125 0.7185234578124999 0.714722884375 0.717778290625 0.7390591015625
0 0.67876468125 0.7179682328125 0.6911202671875001 0.723256125 0.6938122859375 0.704147096875 0.6864490078125 0.6936724843750001 0.676110959375 0.6953508046875 0.67876468125 0.7179682328125
0 0.752332696875 0.7357834000000001 0.7766197453125 0.7359250421875 0.7758421859375 0.7167957796875 0.7665320546875 0.7010939781250001 0.752865803125 0.7062301109375 0.752332696875 0.7357834000000001
1 0.4651652234375 1 0.49670309843749993 0.9324942859375 0.51671061875 0.8700209531249999 0.4937342359375 0.8594552828124999 0.4343979703125 0.850416175 0.33788006249999997 0.950692753125 0.31727465625 0.9557884156249999 0.2713729609375 1 0.4651652234375 1
4 0.6622203812499999 1 0.6134405859375 0.7749614453125 0.5814368234375 0.75565006875 0.5579273359375 0.7746376890625 0.46767369687500004 1 0.6622203812499999 1
4 0.52779383125 0.8440064140624999 0.459642246875 0.8314386703125001 0.43570863437499996 0.839992146875 0.4379382359375 0.8521754328125001 0.51671061875 0.8700209531249999 0.52800589375 0.8492234859375 0.52779383125 0.8440064140624999
1 0.4469008328125 0.7739901796875001 0.44555187343749997 0.8261406609374999 0.4592181234375 0.8210045296875 0.52252468125 0.7570451031250001 0.5204040640625001 0.7048743875000001 0.5082605390625 0.7048035640625 0.49689457656249997 0.7238620046875 0.4558958234375 0.7392704046875 0.4469008328125 0.7739901796875001
1 0.46304113750000003 0.8297198828125 0.52598835625 0.8422572734375 0.5639475578125 0.7520708468749999 0.5344561437500001 0.7518988531249999 0.51087596875 0.7691474484375 0.46304113750000003 0.8297198828125
1 0.265041775 1 0.30187361562500004 0.96091443125 0.357637221875 0.9247288031249999 0.42246650937499997 0.8555624234374999 0.431956309375 0.833015815625 0.42502305625 0.7477834125 0.2447787546875 0.7936747359375 0.2424401734375 0.821478884375 0.22066547500000003 0.8404766203125 0.2154552046875 0.925638203125 0.2184778375 1 0.265041775 1
1 0.21235106250000002 1 0.212792703125 0.5187875546875 0.19098561249999998 0.4943198125 0.11638968125 0.4938847671875 0.1125489578125 0.74074521875 0.0035791687500000002 0.74802771875 0.013821251562500001 1 0.21235106250000002 1