4 0.6609375 0.9734375 0.65 0.875 0.6453125 0.75 0.634375 0.7453125 0.6015625 0.75 0.575 0.7859375 0.553125 0.8421875 0.5078125 0.915625 0.4765625 0.98125 0.478125 0.9984375 0.6546875 0.996875 0.6609375 0.9734375
3 0.784375 0.73125 0.75 0.7234375 0.7421875 0.7125 0.7203125 0.721875 0.7203125 0.75625 0.7390625 0.759375 0.7796875 0.7828125 0.784375 0.73125
3 0.8625 0.8609375 0.9125 0.9234375 0.934375 0.928125 0.9984375 0.9875 0.9984375 0.80625 0.9828125 0.76875 0.9703125 0.765625 0.965625 0.771875 0.9515625 0.7734375 0.93125 0.7625 0.915625 0.7765625 0.9015625 0.7640625 0.8609375 0.771875 0.8515625 0.75625 0.8453125 0.759375 0.8296875 0.7453125 0.8046875 0.7421875 0.803125 0.803125 0.809375 0.81875 0.8140625 0.8171875 0.8625 0.8609375
0 0.8671875 0.76875 0.89375 0.7609375 0.9109375 0.7671875 0.9125 0.7734375 0.921875 0.771875 0.925 0.7296875 0.8953125 0.684375 0.85 0.6796875 0.8421875 0.684375 0.8359375 0.7015625 0.8296875 0.7265625 0.8375 0.759375 0.85625 0.7546875 0.8671875 0.76875
0 0.9859375 0.765625 0.9984375 0.7109375 0.9984375 0.675 0.978125 0.678125 0.9625 0.6890625 0.95 0.703125 0.9453125 0.7234375 0.946875 0.765625 0.9578125 0.7671875 0.9671875 0.759375 0.9859375 0.765625
0 0.7828125 0.678125 0.7703125 0.68125 0.7625 0.69375 0.7625 0.7234375 0.790625 0.725 0.790625 0.6828125 0.7828125 0.678125
0 0.8171875 0.690625 0.80625 0.709375 0.8078125 0.7390625 0.828125 0.7421875 0.8390625 0.690625 0.8171875 0.690625
0 0.6015625 0.740625 0.6109375 0.7421875 0.6203125 0.740625 0.6375 0.7234375 0.63125 0.6984375 0.5828125 0.65625 0.565625 0.6484375 0.5265625 0.6515625 0.5125 0.6703125 0.5125 0.709375 0.525 0.7203125 0.5875 0.725 0.6015625 0.740625
0 0.390625 0.6515625 0.384375 0.6375 0.3734375 0.6328125 0.3640625 0.6109375 0.3515625 0.6140625 0.3515625 0.6796875 0.3640625 0.6875 0.3890625 0.6765625 0.390625 0.6515625
0 0.2234375 0.634375 0.2234375 0.6703125 0.25625 0.6765625 0.2578125 0.6578125 0.2234375 0.634375
0 0.3375 0.6265625 0.2875 0.65 0.284375 0.6734375 0.2953125 0.684375 0.340625 0.68125 0.3375 0.6265625