1 1 0.20399937656249997 0.98978589375 0.0576484640625 0.95819631875 0.055808579687500005 0.95717 0.0586257046875 0.9531718640625 0.0555159390625 0.92117974375 0.0536526109375 0.9210525546874999 0.0540323984375 0.9056625140625 0.056522879687500006 0.898129890625 0.052310109375000004 0.556246246875 0.0323976546875 0.5429707453125 0.05575030156250001 0.543887409375 0.11348531718749999 0.5548132406249999 0.11393137187499999 0.5727464109375 0.1255792671875 0.5790660703125 0.1492281875 0.5666557359375 0.1721124421875 0.559069859375 0.1749215328125 0.595296446875 0.18107869062499998 0.5977304328125 0.1936532140625 0.614321059375 0.2083650890625 0.61258545 0.2503978796875 0.6006445078125 0.2577073546875 0.601408515625 0.26865430625000003 0.6097584015625 0.27679216875 0.6040607890625 0.28435653125 0.6051522296875 0.299995034375 0.616732925 0.309824190625 0.61092616875 0.315824703125 0.6184792296875 0.3348457953125 0.6545966734374999 0.3394391015625 0.6761751125 0.44791826874999996 0.70726050625 0.5365134375 0.7145296453125 0.5960671921875 0.7193205609375 0.820815578125 0.7130986218750001 0.9546694828125 0.760910171875 1 0.7839963640625001 1 0.7900923390625 0.9874412953125 0.7745061296875 0.8979194984375001 0.7599243375 0.7335877749999999 0.767281228125 0.6605965874999999 0.763057425 0.5777762421875 0.7930628015625001 0.49479393437499997 0.8445710156249999 0.273903390625 0.8544054046875 0.2587109421875 0.871247134375 0.2547203328125 0.9070043312499999 0.27645227031249997 0.9176027296875 0.2722067734375 0.9491468203125001 0.2781727640625 0.965224540625 0.2632352046875 0.9730287046875 0.2635538140625 0.9929485874999999 0.2144664359375 1 0.2118552609375 1 0.20399937656249997
1 0.40665096093750003 1 0.43581608593750004 0.9511462156249999 0.4485866703125 0.9111233296875 0.47852641562500003 0.8718013828125001 0.4791049515625 0.857790453125 0.49206100781249995 0.8427254484375 0.49398208906249996 0.825650540625 0.51589938125 0.7828822843750001 0.5173838859375001 0.7595519734375 0.48126644062499996 0.754958665625 0.47441175625 0.7905448921875 0.4157877859375 0.7756763734375001 0.38344687187500004 0.7805936140624999 0.30153025 0.8333875125000001 0.268752759375 0.8320493499999999 0.260806634375 0.8519970718750001 0.25155078125 0.8531785890625001 0.2359096375 0.8743715515625 0.218882434375 0.8534042765625 0.1618299953125 0.9056538796875 0.1337350015625 0.9045068828125 0.118967009375 0.9382106468750001 0.0890600796875 0.955702409375 0.060059120312500006 0.96387479375 0.06129446875 1 0.40665096093750003 1
1 0.1286159265625 0.898060315625 0.17377093593749998 0.8983444046875 0.18828782500000002 0.8833431218750001 0.1825467015625 0.8456832703125 0.1662835078125 0.8356629484375 0.1418559015625 0.8424626484375001 0.11093386093749999 0.8677099406250001 0.1286159265625 0.898060315625
1 0.21020511874999998 0.840574865625 0.199421246875 0.8198624796875 0.18627971875 0.8099696015625 0.17379305625000002 0.8094598265625 0.1577153359375 0.8243973859375 0.1583702 0.8337804875 0.184107534375 0.8457469921874999 0.1910820578125 0.8787790140625 0.20846950937500003 0.8826076578125001 0.21271543125 0.876543421875 0.21020511874999998 0.840574865625
1 0.078057921875 0.9318623234375 0.0701011015625 0.8847556484375 0.058520406250000004 0.87492649375 0.05227707499999999 0.8746716062500001 0.057406846874999994 0.9481725671874999 0.062198489062499994 0.949927584375 0.0743577203125 0.9457458109375001 0.078057921875 0.9318623234375
1 0.0928694265625 0.9433827734375001 0.12277635468749999 0.9258910109375 0.12527597343750002 0.894805171875 0.10469052968749999 0.867455053125 0.0796080578125 0.8648716500000001 0.0708979265625 0.8738724187500001 0.08027361875 0.941309146875 0.0928694265625 0.9433827734375001
1 0.245449409375 0.8326573703125 0.2192754984375 0.8144354640625 0.2038854578125 0.8169259453125 0.216524778125 0.8642237859374999 0.238594725 0.8682435953125 0.248319971875 0.8514872953125 0.245449409375 0.8326573703125
1 0.2959746 0.8206855453124999 0.317717115625 0.8200138015625 0.3478423328125 0.8056497390624999 0.3670745359375 0.769009440625 0.35538469687499996 0.7576164359375 0.3386521109375 0.76317089375 0.3241680390625 0.7563419953125 0.2663844046875 0.7758144609375 0.24616990625000001 0.7983801078125 0.2515835984375 0.8313484078125001 0.27713546093749997 0.8183570296875 0.2978628625 0.8254408171875 0.2959746 0.8206855453124999
1 0.2864569453125 0.773515146875 0.2679452390625 0.775878184375 0.24606076093749998 0.79681625625 0.246573665625 0.826465690625 0.25358100625 0.8376675312499999 0.2642885484375 0.8349858843750001 0.27579291562499997 0.821421009375 0.2912921 0.820494378125 0.296443990625 0.8051107625 0.2864569453125 0.773515146875
1 0.60160323125 0.8066533265625001 0.6106407953125 0.8023441078125 0.5814123046875 0.294347653125 0.578989015625 0.3488275265625 0.5887135328124999 0.555064596875 0.60160323125 0.8066533265625001
1 0.595317840625 0.3151874828125 0.5989852265625 0.323134178125 0.5928182234375 0.3462733234375 0.59675810625 0.4696263296875 0.6166223265624999 0.7542470812500001 0.6249722125 0.76238494375 0.631794078125 0.7486289 0.630408021875 0.7064686640625 0.649258584375 0.5528582046875 0.6464971671875 0.535592128125 0.6656530421875 0.4755577984375 0.6651729515625 0.4240781828125 0.66273896875 0.41150365781250003 0.650034015625 0.40786618125 0.6234235296875 0.38338887499999996 0.6236746328125 0.36468639375 0.6294813890625 0.35868588125 0.6176824062499999 0.3457290234375 0.6044645484375 0.312442115625 0.595317840625 0.3151874828125
4 0.63947205625 1 0.625615653125 0.92770701875 0.5978702109375 0.84236699375 0.586387965625 0.7670472937499999 0.5637287843750001 0.70998401875 0.5325556375 0.75393379375 0.4847697484375 0.8720562718749999 0.460167365625 0.920952484375 0.441295409375 0.940454153125 0.41345441875000005 1 0.63947205625 1
1 0.8577807421875001 1 0.8497642375 0.9727241 0.8233720375000001 0.9513744953125001 0.790551034375 0.90481211875 0.714070221875 0.9016897390624999 0.7102829953125 0.8251247984375001 0.640362253125 0.7598944624999999 0.6172771921875 0.7636301828125001 0.6156835421875 0.7853966421874999 0.5983396046875 0.8267922140625 0.637272675 0.9609302062499999 0.644300325 1 0.8577807421875001 1
1 0.679839603125 1 0.6851891015625 0.9784803703125 0.698581734375 0.969670765625 0.71055549375 0.9405311078124999 0.7141686703125 0.83619919375 0.6734343593750001 0.7877543578124999 0.6370222984375 0.75663931875 0.620508 0.7653214765625 0.6109247140625 0.76181144375 0.6151050062500001 0.7994075734375 0.604037215625 0.8192278515625 0.6045501203125 0.8488772828125001 0.635166121875 0.9530472328125 0.650741634375 0.9755146343750001 0.666895684375 0.9839711078125 0.66429810625 1 0.679839603125 1
3 0.6365093921875 0.726989884375 0.6400348203124999 0.7552029109375 0.7128589421875 0.817432990625 0.709290003125 0.7439957500000001 0.6365093921875 0.726989884375
3 0.7764272109375 0.8808445875 0.8582560828125001 0.9605956296875 0.8518387000000001 0.7794438859375 0.8403671515625 0.7711785812499999 0.769147375 0.7542364375 0.7764272109375 0.8808445875
3 1 0.9079137234375001 0.987685371875 0.8972663125 0.9829265453125 0.8736811124999999 0.94873018125 0.8520128984375 0.9358832703125 0.8686417531249999 0.9200566531250001 0.8648768328124999 0.90883620625 0.8379090437500001 0.9014579218750001 0.7767914390625 0.876593740625 0.7773357375 0.8665738781250001 0.7675703046875 0.8646199812500001 0.8064753953125001 0.8748467062499999 0.9753075046875 0.9017985921875 1 1 1 1 0.9079137234375001
1 0.59480348125 0.731524790625 0.5909178078124999 0.7204503953125 0.57821285625 0.71681291875 0.5739669328125 0.722877153125 0.5769466390625 0.7432709281250001 0.5870756453125 0.7546002140625 0.5988089953125 0.811217434375 0.5912887515625 0.7703661609375 0.5969863625 0.762801796875 0.59480348125 0.731524790625
1 0.3012791453125 0.8520899937499999 0.3453534109375 0.9037899749999999 0.35940090625 0.9043634734375001 0.3988254890625 0.9340421062500001 0.450038359375 0.9096232015625001 0.464664390625 0.89618576875 0.50650156875 0.8043301328125001 0.4981516828125 0.7961922718750001 0.4662801609375 0.7855347312500001 0.41546035468750003 0.7709848234375001 0.3921570046875 0.7715928437499999 0.35778586562500003 0.792021140625 0.3543039515625 0.809032328125 0.3357922453125 0.8113953640625 0.3030910828125 0.8334512359374999 0.3012791453125 0.8520899937499999
1 0.3970799125 0.6860271328125 0.4007144828125 0.715804009375 0.3949840546875 0.7451985546875 0.42159454375000005 0.7696758609375001 0.4356420390625 0.7702493593749999 0.46667322499999997 0.7465659171875 0.461543453125 0.6730649546875 0.46636791093749996 0.6529897874999999 0.45210212656250004 0.6492885890625 0.448325596875 0.63977804375 0.40421851562500005 0.6099082453125 0.39340182968750004 0.611026040625 0.3892650515625 0.6186541265625001 0.388839171875 0.6794531203124999 0.3970799125 0.6860271328125
1 0.5273930499999999 0.7022630109375 0.521651928125 0.664603159375 0.516751140625 0.66128429375 0.4772937421875 0.6534358421875 0.4674593515625 0.668628290625 0.4615106375 0.6948951359375 0.468954553125 0.7123523765625001 0.46924916874999995 0.738874109375 0.47759905468749997 0.747011971875 0.5134218828125 0.7250835437500001 0.5273930499999999 0.7022630109375
0 1 0.7277495890625 0.92239291875 0.71994853125 0.9059549484374999 0.7520247234374999 0.9095238859375 0.8254619640625 0.9142827140625001 0.8490471625 0.9228508859375 0.860312725 0.93544669375 0.8623863515625001 0.9439385390625 0.8502578812499999 0.9614351328125 0.855650375 0.98248996875 0.8674257140625 0.993710415625 0.8943935 1 0.8989251749999999 1 0.7277495890625