4 0.3834673296875 0.8430664640625001 0.3122002390625 0.9868171921875 0.4621754421875 0.98856550625 0.5506417265625 0.9865064312499999 0.524384821875 0.797044953125 0.529462503125 0.717663753125 0.522046659375 0.7096332656250001 0.45758079062499996 0.7009377234375 0.44067789218750003 0.7420496859375 0.4181469765625 0.7719743828125 0.398948478125 0.8241812390625001 0.3834673296875 0.8430664640625001
3 0.575561153125 0.691191409375 0.578770734375 0.6658078984375 0.5712533359374999 0.659365034375 0.4891524109375 0.6536415296875 0.45229757187499997 0.6595671328125 0.4513835890625 0.6738557484375 0.4617657734375 0.6850984312499999 0.48344412343750004 0.6932951843749999 0.5461221609375 0.7051474984375 0.5684098328125 0.7038185046875001 0.575561153125 0.691191409375
3 0.44683252968750004 0.6706250781249999 0.450611296875 0.66113628125 0.4442724046875 0.6610623890625 0.44683252968750004 0.6706250781249999
4 0.5185299859375 0.61585260625 0.5103017109375 0.6205231109375 0.48311818124999995 0.6488047640625 0.5461008781250001 0.65589420625 0.5604649375 0.654472846875 0.5292782500000001 0.6461652531250001 0.5185299859375 0.61585260625
3 0.8273125453124999 0.8959047609375 0.8549235718749999 0.910525903125 0.9201347375 0.9779063859375 0.9537473593750001 0.9771240421874999 0.9642319562500001 0.8132146234375 0.937895915625 0.8034542078125 0.929544803125 0.76045904375 0.9359025484375 0.685859190625 0.8866745874999999 0.686874128125 0.8303354437499999 0.6750957093750001 0.8204044671874999 0.8799361515624999 0.8273125453124999 0.8959047609375
0 0.9326126953125 0.762083615625 0.9383021296875 0.7971037109375 0.945717975 0.8051341984375 0.9645315406250001 0.80853113125 0.9760796421875 0.6279956 0.9581689375 0.6352769046875 0.93734558125 0.71288574375 0.9326126953125 0.762083615625
1 0.592511396875 0 0.5827404640625 0.0335086484375 0.555800175 0.033194596874999996 0.5516151921875 0.049033890625 0.552956671875 0.0776480703125 0.5616525828125 0.09045990312499999 0.5416817890625001 0.1299472921875 0.5406662515625 0.145823534375 0.5560671312500001 0.177779225 0.5630366265625 0.21758066562499997 0.577665209375 0.23681689062500003 0.5792097968750001 0.262255821875 0.603143609375 0.2847781375 0.6135872124999999 0.31985365468750004 0.58271004375 0.554637271875 0.587953128125 0.6214283203125001 0.579096678125 0.7102983171874999 0.58543556875 0.7103722125 0.5954516734374999 0.702544934375 0.5963042390625 0.6644234859375 0.6135732171875 0.6423814859375 0.6347790765625 0.38524181875 0.6632001062499999 0.263234928125 0.681179959375 0.23007955937500002 0.704584721875 0.211286703125 0.7339221609375 0.19891823749999998 0.7577945578125 0.19760771875 0.7582007734375 0.191257221875 0.732986896875 0.16395356249999998 0.7510281671875 0.1546310296875 0.7641523015625 0.1230078640625 0.787049296875 0.11215312656250001 0.8135620859375001 0.0695643859375 0.8297139734375 0.06498625 0.8369668484374999 0.050771528125 0.8467798453125001 0.0461195 0.8496847671875001 0.025498859375 0.8564298718750001 0.019222257812499997 0.856530715625 0 0.592511396875 0
1 0.613776325 0.6392062375 0.61101309375 0.63281879375 0.6013016484375 0.6358832 0.5949037703125 0.7359035125 0.6041074453124999 0.7407772265625 0.6158900968750001 0.6805398828125 0.613776325 0.6392062375
3 0.63659305 0.6791924171875 0.6238137125 0.68063225 0.6211118984375 0.6980776421875 0.6269430234375 0.7060896546875 0.6860052624999999 0.749675978125 0.8025048828125 0.8622506046874999 0.8133309890625 0.71779529375 0.8144882140625 0.6749109718749999 0.80906330625 0.6605484609375 0.800733478125 0.6668065890625 0.7754794671874999 0.6649233859375 0.7337074890624999 0.6485483578125 0.7161739828125 0.6499327703125 0.7025208015625 0.6402407625000001 0.6882582953124999 0.6400744984375 0.6793805640625 0.6796912046875 0.6690597984375 0.69228135625 0.63659305 0.6791924171875
0 0.674524840625 0.6812234078125 0.6801315734375 0.6431573796875 0.668509465625 0.6017128921875 0.647034221875 0.5903408921875 0.6359411625 0.5902115765625 0.6226540578125 0.59958953125 0.6194657578125 0.6742263328125 0.674524840625 0.6812234078125
1 0.5687759125 0.7228884671875 0.5567074515625 0.713214934375 0.529259396875 0.7208390015624999 0.527169334375 0.8526856890625 0.5355605812500001 0.87026039375 0.5463489781249999 0.8751525828125001 0.53639429375 0.9068126937500001 0.5423883875 0.9370699171875 0.5610602640625 0.9674749328125 0.5655872484375 0.9861585703125 0.8940729218750001 0.97851298125 0.7597575046875 0.8363313578125 0.6966519703125 0.781576246875 0.6479104984374999 0.725399775 0.620197915625 0.7123662562499999 0.6130465968750001 0.724993353125 0.5899464937500001 0.7390233375 0.5817583546875 0.718273384375 0.5687759125 0.7228884671875
1 0 0.97736936875 0.0215837765625 0.9468867921875 0.05301370625 0.926598678125 0.08204648437499999 0.9189930859375 0.0943581875 0.9000709125 0.13054228750000002 0.8798382218749999 0.14970065 0.8530518265625 0.20841566406249998 0.802894434375 0.23933782812499999 0.79054444375 0.2910030734375 0.751426528125 0.318248021875 0.7469777078125001 0.34468054062500003 0.75522988125 0.3653834921875 0.7538824156249999 0.37415967031249997 0.7158533328125001 0.3955120765625 0.679559665625 0.39356127500000004 0.6604712296875 0.1948214703125 0.693108221875 0.15300935625 0.70215365 0.14784897187499998 0.708448725 0.0887064609375 0.7157033187499999 0 0.73820720625 0 0.97736936875
1 0.31339229999999996 0.7485099109375 0.29575724062500003 0.75148195 0.2576837609375 0.7764590390625 0.2489477171875 0.7890676625 0.1880787921875 0.8233118625 0.159513646875 0.8483997953125 0.150574496875 0.8641836671875 0.050718109375 0.937693575 0.027821115624999997 0.9485483109375 0.025525515625000002 0.9596432046875 0.0156109640625 0.965882859375 0.021198470312500002 0.9834248796875 0.3002722140625 0.9866781421875 0.3292231046875 0.9472954375 0.39608369374999997 0.8193814187499999 0.40593682500000006 0.7893089328125 0.40301062343750005 0.7606762781249999 0.41066971093750004 0.7401110625 0.401262928125 0.7384125953125 0.3909823 0.7255822875 0.3832216578125 0.7477351296875 0.355468940625 0.76012206875 0.31339229999999996 0.7485099109375
1 0.377836884375 0.707952159375 0.374891828125 0.7539932578124999 0.41211274531250003 0.7671376171875 0.43761 0.7404251140625 0.454411346875 0.7009007765625 0.4346223796875 0.6879596265625 0.4033341375 0.6812396578125 0.39014858750000003 0.6890299875 0.377836884375 0.707952159375
1 0.37525547656249997 0.649136178125 0.3892133203125 0.6540653125 0.400568478125 0.5509251734375 0.3879922484375 0.5491897609375 0.38222254375000003 0.565010578125 0.37525547656249997 0.649136178125
1 0.42454485625 0.671954071875 0.429400578125 0.6704218671875 0.437607571875 0.6164980718749999 0.4407745875 0.49260797968750003 0.4369958203125 0.5020967765625 0.42454485625 0.671954071875
1 0 0.7359477203125 0.07413929687500001 0.7202999265625001 0.0905958453125 0.7109589203125 0.2524808125 0.6842475296874999 0.27241146875 0.6701805984375 0.244800440625 0.65555945625 0.1974618640625 0.6518299984375 0.161521009375 0.6434669828125 0.1587577796875 0.637079540625 0 0.61949735625 0 0.7359477203125
1 0 0.6186309453125001 0.0709272859375 0.6217563968750001 0.288258696875 0.6703653359375 0.3350280875 0.6582000796874999 0.3507524796875 0.6107191484375 0.3632672890625 0.5886217296875 0.373181840625 0.582382075 0.372246575 0.5474173984374999 0.36099054375 0.5250428734375 0.31359054999999997 0.49748058124999994 0.1349230890625 0.48904255937499996 0.11698337031249999 0.49677746875000006 0.099957634375 0.49022376406249996 0.0812054859375 0.510659665625 0.05251750468750001 0.48808192968749997 0.038722632812500005 0.505398003125 0 0.501039315625 0 0.6186309453125001
1 0.343561021875 0.6487667046875 0.333138703125 0.662944478125 0.38108660156249996 0.6571481921875 0.369018140625 0.647474659375 0.343561021875 0.6487667046875
1 0.8044769671875001 0.93059233125 0.8122588937499999 0.9576927812499999 0.8528165062499999 0.17488330624999998 0.848874765625 0.16212689375 0.837477046875 0.1667604484375 0.8044769671875001 0.93059233125
3 0.3938659375 0.6557083578125 0.4023587375 0.671695440625 0.4215785171875 0.6687418765625 0.419627715625 0.6496534406250001 0.39595842812500004 0.6477887124999999 0.3938659375 0.6557083578125