1 0.48044591875 0.677563503125 0.485169428125 0.675677265625 0.486900296875 0.6224093875000001 0.462615271875 0.31609929062500003 0.4613836765625 0.322615515625 0.48044591875 0.677563503125
1 0.41229102656250005 0.6138658968749999 0.40719343593749996 0.609329428125 0.3994599546875 0.7531698203125 0.40056635625 0.799827953125 0.405663946875 0.804364421875 0.41628071406249995 0.7376900125 0.41229102656250005 0.6138658968749999
3 0.5749779453125 0.6962244875 0.45550325625 0.6919052328124999 0.453788225 0.7177830937499999 0.573543471875 0.7269193765625 0.5749779453125 0.6962244875
3 0.424605490625 0.714649425 0.44557280312499997 0.7150393421875 0.441145690625 0.6943525890625 0.4200848578125 0.692356996875 0.424605490625 0.714649425
1 0.5258882921875 0.6555833078125 0.508428728125 0.6324333609375 0.4440146359375 0.632962809375 0.449174071875 0.693884990625 0.5084905765625 0.6888190734374999 0.514632721875 0.6836279640625 0.5258882921875 0.6555833078125
4 0.5716730734375 0.6948058500000001 0.5769735375 0.6751636546875 0.5594981375 0.6794037265624999 0.549895753125 0.6251848125 0.5329814734375 0.63905894375 0.513588165625 0.6933555421875 0.5716730734375 0.6948058500000001
1 0.5317702093750001 0.120347809375 0.5201563953125 0.11457974374999999 0.50342915625 0.1316652265625 0.4890715890625 0.1341125828125 0.4916901484375 0.17907151875 0.517552171875 0.20817657031249998 0.552206575 0.22226941249999999 0.547857146875 0.2305783546875 0.5576782437500001 0.2332285859375 0.5645527140625 0.26827290625 0.56001624375 0.2733704953125 0.5633988015625 0.30378482500000004 0.6209844359375001 0.3519867875 0.6472205390625 0.38751454375 0.6818274343749999 0.48377743906250004 0.6796448015625 0.5016269171875 0.6863480656250001 0.5060698671875 0.7180867640625 0.580749653125 0.72103264375 0.63132845625 0.7264107906249999 0.6406819546875 0.732833496875 0.640307875 0.74059715625 0.6076332296875 0.7369340390625 0.57240186875 0.7531159953125 0.5182923109375001 0.7494370421875 0.5104509687500001 0.764278046875 0.488641978125 0.7676922734375 0.46427627187500004 0.7812081609375 0.44737782812500004 0.80459265625 0.350959565625 0.8403232875000001 0.300544796875 0.8295986624999999 0.227057765625 0.84180526875 0.18767985468749998 0.84077655 0.17001741406249998 0.909758784375 0.10961034375 0.924319228125 0.0829843203125 0.912316125 0.026545687499999998 0.5111971609375 0.01487431875 0.5033989796875 0.0204994796875 0.525675571875 0.043368865625 0.5269848515625 0.065848334375 0.53831810625 0.0667993703125 0.54369625625 0.07615286875 0.5342492375 0.079925340625 0.540843146875 0.11015263125000001 0.5317702093750001 0.120347809375
1 0.3853354375 0.8426042578124999 0.3892172671875 0.826266934375 0.3743174125 0.45979865468750003 0.36656959218749996 0.4650832828125 0.3675666390625 0.5375257578125 0.3629366484375 0.5410176703125 0.37881921093750004 0.8413726609375001 0.3853354375 0.8426042578124999
1 0.445666321875 0.7166450156249999 0.4355661640625 0.543231975 0.4343345671875 0.5497482 0.445666321875 0.7166450156249999
1 0.417060546875 0.6957553890625 0.4395400140625 0.6944461093750001 0.43759193124999995 0.6333368875 0.416531096875 0.6313412953124999 0.4139743875 0.6427680703124999 0.417060546875 0.6957553890625
2 0.529863640625 0.6408516609375 0.5331843515625 0.6148802796874999 0.5228956515625 0.6042016640625001 0.529863640625 0.6408516609375
3 0.866930475 0.6743868187500001 0.86239400625 0.6794844078125 0.8773888796874999 0.8816125843749999 0.9729581828124999 0.9584639812500001 0.9808798718749999 0.6862132187500001 0.9040480703125 0.6754472109375 0.866930475 0.6743868187500001
0 0.8598689671875 0.6361311484375001 0.8683491125 0.671081946875 0.8972512859374999 0.6693985859375 0.8951938453125001 0.634073709375 0.8792464390625 0.6092245671875001 0.8440150796875001 0.6128876828125 0.8428770046875 0.6210095859375 0.8598689671875 0.6361311484375001
4 0.609621815625 1 0.5672142874999999 0.7288991328125001 0.48627583281250003 0.7223354 0.38220691875 1 0.609621815625 1
1 0.6158205046874999 0.7889019515625 0.6144335390625 0.7374267890625 0.5914864718749999 0.7307076859375 0.5928892718750001 0.75479283125 0.5858896109375 0.772922871875 0.5750239578125 0.780000215625 0.58245954375 0.8246785937500001 0.58944336875 0.8339385703125 0.6149471515625 0.8292308984375 0.6158205046874999 0.7889019515625
1 0.590332559375 0.76621960625 0.5724702390624999 0.45953542968749994 0.57332775625 0.4465964984375 0.585705565625 0.43781995625 0.580468446875 0.3479020828125 0.5589558515624999 0.3104880921875 0.5451435671875 0.349959521875 0.5489620515625 0.4431822703125 0.5631607515625 0.465669190625 0.57758066875 0.7685734421875 0.5857960906249999 0.7713171937500001 0.590332559375 0.76621960625
3 0.6164449703125 0.6889759375 0.584612003125 0.6956633671875 0.5913929515625 0.7291020109375 0.615571615625 0.7293048859375 0.6164449703125 0.6889759375
4 0.60946114375 0.679715959375 0.5962416546875 0.674041415625 0.5897254265625 0.67280981875 0.5925468640625 0.693590090625 0.60946114375 0.679715959375
1 0.7554064859375 0.6406042703125 0.7282035078125 0.6437997875 0.7024191671875 0.64369043125 0.6875004796875 0.6365037296875 0.615151525 0.6391064515625 0.61787794375 0.8242268296875 0.6509726812500001 0.922188921875 0.6661719265625 0.9341926515625 0.692143309375 0.9375133609375 0.7088547125 0.9478178953124999 0.8132078375 0.9691291140624999 0.8387116171875 0.964421440625 0.8492031921875001 0.950921390625 0.8626097234375001 0.9598072875 0.870544584375 0.9577340109374999 0.8784017625 0.9266650421874999 0.855597221875 0.6734357828124999 0.8062270078125 0.627977571875 0.7881904890625 0.6225835875 0.762873746875 0.6305026125000001 0.7554064859375 0.6406042703125
1 0.376189009375 1 0.4182748078125 0.8825749625 0.458635428125 0.8286682796875 0.474240428125 0.7923146812499999 0.4603821328125 0.7480103859375 0.41967910625 0.740714325 0.2875603859375 0.8789103484374999 0.27593073437500004 0.9005322984375 0.2438948921875 0.93139839375 0.1911006796875 1 0.376189009375 1
1 0.753427775 1 0.9672249046875001 0.9875477343749999 0.8911536531250001 0.92431120625 0.8740364968750001 0.962364 0.859491890625 0.9616000046875 0.845508403125 0.9704700640624999 0.8004559453125 0.9714829484375 0.7529561328125001 0.9581382656249999 0.7256596359375 0.9597281046875 0.6896801171875 0.9505458125 0.6597492218750001 0.93456673125 0.6153514062500001 0.9468193515625 0.61137605625 0.961550996875 0.6177015 1 0.753427775 1
1 0.16894544218750002 1 0.1687705125 0.9969965734375 0.1811483234375 0.9882200328125 0.22585837187500002 0.9260044078125 0.2464516046875 0.91997161875 0.24758968124999997 0.9118497187499999 0.2707396265625 0.8943901546875 0.28246279687500003 0.8743738796875 0.3254578125 0.838036115625 0.3252564359375 0.696269 0.311475825 0.6809603953125001 0.20010720312500002 0.7051692359375 0.1965059328125 0.7263235890625 0.185172678125 0.7253725531249999 0.16674624375 0.740945878125 0.1318112796875 0.72203600625 0 0.750122703125 0 0.782524809375 0.0126664875 1 0.16894544218750002 1
1 0.3827198734375 0.4657537578125 0.376577728125 0.47094486875 0.37759061250000003 0.5159973250000001 0.38215725625 0.62206548125 0.38914108125 0.6313254609375 0.40170593125 0.6257602703125 0.40851855312499996 0.604418878125 0.3985737609375 0.488997225 0.3927280125 0.4716153453125 0.3827198734375 0.4657537578125