4 0 0.853125 0.271875 0.890625 0.2265625 0.9671875 0.465625 1 0.5421875 0.9984375 0.696875 0.940625 0.7171875 0.8578125 0.5296875 0.8421875 0.4953125 0.64375 0.484375 0.6453125 0.3875 0.8203125 0 0.8 0 0.853125
3 0.7578125 0.9265625 0.715625 0.96875 0.6890625 0.9765625 0.6703125 0.99375 0.671875 0.9984375 0.9984375 0.9984375 0.9984375 0.7625 0.7890625 0.7109375 0.7484375 0.6890625 0.7203125 0.6921875 0.615625 0.671875 0.6109375 0.6859375 0.6140625 0.7328125 0.7625 0.8625 0.765625 0.896875 0.7578125 0.9265625
1 0.5515625 0.528125 0.5640625 0.2859375 0.5609375 0.2734375 0.55 0.26875 0.5421875 0.2703125 0.540625 0.2796875 0.5375 0.44375 0.534375 0.7984375 0.54375 0.803125 0.5515625 0.7984375 0.5515625 0.528125
1 0.53125 0.68125 0.521875 0.678125 0.5140625 0.6890625 0.509375 0.70625 0.5203125 0.771875 0.528125 0.78125 0.53125 0.68125
1 0.665625 0.8609375 0.7046875 0.8609375 0.7078125 0.8421875 0.696875 0.821875 0.571875 0.703125 0.5703125 0.721875 0.5546875 0.7375 0.553125 0.8015625 0.540625 0.8125 0.5484375 0.840625 0.665625 0.8609375
3 0.5921875 0.6671875 0.571875 0.665625 0.5703125 0.69375 0.5984375 0.725 0.6015625 0.675 0.5921875 0.6671875
3 0.9984375 0.89375 0.978125 0.8828125 0.8625 0.8796875 0.73125 0.846875 0.725 0.8984375 0.709375 0.93125 0.68125 0.9453125 0.6734375 0.9625 0.6453125 0.971875 0.6375 0.9640625 0.634375 0.9765625 0.61875 0.984375 0.61875 0.9953125 0.640625 0.9984375 0.9984375 0.9984375 0.9984375 0.89375
3 0.7546875 0.859375 0.8 0.8625 0.8375 0.8734375 0.9203125 0.8703125 0.9744791671874999 0.878125 0.9984375 0.8875 0.9984375 0.7640625 0.7765625 0.7078125 0.7671875 0.690625 0.7 0.6875 0.6140625 0.66875 0.6109375 0.6765625 0.609375 0.7265625 0.615625 0.7375 0.725 0.8390625 0.7546875 0.859375
1 0 0.7953125 0.209375 0.8203125 0.3921875 0.8140625 0.384375 0.7890625 0.4078125 0.778125 0.45 0.6921875 0.41875 0.6875 0.4171875 0.7 0.36875 0.6921875 0.3484375 0.7078125 0.3265625 0.7046875 0.309375 0.7109375 0.296875 0.709375 0.2859375 0.6953125 0.2765625 0.7046875 0.2203125 0.7 0.20625 0.684375 0.2171875 0.6703125 0.215625 0.6640625 0.1890625 0.6625 0.18125 0.6890625 0.1828125 0.70625 0.2125 0.7109375 0.2125 0.715625 0.2640625 0.7203125 0.2796875 0.734375 0.2765625 0.771875 0.2578125 0.7796875 0.1515625 0.78125 0.13125 0.771875 0.0921875 0.775 0 0.7625 0 0.7953125
1 0 0.759375 0.1390625 0.7671875 0.1453125 0.775 0.1578125 0.7765625 0.2625 0.775 0.275 0.7671875 0.2734375 0.7265625 0.0046875 0.6921875 0 0.6921875 0 0.759375
1 0.0375 0.65625 0.028125 0.65625 0.025 0.6875 0.0375 0.6890625 0.04375 0.6703125 0.0375 0.65625
1 0.0484375 0.6609375 0.040625 0.6890625 0.05625 0.69375 0.0625 0.6609375 0.0484375 0.6609375
1 0.128125 0.6609375 0.121875 0.653125 0.0953125 0.6546875 0.084375 0.671875 0.06875 0.6796875 0.06875 0.6875 0.0796875 0.69375 0.121875 0.7015625 0.128125 0.6609375
1 0.415625 0.6765625 0.4234375 0.6703125 0.4234375 0.60625 0.4078125 0.5859375 0.396875 0.590625 0.396875 0.621875 0.403125 0.66875 0.415625 0.6765625
1 0.446875 0.646875 0.4625 0.615625 0.4625 0.5984375 0.4484375 0.559375 0.4375 0.559375 0.4296875 0.56875 0.425 0.6421875 0.43125 0.6703125 0.4515625 0.6609375 0.446875 0.646875
1 0.1375 0.6484375 0.1390625 0.7 0.171875 0.7109375 0.184375 0.659375 0.1375 0.6484375
1 0.5171875 0.4875 0.5125 0.5015625 0.5125 0.6875 0.5203125 0.6390625 0.521875 0.525 0.5171875 0.4875
1 0 0.9453125 0.00625 0.9484375 0.21875 0.9640625 0.246875 0.934375 0.2671875 0.9 0.2609375 0.8921875 0.221875 0.8890625 0.1890625 0.878125 0.0734375 0.86875 0.03125 0.859375 0 0.859375 0 0.9453125