4 0.5295733031250001 0.8682084218749999 0.5266282796875 0.830931353125 0.5033636765625 0.821798225 0.512193540625 0.79315713125 0.5015748765625 0.7239708312500001 0.43123147656249994 0.7276604953125 0.406069209375 0.7579167531250001 0.3989296203125 0.788024096875 0.357854934375 0.8786565578125 0.1277961890625 0.907941390625 0.0892828296875 0.9313509546875001 0.0093601171875 0.9987510625 0.49563789375 0.9761023109375 0.77190988125 0.9487809281249999 0.782767040625 0.9379068015625001 0.78692531875 0.9162613140625 0.7785309812500001 0.9105578359375001 0.7764414703125 0.8976972328124999 0.7668701625 0.9051773890625 0.5516609359375 0.8905251828124999 0.5295733031250001 0.8682084218749999
4 0.4387132703125 0.7073197390625 0.4043789359375 0.7564505046875001 0.355879490625 0.8690514859375 0.357854934375 0.8786565578125 0.37599167968749997 0.8817631734375 0.531833915625 0.8859523156250001 0.50862114375 0.7379746484374999 0.48425215 0.6505473046875 0.4758007796875 0.6432160625 0.4387132703125 0.7073197390625
4 0.0100090609375 0.9987208375 0.118110815625 0.9121660171875 0.0048413296875 0.906874178125 0.0080626515625 0.9988114937500001 0.0100090609375 0.9987208375
1 0.527628940625 0.67239211875 0.5145630203125 0.6736842484375 0.510461775 0.6969575015625 0.508678178125 0.7396024140625 0.5205308453125 0.7972328453124999 0.5273489765625 0.8047256015625001 0.527628940625 0.67239211875
1 0.7651228546875 0.902083378125 0.7657294828125 0.872622096875 0.741381234375 0.8325614437500001 0.5826665515625 0.6996173781249999 0.5728100781250001 0.6989587109375 0.573180796875 0.70953918125 0.5577324203125 0.73638469375 0.5623884640625 0.8224947031250001 0.5545644671875001 0.833068871875 0.5318702046875 0.8402133921875 0.5416903921875 0.886610984375 0.7651228546875 0.902083378125
1 0.5265711765625001 0.3147810546875 0.533985596875 0.5263904546875 0.5346804125 0.8268682421875001 0.5559695703124999 0.826396296875 0.545034584375 0.4207598734375 0.5516971546875 0.330263721875 0.5390667578125 0.297211278125 0.5502142703125 0.2879418421875 0.5543725484375 0.2662963546875 0.5484825046874999 0.191742215625 0.5529829875 0.1798633125 0.550722371875 0.16211941875 0.542328034375 0.156415940625 0.52453349375 0.1630759125 0.5202456046874999 0.2745714875 0.5265711765625001 0.3147810546875
1 0.5640683296875 0.543016340625 0.5557880609375 0.5405683906250001 0.5528637843750001 0.5506580109375 0.5576183515625 0.7331291656250001 0.571804209375 0.7170256390625 0.5680192203125001 0.5622264828125 0.5640683296875 0.543016340625
3 0.5744225703125 0.6514305046875 0.5741011125 0.6890306093749999 0.6093687359375 0.7133107671875 0.6090057875 0.6561774890625001 0.5744225703125 0.6514305046875
3 0.7934919859375 0.9466466078125 0.9829903484375 0.927906534375 0.9868559234375001 0.7064479015625 0.8032110265625001 0.6794404671875001 0.7617526453125001 0.665572959375 0.6239330859375001 0.661234903125 0.6280187875000001 0.731067265625 0.8300532296875 0.8842283796875 0.8328271484374999 0.9166221562500001 0.7940286203125 0.9318928953125001 0.7934919859375 0.9466466078125
3 0.84509270625 0.9415436546875 0.8269008156250001 0.8878069390625001 0.8105684125 0.8894221015625 0.795412978125 0.8778536296875 0.7966838796875 0.9463309531249999 0.84509270625 0.9415436546875
3 0.61962445 0.7253637859375 0.7122473328125001 0.7962408671875 0.8036362140625 0.8786738140624999 0.826501578125 0.8764125875 0.827564478125 0.859973425 0.8635527984375001 0.858047834375 0.8731811390625 0.85219544375 0.8930651921875 0.8583960749999999 0.8952117375 0.8728844406249999 0.9444941171875 0.876177778125 0.965612171875 0.8708225390625 0.9772729921875 0.8762029859375 0.9839125984375 0.8750708828124999 0.9868272734374999 0.7080892171875 0.897047165625 0.6913949859375 0.8411747921874999 0.687119946875 0.7932975156250001 0.67715403125 0.7616385765625 0.6623174281249999 0.7174840546875 0.6650506 0.6286046703125 0.6542392953125 0.6189192968749999 0.6584639218749999 0.61962445 0.7253637859375
1 0.286993025 0.727224034375 0.2496566328125 0.7374499640625001 0.2264490640625 0.729944603125 0.2053880421875 0.7369276046875 0.13306919687500002 0.7310122 0.1260799640625 0.718636146875 0.1466847140625 0.698631025 0.146456578125 0.6921199671875 0.10044067968749999 0.6885035953124999 0.0877377078125 0.7469290015625 0.10272204062500001 0.7536141828125 0.1948108703125 0.7624746890625 0.20157196875 0.7683396828125 0.2025985796875 0.7976394453125 0.195573059375 0.8310023171875001 0.0928500234375 0.8460611296874999 0.0913878828125 0.8511059390625 0.0617614234375 0.8475021703125 0.0342244734375 0.8567590031250001 0.0241968953125 0.851217040625 0.00291534375 0.8519060218750001 0.0046967296875 0.9027472234375 0.10644999531249999 0.906785571875 0.33481846875 0.8760344906249999 0.35221377187499997 0.8579801671875 0.3636257078125 0.8094828625 0.37342515 0.808513765625 0.3845156265625 0.7976165640625 0.41163259375 0.7295986890624999 0.3768782734375 0.7199684109375 0.36899724218749996 0.7289148156249999 0.286993025 0.727224034375
1 0 0.7687014421875 0.002523378125 0.8407192703125 0.0123079421875 0.8393255375 0.0322490296875 0.8471539328125001 0.187349825 0.8301821359374999 0.1984403015625 0.8192849343749999 0.20039500000000002 0.781523315625 0.1932917 0.765891734375 0 0.7603732203125 0 0.7687014421875
1 0.0279144453125 0.7234438203125 0.033669674999999996 0.747375740625 0.07326668125 0.7548937062500001 0.0888939296875 0.68637868125 0.02986914375 0.6856822015625 0.0279144453125 0.7234438203125
1 0.0279144453125 0.7234438203125 0.033669674999999996 0.747375740625 0.07326668125 0.7548937062500001 0.0888939296875 0.68637868125 0.02986914375 0.6856822015625 0.0279144453125 0.7234438203125
1 0.2093181859375 0.708771059375 0.1927006109375 0.702247396875 0.17642524375 0.7054903234375 0.1718106921875 0.7141136953125 0.1755904796875 0.7284405453125 0.21490231406250002 0.7278196875 0.2093181859375 0.708771059375
1 0.23235465312499998 0.7113931265625 0.237995815625 0.7320695171875 0.26733710624999996 0.7275344640625 0.26203814687500004 0.7166246593750001 0.23235465312499998 0.7113931265625
1 0.335248790625 0.7012176109375 0.3182890125 0.6849273609375001 0.298633096875 0.685237790625 0.25009215937499996 0.7031053921875 0.2503773296875 0.7112442140625 0.3000019125 0.7243041421874999 0.335248790625 0.7012176109375
1 0.30361059687499997 0.733747696875 0.300572253125 0.7405817875 0.31741796093749997 0.7536165078125 0.3608517875 0.7770890875 0.37116453437499997 0.7907698703125 0.3793307359375 0.789962290625 0.3854074265625 0.776294109375 0.39520686875 0.7753250109375001 0.3948076296875 0.7639306593749999 0.419741759375 0.72716334375 0.4375933359375 0.7221311375 0.44699353906250006 0.7097676890625 0.45232878593750003 0.6749385671875 0.4455106546875 0.6674458078125001 0.343243890625 0.6955267359375 0.32619079218749997 0.723347646875 0.30361059687499997 0.733747696875
1 0.35055458125 0.6703026875 0.349320578125 0.6818585546875 0.3578860171875 0.692445328125 0.3719007734375 0.67145850625 0.35055458125 0.6703026875