3 0.8350277437500001 0.8067672328125 0.85203925 0.8290307828125 0.950200778125 0.9036500140625 0.959887546875 0.7188154515625 0.9568378703124999 0.7164571125 0.9014458765625 0.717810134375 0.8921065390624999 0.709110909375 0.8877687 0.6858163828125 0.8631679796875 0.645252278125 0.8395431125 0.6392916390625001 0.828343040625 0.6465087109375001 0.8350277437500001 0.8067672328125
0 0.96016871875 0.71345036875 0.9688720609375 0.5473807203125001 0.9185519578125 0.5540397953125 0.8992649296874999 0.5713736828125 0.8826485734375 0.61686719375 0.8802347921875 0.66435834375 0.8953302609374999 0.7056956796875 0.9046972500000001 0.7128161625 0.9301828499999999 0.7028605031249999 0.96016871875 0.71345036875
3 0.6150832375 0.62917404375 0.619531684375 0.646153596875 0.636792065625 0.654208465625 0.6393717624999999 0.5972448578125 0.6189153125 0.5910264765625 0.6150832375 0.62917404375
0 0.6391781937500001 0.60829605625 0.639932828125 0.655529465625 0.6571379046875 0.66674181875 0.6731459046875 0.6559806453125 0.7110286484375 0.6607814390625 0.7134147796875 0.61486903125 0.691982475 0.5740471828125 0.6507930515625 0.5773978453125 0.6391781937500001 0.60829605625
3 0.750558925 0.7521553359375 0.755615728125 0.734402553125 0.75407880625 0.6415144796875001 0.7209210359375 0.6379058125 0.701523396875 0.66155466875 0.6714234343750001 0.6640032296875 0.6616969640625 0.6774064015625 0.750558925 0.7521553359375
3 0.719309175 0.6396134265625 0.7141417609375 0.6636811828125 0.6697839203125 0.6672895875 0.6648377265625001 0.6787274 0.7538103 0.7471613640625 0.7524945984375 0.6416433500000001 0.719309175 0.6396134265625
0 0.728814425 0.638840196875 0.7526052078125 0.6353283796875 0.754604203125 0.61151836875 0.7456796515625 0.579138003125 0.729892871875 0.577269234375 0.7218059140624999 0.5873860484375 0.71627901875 0.63197745625 0.728814425 0.638840196875
0 0.6268916609375 0.5872246328124999 0.6363416078124999 0.5896088875000001 0.65098661875 0.566346646875 0.646344603125 0.5604182890625 0.6304195609375001 0.566443234375 0.6268916609375 0.5872246328124999
4 0.5427350375 0.6051060265625 0.5308989625 0.64863418125 0.4978874703125 0.7269912609375 0.49424896250000006 0.754087628125 0.45806905468750003 0.832702453125 0.4525698125 0.87571511875 0.4289253109375 0.96119268125 0.4286380171875 0.97759493125 0.45631976406249997 0.976305634375 0.6187261656249999 0.9630942546875 0.6192792140625001 0.9315194015625 0.6102661781250001 0.9041910124999999 0.6100148187500001 0.8282244875 0.5978941984375 0.797680609375 0.5837389109375 0.7026660234375 0.5554916640625 0.599338828125 0.5427350375 0.6051060265625
3 0.8288407859375001 0.61809134375 0.8289594156250001 0.7016358328125001 0.8795987843749999 0.700669425 0.8860185765624999 0.6954177109375 0.8711719796875 0.6398716906249999 0.8791483281250001 0.636069846875 0.8792589375000001 0.629754878125 0.8636380718750001 0.618413653125 0.8288407859375001 0.61809134375
3 0.90690585 0.8576738718750001 0.922803240625 0.8532276718749999 0.929029465625 0.8590271546875 0.9287252890625 0.876393321875 0.9429831656250001 0.875233478125 0.94762518125 0.8811618343750001 0.9442908484375 0.8908920328125 0.9508592625000001 0.8910853890625001 0.9588519765625 0.7385753 0.9231547046875 0.74284455625 0.885465528125 0.7269925640625 0.8302947515625 0.7157156453125 0.8366119515625 0.8066383593750001 0.8677430734374999 0.83563578125 0.88044439375 0.8330260640624999 0.8833086343750001 0.8501344906250001 0.90690585 0.8576738718750001