3 0.983052825 1 0.9861724109375001 0.8212790453125001 0.9852248015624999 0.8219962828125 0.9575861031249999 0.8073710125 0.942397996875 0.809421284375 0.91452265625 0.7880153187500001 0.9139902093750001 0.772758759375 0.907095325 0.769526234375 0.8848940125 0.7649536359375 0.885189815625 0.773429503125 0.8667909109374999 0.780644209375 0.8155525609375 0.7699616625 0.7928188031250001 0.7501325046875 0.7453236999999999 0.7495420859374999 0.7495832703125 0.8715945765625 0.7657771078125 0.8983622531250001 0.8163862109375 0.939597378125 0.8752239546875 1 0.983052825 1
0 0.9878785484374999 0.7235345015625 0.9563813703124999 0.7242680546875 0.9365249671875 0.738302909375 0.9220467875 0.760695265625 0.926973246875 0.804690865625 0.9624910421875 0.8021671234375001 0.9749416359374999 0.8188426703125 0.986271684375 0.8155917171875 0.9878785484374999 0.7235345015625
0 0.8590462562500001 0.70447976875 0.81826855625 0.70203635625 0.80052041875 0.72789796875 0.8035160953125 0.76515233125 0.8698833875 0.77208943125 0.8717334921875001 0.7279360078125 0.8590462562500001 0.70447976875
3 0.6661347281250001 0.8124622015625 0.6902668249999999 0.8237760375000001 0.7322277390624999 0.8601229203124999 0.7315339296875 0.7430770375 0.6646933515625 0.7225785499999999 0.6661347281250001 0.8124622015625
0 0.7415804546875 0.7394499578125 0.7654167468749999 0.7422879250000001 0.768213421875 0.72525728125 0.7606677687500001 0.7033778468749999 0.7419139 0.7004215109375 0.7415804546875 0.7394499578125
0 0.5991327875 0.69017439375 0.5986218609375 0.7241173187500001 0.625787275 0.725181203125 0.6212157796875 0.6913566453125 0.5991327875 0.69017439375
0 0.6571477 0.7006991171875 0.6659142078125 0.7089777078124999 0.6846089171874999 0.7102388703125 0.6837806671875 0.6865064390625 0.66829675625 0.6800808453125 0.6571477 0.7006991171875
0 0.6917996046875 0.7219472609375 0.71394175625 0.7248246859374999 0.7128177015625 0.6926163875 0.7040511953124999 0.6843378 0.6907347125000001 0.6914341390625001 0.6917996046875 0.7219472609375
0 0.726214865625 0.736414709375 0.7329322687500001 0.7345617140625 0.7288932203125 0.7159937171874999 0.726214865625 0.736414709375
3 0.542973378125 0.7813995359375 0.45137145468749995 0.7801397890625 0.450209759375 0.79543580625 0.5438016265625001 0.8051319640625 0.6337685703125 0.8081263359375 0.6305954125000001 0.7657864546875001 0.542973378125 0.7813995359375
4 0.5921232 1 0.574769446875 0.8179831500000001 0.5606247140625 0.8013470609375 0.5130704500000001 0.7990614703125 0.4946715453125 0.8062761765625 0.4983556296875 0.81467313125 0.49240731562500006 0.8385633828125 0.46169765937499996 0.8816923765625001 0.4062904234375 1 0.5921232 1