3 1 0.6554137328125 0.9336617046875 0.680484734375 0.9458346687500001 0.784631096875 0.9551694828124999 0.7904625828125 0.9544599484375 0.799198725 0.9734399968749999 0.79871091875 0.9752360078125 0.8140767765625 1 0.8318439375000001 1 0.6554137328125
3 1 0.6522939453125 0.9349699078124999 0.6768705453125 0.9302470703125 0.6808838484375 0.9344377609375 0.7167375140625001 0.9490497484375 0.782524665625 0.9917105125000001 0.8069592562500001 1 0.817316578125 1 0.6522939453125
1 0.8136850750000001 0 0.8741051203125 0.42265764062500005 0.910646196875 0.838932665625 0.917364603125 0.85199253125 0.9378524125000001 0.84959785 0.9457016359375 0.8279127015625001 0.9230408562499999 0.6488439328125 0.8902026640624999 0.2494425234375 0.8867436609375 0.0421697546875 0.8955906671875 0.02902119375 0.910756965625 0.025517865625000004 0.92561064375 0 0.8136850750000001 0
0 1 0.5254453125 0.9739499421875 0.52174855625 0.921023103125 0.5279348171875 0.9194710031250001 0.5886887093750001 0.9286506156250001 0.6672253109375 0.9418213468750001 0.646648809375 0.9486506171875 0.64585058125 0.9662115984374999 0.6628350609375 1 0.6614321921874999 1 0.5254453125
1 1 0.836556996875 0.7895596796875 0.6765601390625 0.7285175359375 0.657735309375 0.697475403125 0.673478109375 0.7057680937499999 0.729620028125 0.7373202203125 0.836693215625 0.7457902984375 0.9239659609374999 0.7569211234375001 0.945163303125 0.7594854265625 0.960439359375 1 0.9323272375 1 0.836556996875
3 0.7756128906249999 0.6608838640625 0.8194709953125001 0.6955623578125001 0.8117991437500001 0.6151188828125 0.7933623359374999 0.627657690625 0.7718213109375001 0.628444834375 0.7756128906249999 0.6608838640625
1 0.696788040625 0.65279074375 0.6874310390625 0.5431233171875001 0.7202913546875 0.5133228640625 0.7182957859375 0.496249690625 0.6794266 0.50425413125 0.6809787140625 0.5767596890625 0.68554635 0.645451496875 0.696788040625 0.65279074375
1 0.7311339453125 0.650506925 0.7404687578125 0.6563384125 0.7369210734375 0.5667596796875001 0.7254133046875 0.51272419375 0.72148869375 0.5235667687500001 0.7311339453125 0.650506925
0 0.7838168734375001 0.5682009171875 0.766544140625 0.5684891671875001 0.75920489375 0.5797308546875 0.7588723046875 0.62130514375 0.8021539109375 0.621438175 0.8010674312500001 0.5973361749999999 0.7838168734375001 0.5682009171875
0 0.7191161968750001 0.6069149015625 0.727453228125 0.6042098 0.7294709640625 0.5918594640625 0.725768078125 0.5749858484375 0.7187392531250001 0.57407675625 0.7191161968750001 0.6069149015625
0 0.740424403125 0.581925978125 0.740513096875 0.59749139375 0.7562780671875 0.5991100171875 0.7542824984375 0.58203684375 0.740424403125 0.581925978125
0 0.8170541281249999 0.57123860625 0.81853971875 0.5987552421875 0.83089005625 0.6007729796875 0.8290053500000001 0.569841709375 0.8170541281249999 0.57123860625
3 0.8645264265625 0.6072253062499999 0.8576971578125001 0.6080235328125 0.85567941875 0.6203738671875 0.8713557140624999 0.739686528125 0.8883180234375001 0.7515490578125 0.8977415296875 0.77294595625 0.8917104890625 0.7805734531249999 0.899337984375 0.78660449375 0.8857015984375 0.6255179890625 0.8645264265625 0.6072253062499999
1 0.768852659375 0 0.7955906734375 0.2691542921875 0.8479632453124999 0.7320368625 0.8504687890625 0.738666575 0.8590053765624999 0.737668790625 0.8623313187500001 0.7217042640625 0.7779761859375001 0 0.768852659375 0
3 0.8535729890624999 0.6171587890625 0.8636395203125 0.7180900718750001 0.89756414375 0.7418151281250001 0.8891162343750001 0.6251188765625 0.8535729890624999 0.6171587890625
4 0.507747078125 0.9860727062500001 0.5509274921875 0.984816284375 0.750180546875 0.9615269421875 0.73720935625 0.8505513125 0.7209787484375 0.8005291296875001 0.6977858234375 0.6613273328125 0.684836815625 0.6541876421875 0.6758345921875 0.60678186875 0.66117826875 0.5998417359375 0.507747078125 0.9860727062500001
4 0.5262558859375 0.940972640625 0.5293601015625 0.95272430625 0.5111599250000001 0.9859734015624999 0.5509275015624999 0.984816284375 0.7497537171875 0.9615768328125001 0.75089008125 0.9527907984375 0.7357015953125 0.8524581859374999 0.6852359296875 0.6576022781249999 0.6466771640625 0.653455940625 0.5662115359375 0.82381075 0.5409343796875 0.9184892640625 0.5262558859375 0.940972640625
1 0.5501361453125 0.8343429046875 0.5425086484375 0.8283118625 0.534371175 0.8327242796875 0.5160119671875 0.8089105328124999 0.5093157296874999 0.766427153125 0.5200696125000001 0.754786353125 0.5056128453125 0.7495535359375001 0.50397205 0.7947420171874999 0.4781959953125 0.8185225125000001 0.46709843281249996 0.81981963125 0.45807403906250005 0.8018373656250001 0.4535950953125 0.7487109703125 0.45973700156249997 0.727225378125 0.4532181515625 0.7158728265625001 0.38111170781250003 0.7208395750000001 0.3628411921875 0.7125912390625 0.344459815625 0.7182009984375 0.2673422828125 0.7099083234375 0.2436393953125 0.7144094359375 0.1600917046875 0.7103296218749999 0.142109440625 0.719354015625 0.04971474375 0.728422765625 0.0396703984375 0.7313274234375 0.070931440625 0.9987827421875 0.495082175 0.9864412171874999 0.4964997890625 0.982524759375 0.5214221859375 0.9588440437499999 0.5167215171875 0.9334338390625 0.5472758421874999 0.8987109890625 0.5405574375 0.8856511203125 0.5421760578125 0.8698861499999999 0.559360096875 0.8540324859374999 0.5501361453125 0.8343429046875
1 0.5217990984374999 0.7251632859375 0.4893600671875 0.7289548640625 0.497941009375 0.8023695125 0.5303578703125 0.8280014437500001 0.5512447921875 0.8290213953125001 0.5669210703124999 0.8150746062499999 0.5834177421875 0.7785335765625 0.5532181765625 0.7422586296875 0.5217990984374999 0.7251632859375
1 0.6235507796875 0.6925025109375 0.63771929375 0.680462596875 0.6401583140625 0.6421033859375 0.622796890625 0.6268262250000001 0.6123534296875001 0.6263162484375 0.56102304375 0.646161046875 0.5508678328125 0.662923803125 0.5514221640625 0.7268927734374999 0.5593379125 0.7501965453125 0.585524175 0.7817486546875 0.5964776109375001 0.7718151703125 0.6235507796875 0.6925025109375
1 0.5176748828125 0.334520190625 0.4981848578125 0.345451459375 0.49676579062500004 0.362923746875 0.4877192265625 0.37436499218749997 0.4917325328125 0.3790878296875 0.48268596874999997 0.3905290765625 0.4897369796875 0.49527410625 0.46632234375000003 0.51704795 0.46026913125 0.55409895625 0.4690939703125 0.5703739031249999 0.479071809375 0.655739771875 0.47984786718750005 0.6919925515625 0.475125028125 0.6960058578125 0.4915773625 0.718311846875 0.5428855765625 0.7278905578125 0.5518434484375 0.700883896875 0.5496704921875 0.6526798968749999 0.596788015625 0.626404940625 0.6046372375 0.60471979375 0.60386118125 0.5684670125 0.576322359375 0.4661166625 0.5405130328125 0.4114603359375 0.540136090625 0.37862219218750004 0.5291161265625 0.3435667546875 0.5176748828125 0.334520190625
1 0.1163888015625 0.6029460140625 0.11503625937499999 0.6654072249999999 0.12525799531249998 0.6936333921875 0.174570640625 0.686138928125 0.1778965828125 0.6701744015625 0.1677191875 0.583101215625 0.149936478125 0.5938329265625 0.11991429843750001 0.5886888046875 0.1163888015625 0.6029460140625
1 0.0374752734375 0.71254693125 0.0570539921875 0.717181078125 0.09563492968750001 0.69190390625 0.089116078125 0.6805513546874999 0.0979630859375 0.6674027921875 0.0937723921875 0.631549125 0.0816437828125 0.6018151984375 0.0518211609375 0.5983783921875 0.036144884375000005 0.6123251828125 0.03108945625 0.6579127765624999 0.0374752734375 0.71254693125
1 0.235812325 0.5734116234375 0.2022646484375 0.5825247140625 0.18809613281249998 0.594564628125 0.187142703125 0.6604404734375 0.20006953906249997 0.697003671875 0.25359505000000004 0.6959393640625 0.2732846296875 0.6867154140625 0.25787441875 0.6140989921875 0.2700473671875 0.5849859046875 0.235812325 0.5734116234375
1 0.2891382953125 0.7038994515625 0.313838965625 0.707934925 0.31694318125 0.7196865906250001 0.3755019484375 0.7024581984375 0.4161671453125 0.7098196140625 0.444991984375 0.70471983125 0.4449032921875 0.68915441875 0.4547480828125 0.6845424421875 0.4451915265625 0.5731676984375 0.40643320312500003 0.5673140421875 0.38312942968749997 0.5752297890625 0.31423806249999997 0.5780901093749999 0.2912668796875 0.54443156875 0.2825972609375 0.588710959375 0.28406068281249996 0.645651103125 0.2891382953125 0.7038994515625