3 1 0.8550601312499999 0.99212865625 0.8523660484375 0.9692993171875001 0.8567796124999999 0.9228132890625 0.83952543125 0.92000581875 0.8201564859375001 0.9147328421875001 0.82130776875 0.9134867874999999 1 1 1 1 0.8550601312499999
0 1 0.7902371953125 0.9911413625 0.7812176171874999 0.9529784734375 0.775277165625 0.9256428296875001 0.8086493046875001 0.9247327421874999 0.8345390500000001 0.9507335890625 0.8391385328125001 0.95558185625 0.85006913125 0.9853002640625 0.8481478140625001 1 0.8567229890625001 1 0.7902371953125
3 0.894498021875 1 0.9009547109374999 0.8163232703125001 0.8541653218749999 0.807699003125 0.81828591875 0.7864162734375 0.764910828125 0.766669840625 0.7609671109375 0.8788587265625001 0.8070891031249999 0.9064688046875 0.857695328125 0.955365378125 0.8793718890625 0.9837454890625 0.8844865875 1 0.894498021875 1
3 0.7654734140625 0.8499001500000001 0.7880600640625001 0.85239051875 0.7934543859375001 0.8477872703125 0.7893341875 0.8161448796874999 0.7706471140625 0.801955765625 0.7654734140625 0.8499001500000001
0 0.7891135671875 0.772803740625 0.822003478125 0.779895475 0.8198027328125 0.7432667015625001 0.8042871671875 0.738090634375 0.788164875 0.7501743953125 0.7891135671875 0.772803740625
0 0.887562684375 0.750737803125 0.856349534375 0.7455636203125 0.84153996875 0.7699208265624999 0.8422459703125 0.799454103125 0.895985096875 0.8088446375 0.8989359828125 0.7745165468749999 0.887562684375 0.750737803125
3 0.5318298296874999 0.7981489015625 0.5344552828125 0.8226957953125 0.5813053453125 0.8295940796875 0.6259932640625 0.8483826765625 0.730057325 0.865054628125 0.7372332187499999 0.76015280625 0.70602006875 0.7549786234375 0.7004823328125 0.8132789062500001 0.5318298296874999 0.7981489015625
3 0.706362034375 0.794867796875 0.6707032546875 0.81692620625 0.6585412109375001 0.8155852390625 0.6512274390624999 0.8251748671874999 0.6355905265625 0.8234507671875001 0.63013553125 0.8297799984375 0.6539742375 0.8462697953125 0.704177821875 0.8570031796875 0.7269464906249999 0.8543155984374999 0.7350490062499999 0.8222881890625 0.7366871671874999 0.7756866515625 0.72998011875 0.7680164546875 0.735374440625 0.76341320625 0.730344153125 0.7576605578125 0.70769683125 0.756896171875 0.706362034375 0.794867796875
4 0.6974928453125 0.7990879109375 0.6336324703125 0.7799180609375 0.6057728453125 0.7785789796875 0.6050447734375 0.799290771875 0.6204996687500001 0.8061928203125 0.6867042015625 0.8082944078125 0.6974928453125 0.7990879109375
0 0.6866269953125 0.7112562359375 0.6778791484375 0.712024384375 0.67404024375 0.7219971468749999 0.6729481374999999 0.7530648390625 0.6989489859375 0.757664321875 0.6967482390625 0.7210355484375001 0.6866269953125 0.7112562359375
4 0.6477800375 1 0.6462136859375 0.918186375 0.64090210625 0.8708185703125 0.627488009375 0.855478175 0.582921434375 0.8332376109374999 0.5601527671875 0.83592519375 0.4653206484375 1 0.6477800375 1