0 0.8952562234375 1 0.9349367125000001 0.7952937265625 0.8818955921875 0.7827362984375 0.8417150234375 0.7843237953125 0.7974872984375 0.8425636859375001 0.7732792140625 0.8869591578125 0.749648221875 1 0.8952562234375 1
3 0.7507447968750001 1 0.75526540625 0.9620031000000001 0.77490826875 0.87855508125 0.8024686593749999 0.8347523562499999 0.789291053125 0.8132996578125 0.7533460296875 0.7930365546875 0.7412871484375 0.79264275625 0.734303821875 0.8018385296874999 0.712839646875 0.7963048640625 0.6995246203125001 0.8113347796875001 0.642488328125 0.79255764375 0.6326630296875 0.771697690625 0.6452793375 0.7513289578125 0.6117091828125 0.7367010453125 0.5928592375 0.8428887843749999 0.6334165859375 0.910904884375 0.6732668187499999 1 0.7507447968750001 1
3 0.6143627703125001 0.7319549750000001 0.6055658703125 0.7773369875 0.63606243125 0.7809908875 0.6476071125 0.7482637000000001 0.6143627703125001 0.7319549750000001
0 0.652914284375 0.7387715546875 0.6424412312500001 0.7838571937500001 0.6558975515625 0.7949286296875 0.6985000890624999 0.807676775 0.707391184375 0.7796956609375 0.706876984375 0.746574678125 0.6940722859374999 0.7321416125 0.6659035 0.7254224546875 0.652914284375 0.7387715546875
0 0.7201449140625 0.7228443140625 0.70813313125 0.73115096875 0.70743828125 0.7883961109375 0.7211733140625001 0.7890862796875 0.7279250234375 0.7989722218749999 0.7411929546875 0.775241859375 0.74375234375 0.753094884375 0.7366277265625001 0.7361893109375 0.7201449140625 0.7228443140625
3 0.55486128125 0.7527257109375001 0.5720428156249999 0.7714095249999999 0.5842391171875 0.73532070625 0.5681292124999999 0.7289953453125 0.5621233203125 0.7331486734375 0.55486128125 0.7527257109375001
0 0.5724589515625 0.7245456484374999 0.5835403968749999 0.7299818890625 0.5904295281249999 0.7033852171875 0.5840507296874999 0.700518909375 0.5773932140625 0.708033865625 0.5724589515625 0.7245456484374999
4 0.4423884328125 1 0.4926120125 0.760841621875 0.49917533125 0.7359257640625 0.5129103625 0.736615934375 0.5158426640625 0.7214885953125 0.4920036171875 0.7103197390625 0.461554153125 0.7153662875 0.4536404921875 0.73830495625 0.4363215359375 0.7561037546875 0.39683968593749996 0.7630300671875 0.4059191703125 0.769850753125 0.40298687031249997 0.784978090625 0.3860408234375 0.8097965234375 0.34399958124999996 0.8388698109374999 0.2487453265625 0.9367632046875001 0.2357090140625 0.9414118546875001 0.20251176875 0.9338035781249999 0.1971515140625 0.9676242796875 0.38025401406250003 1 0.4423884328125 1
4 0.4415138140625 1 0.48697902812500005 0.77201458125 0.446378453125 0.75788199375 0.41565027499999996 0.7733098078125 0.400333284375 0.7897241640625 0.398099703125 0.8101903203124999 0.3623430671875 0.8247290156249999 0.3413459953125 0.843615884375 0.214053721875 0.9706128843749999 0.3802540171875 1 0.4415138140625 1
2 0.23181541874999997 0.4696103890625 0.2245101515625 0.5430709390625 0.1865670328125 0.586776240625 0.1479761609375 0.696427134375 0.131269471875 0.827331778125 0.0954980109375 0.9496501640625 0.18263911875 0.9650582343749999 0.2166590671875 0.8250459078124999 0.2495266328125 0.7717510359374999 0.2767573421875 0.6670451640625 0.27921866875 0.5649133296875 0.26579116875 0.517919553125 0.27702444531250003 0.4689120125 0.272227603125 0.4489411796875 0.258445475 0.43955055937500004 0.24708531250000002 0.4444955828125 0.23181541874999997 0.4696103890625
4 0.2014872375 0.9301455734375 0.195508921875 0.967333840625 0.20772861874999998 0.9694944953125001 0.23705935625 0.9433890437500001 0.2014872375 0.9301455734375
4 0.152415575 0.9597141828125 0.16088666406250002 0.9160129875 0.1437993234375 0.9147300703125 0.1305784921875 0.9471608843749999 0.1289494359375 0.9555649609374999 0.152415575 0.9597141828125
4 0.058268437500000006 0.89091459375 0.0478386109375 0.8821167203125 0.023116325 0.8933912093749999 0.0187865859375 0.8978409078125 0.042719828125 0.9264106640625 0.0848107484375 0.94776046875 0.0904537921875 0.948758259375 0.10152259687500001 0.9003011093750001 0.058268437500000006 0.89091459375
4 0 0.916874878125 0.0071948078125 0.9218676453124999 0.0740088734375 0.945850509375 0.09407464374999999 0.9493984875000001 0.10822720781249999 0.9014866015624999 0.04849023125 0.8787550906250001 0 0.9003309140625 0 0.916874878125