4 0.6827137125 1 0.6893150296874999 0.9498553125000001 0.6548406499999999 0.9336228671875 0.5590341390625 0.9068949671875 0.50765831875 0.8722707312500001 0.495397525 0.8563952406249999 0.511984340625 0.833401103125 0.48878110625 0.8208196015624999 0.4778527515625 0.7896725906250001 0.48714108593749994 0.7774846953125001 0.47488733437499997 0.7443887046875 0.4845149390625 0.7133149921874999 0.43313560000000007 0.68730100625 0.4026162828125 0.7285769906249999 0.29677600000000004 0.91540335625 0.2891488140625 0.919264665625 0.2783522390625 0.9811374078125 0.38857930937499996 1 0.4503169625 1 0.4502495625 0.9967759515625 0.472480753125 0.9540816624999999 0.529165196875 0.9792813140625001 0.5493889296875001 0.981019928125 0.5636395765625 0.9955137593750001 0.575214296875 1 0.6827137125 1
1 0.40997109531250003 0.5800067609374999 0.39435984375 0.6496664421875 0.40065811562500003 0.6524664046875001 0.43487420156249995 0.48954893281249995 0.40997109531250003 0.5800067609374999
3 0.419885159375 0.659200971875 0.438447746875 0.669266171875 0.452705434375 0.66653950625 0.45702441406250005 0.6448903765625 0.42685493125 0.641449796875 0.419885159375 0.659200971875
3 0.53691913125 0.66545103125 0.528634528125 0.655422478125 0.4673059171875 0.6363167734374999 0.45238728906250003 0.6337638250000001 0.4593429765625 0.65045365 0.45668514218749995 0.66377619375 0.4454104765625 0.668735496875 0.49977283593750005 0.6969821234375 0.523644046875 0.6976227421875 0.53691913125 0.66545103125
1 0.39299924062499997 0.73381995625 0.42683732656249995 0.68450104375 0.40065107343750006 0.6696869015625 0.40065459531250003 0.6610766531250001 0.379437696875 0.6557237437500001 0.37213921562499996 0.6665299828125 0.36382996562500003 0.7167731765625 0.39299924062499997 0.73381995625
4 0.47759445781250004 0.610522675 0.466648496875 0.6224269125 0.48222806250000005 0.6302594734375 0.4862148125 0.6102756609375 0.47759445781250004 0.610522675
1 0.8080426656249999 1 0.820984690625 0.8397801515625 0.87884538125 0.42086113750000004 0.942580575 0.2302738828125 0.9944559546875 0.14769666718750002 0.997027121875 0.0845957109375 0.7771958031249999 0.046977103125 0.7950765765625001 0.14475631718749998 0.7870608265625 0.2880469328125 0.7956670984375 0.3222409171875 0.7953207875 0.35834723125 0.7504522421875001 0.6262163625 0.74343318125 0.764511025 0.718537115625 0.8377483546875 0.6912414078125 1 0.8080426656249999 1
1 0.4838504796875 0.7166456265625001 0.48048241875000003 0.8452320437499999 0.496390690625 0.8600095375000001 0.501024296875 0.8797463359375 0.5570442828125 0.9082766234375 0.6926338000000001 0.9418123859374999 0.697620759375 0.9082223703125001 0.6492420437499999 0.8413897765625 0.6499100234374999 0.8294488921875001 0.59490785 0.7442611578125 0.56773195 0.7172224703125 0.5584471359375 0.7208001187499999 0.5544603859375 0.7407839296875001 0.5398704671875 0.7451759140624999 0.5302675078125 0.7159778828125 0.5020878796875 0.711155646875 0.4838504796875 0.7166456265625001
3 0.663163984375 0.8489386796874999 0.697956509375 0.8979468046875001 0.72352759375 0.7955480921875 0.7175721140625 0.7652520640625 0.7255456171875 0.7252844406250001 0.6940542562500001 0.711284634375 0.6890813812500001 0.7104336515624999 0.663163984375 0.8489386796874999
3 0.6715190046874999 0.6867622484375 0.6469938953125001 0.6636215171875001 0.6042278703124999 0.6545810171875 0.591620765625 0.674811840625 0.5727224296875 0.67502220625 0.5650811578125 0.7133245125000001 0.5985553296874999 0.7431631609375 0.6542219609375 0.8250202625 0.677474484375 0.7170582734375001 0.6715190046874999 0.6867622484375
3 0.888445478125 1 0.9326752796875001 0.778295615625 0.9191520140625 0.768748334375 0.8966097203125001 0.7614464453124999 0.8869926765624999 0.7666894125 0.8756933640625 0.8319204609374999 0.8551338828124999 0.840457415625 0.827947421875 0.8392494765625 0.81454841875 1 0.888445478125 1
1 0.12897657499999998 0.1926540484375 0.1415731203125 0.198253971875 0.1528372265625 0.219125415625 0.1607790390625 0.256650034375 0.16010401875 0.285811415625 0.1484900796875 0.3096565375 0.15908620625 0.34246886718749997 0.17832733437499998 0.314762434375 0.18596508437499998 0.285070378125 0.2061888171875 0.286808990625 0.2081821921875 0.276817084375 0.2254264234375 0.26771280937499997 0.2552636765625 0.27281870625 0.2602295109375 0.2908901875 0.26918209531250004 0.28897785468750004 0.2748159078125 0.295108453125 0.3069787671875 0.28855712499999997 0.3129412875 0.3016326546875 0.3633274609375 0.32403234531249997 0.3643135875 0.3448671390625 0.40211025781250004 0.34444640937500004 0.4034426953125 0.32917488906250003 0.43462294999999995 0.2931785171875 0.4568365359375 0.2935354734375 0.4767350796875 0.27971890625 0.49897331093749997 0.21980411718749998 0.49999464375 0.15453642031249998 0.512598228125 0.14291584531249998 0.5401204390625 0.133848215625 0.5530562546875 0.1205623234375 0.564026859375 0.0483863421875 0.5484578578125 0.01472303125 0.5513654640625 0.0083319140625 0.53935085625 0.0062759156250000005 0.0729596578125 0.0008489625 0.0469988640625 0.130978909375 0.056719609375 0.14240133593749998 0.07396031875 0.1419073109375 0.075289234375 0.135246040625 0.09684188437499999 0.13032338125 0.1173872828125 0.156227425 0.13197368125 0.1604456921875 0.12897657499999998 0.1926540484375
1 0.1083220359375 0.433667734375 0.075805821875 0.49354587499999997 0.053231840625000006 0.563736228125 0.0084442734375 0.633569628125 0.0047862328125 0.6604983703125 0.010087815625 0.6682942859375001 0.030643776562500002 0.66836758125 0.041921965625 0.654798028125 0.10032036875000001 0.5425173515624999 0.1750156046875 0.30558486406249996 0.18332485625 0.25534167343749997 0.178687728125 0.2442151234375 0.164430040625 0.2469417890625 0.15844639375 0.28552775625 0.1083220359375 0.433667734375
1 0 0.907999846875 0.017287717187500003 0.8985750250000001 0.054766240625 0.8653786125 0.095220746875 0.8516353421874999 0.1453063765625 0.7982081062499999 0.1764760671875 0.788042484375 0.21361884375 0.765121640625 0.2517618265625 0.72859459375 0.3230573140625 0.6977407671875 0.354880903125 0.7100752578125 0.3751327984375 0.642931875 0.36618373593750003 0.6362339578125 0.35291921249999997 0.6425749187500001 0.3038513953125 0.6393447078125 0.1871390890625 0.6572600734375 0.1708880234375 0.669978646875 0.17154192031249998 0.6924787593749999 0.15461935625 0.725748465625 0.124446353125 0.730918134375 0.08962566093749999 0.7507920046875001 0.0727171796875 0.7496207125 0 0.770747840625 0 0.907999846875
1 0.578790721875 1 0.48739938125000004 0.9566346109375001 0.472148525 0.9557469796875001 0.4605381046875 0.9709818515625 0.45474901250000005 1 0.578790721875 1
1 0 0.9335044124999999 0.24512465 0.9754513390625 0.26162308125 0.9369425421875001 0.2689180390625 0.9347465515625 0.3150345234375 0.85825188125 0.340573921875 0.8333454124999999 0.3588218828125 0.8020246859375 0.3847040734375 0.74962215 0.3847111140625 0.7324016515625 0.3131080421875 0.704649053125 0.2620398078125 0.7286312421875001 0.1744826921875 0.7980343890625 0.154258959375 0.7962957765625001 0 0.9142117703125001 0 0.9335044124999999
1 0.6226448265625 0.2099683234375 0.6030820328125001 0.21350932500000003 0.6017495953124999 0.22878084531249998 0.58981046875 0.2370707859375 0.5762172375 0.2364668171875 0.5768676109374999 0.267577178125 0.5881281984375 0.29705886875 0.58944303125 0.324838596875 0.6027005125 0.33571813281249996 0.607655784375 0.3796203609375 0.5668162390625 0.5241826890625 0.5488653 0.6399405921875 0.5521770312500001 0.6491181640625 0.5700857203125 0.636683253125 0.580391865625 0.5678379062500001 0.5949958671875 0.529004925 0.5930165749999999 0.504555834375 0.654751353125 0.3411809859375 0.6872605218750001 0.29852334375 0.7237388390625 0.278933134375 0.7214378796875 0.23031861406249998 0.732712546875 0.2253593109375 0.733380528125 0.21341842500000002 0.7642285515625 0.1790873703125 0.7534291 0.042910029687500004 0.6559852953124999 0.0262349703125 0.6515593281250001 0.0392549390625 0.6581863078125 0.0489998328125 0.656511078125 0.0917674171875 0.6671177687500001 0.098748996875 0.6691005796875 0.1145878390625 0.6465512437500001 0.12450645 0.638574221875 0.1730843234375 0.64321135 0.1842108734375 0.6266315765625 0.18998451249999998 0.6226448265625 0.2099683234375
1 0.549869028125 0.617724140625 0.5282811734374999 0.7087492906249999 0.534579446875 0.7115492515625 0.554513196875 0.611630190625 0.549869028125 0.617724140625
1 0.5388808203125001 0.73295136875 0.5458400296875 0.74103094375 0.5674208453125 0.6672262921875001 0.5670991765625 0.6430608624999999 0.55648896875 0.6446895328125 0.5388808203125001 0.73295136875