3 0.6627957125 0.6709877875 0.7334441593750001 0.7203496359375 0.7951363453125 0.7768596640625 0.7976949359375001 0.7922605390624999 0.7912972625 0.8148095921875 0.74253745 0.8619021765625 0.8314771875 0.9517196531250001 0.9943875906249999 0.9355942 0.9960212484375001 0.654792234375 0.9631859390624999 0.6569082265625 0.9472928828124999 0.6537851359375 0.9433748156249999 0.641649653125 0.8928767640625 0.63725565 0.660097703125 0.6289886828125 0.6541601703125 0.6342726421875 0.6537999578125 0.6530932578125 0.6627957125 0.6709877875
3 0.5545582546875 0.8914669234374999 0.503699990625 0.9058935375000001 0.387050171875 0.9221361921875 0.24173289531250003 0.931823975 0.197272303125 0.9237015359375 0.0915377828125 0.93886375625 0.0236872703125 0.9330565343749999 0.0279246265625 0.9990181953124999 0.48924320468750004 0.9855951953125001 0.8190025625 0.9529544359375001 0.8217215156250001 0.9464236500000001 0.7708446999999999 0.8872776671875 0.7378594671875 0.8623652203125 0.717488278125 0.8628162203124999 0.6508368812499999 0.8756752671875001 0.6218092078125 0.887941009375 0.5545582546875 0.8914669234374999
2 0.4103449453125 0.674060478125 0.414202578125 0.7096831453125 0.42239892343749996 0.7151334953124999 0.430035203125 0.73629341875 0.44034855000000006 0.8479823375000001 0.448544896875 0.8534326859375 0.4583400609375 0.8837713953125 0.46467729843749994 0.8847095265625 0.46484005 0.740675378125 0.47537658125000004 0.6848429625 0.4700200546875 0.6258874578125 0.45368779843749996 0.5914995734375 0.4503297984375 0.56365451875 0.443992559375 0.5627163875 0.44101332343750005 0.5896233109375 0.4136239625 0.6518201218749999 0.4103449453125 0.674060478125
4 0.47307349531250004 0.893270921875 0.496563340625 0.8925112265624999 0.6288064375 0.8747250921875 0.70059595625 0.8441379078125 0.7525743515625 0.79829215 0.7428791125 0.7695089625 0.5766910140625 0.7718701328125 0.566335784375 0.7572409953125 0.5853498874999999 0.6379529015625 0.5650786250000001 0.639959425 0.5330717140625 0.6791320921875 0.474735140625 0.7725696078125 0.47307349531250004 0.893270921875
4 0.44224715000000003 0.8775372625 0.4307532390625 0.8207546718750001 0.36945836718749997 0.8925692234374999 0.454761265625 0.9013451859374999 0.44224715000000003 0.8775372625
0 0.7895614140625 0.64122051875 0.8443377453125 0.6389293875 0.843798621875 0.6061090703125 0.8347029390625 0.5866590171875 0.7984386921875 0.5839869281250001 0.7833845375 0.618350725 0.7828244703125 0.634060296875 0.7895614140625 0.64122051875
0 0.8501753515624999 0.6320899062499999 0.8862397468750001 0.6316509515625001 0.8880593609374999 0.6111204640625 0.8810226390624999 0.5992936765625 0.869407859375 0.5894854546875 0.8443586859375 0.5903994984375001 0.842039440625 0.603152371875 0.8501753515624999 0.6320899062499999
0 0.6873057609375001 0.6372534265625001 0.7183923953125 0.6326109468750001 0.7095569984375001 0.59278475625 0.6893856625 0.5963468 0.6843474671875 0.6156304609375 0.6873057609375001 0.6372534265625001
0 0.6785702921875 0.5989827578125 0.67183335 0.5918225359375 0.6579992515625 0.5963227125 0.6581386703125001 0.622920940625 0.675291278125 0.621223115625 0.6810289578125001 0.6128281125 0.6785702921875 0.5989827578125
0 0.7305672390625 0.6267095968749999 0.75873506875 0.6254868578125 0.7558372078125 0.5803767093750001 0.7386845984375 0.582074534375 0.7285687125 0.59559915 0.7305672390625 0.6267095968749999
0 0.80125756875 0.5790116656250001 0.7944207 0.5702959234375 0.7715304125 0.5803887515625 0.769610871875 0.599363715625 0.773329084375 0.60838815625 0.7812256515625 0.6091719375 0.80125756875 0.5790116656250001