1 0.82860429375 0.9104645250000001 0.6274160453125 0.682887065625 0.609370571875 0.6732262 0.555938146875 0.674177196875 0.552962628125 0.6914676640625 0.5845080828125 0.9749975078125 0.8694909015625001 0.9633853468750001 0.82860429375 0.9104645250000001
3 0.7674601828125 0.6782225203125 0.7498306953125 0.6827416921875 0.72029886875 0.679246759375 0.705740821875 0.646001321875 0.6460372859375 0.64687908125 0.6408861640625 0.690919478125 0.656596 0.7100031875 0.72359471875 0.773786440625 0.7479433640625001 0.8024211593749999 0.7543745109375 0.819821484375 0.8850877140625 0.9627498265625001 0.9453852546875 0.9602928890625 0.9661587296875 0.7048744046875 0.9247819312500001 0.692659996875 0.9044967359375 0.6719478328124999 0.8536559046875001 0.6603289390625 0.8132776093749999 0.6551323124999999 0.7839378781249999 0.6878650796875 0.772963434375 0.6877369109375 0.7674601828125 0.6782225203125
0 0.776226965625 0.6862000046875 0.7843218078125 0.6831445031250001 0.792992415625 0.63442015 0.788257025 0.6154646078125 0.7733471046875 0.6058403593749999 0.7345365890625 0.6006620421875 0.7109240031249999 0.6208615375 0.706380703125 0.638133696875 0.7114041078125 0.6728427984375001 0.7298335125000001 0.6777830890625001 0.76614835625 0.6750571609375 0.776226965625 0.6862000046875
0 0.7885129765625 0.6123175562500001 0.7892490359375001 0.66115176875 0.7978878421875 0.6707027796875 0.8054066609375001 0.6361401515625 0.7885129765625 0.6123175562500001
3 0.61026640625 0.6622115203125001 0.6207289453125 0.6686337906250001 0.6287278703125 0.6860524265625 0.635158759375 0.626276775 0.6128259390624999 0.630741015625 0.61026640625 0.6622115203125001
3 0.6773928421875001 0.6472452734374999 0.6622269703125 0.6407680765625 0.641461928125 0.6452506265625 0.63893445625 0.6956217453125 0.6452055671875 0.6956949828125001 0.65777985 0.7147420734375001 0.6920150078125 0.7182919359375 0.7104123546875 0.7043316140625 0.70417304375 0.6459830125 0.6773928421875001 0.6472452734374999
0 0.6496847484375 0.6406215984375 0.677776771875 0.642524696875 0.6796964203125 0.61892181875 0.6739372171875 0.6125544796875 0.6530441984375 0.6186105562499999 0.6496847484375 0.6406215984375
0 0.6167293546875 0.621336484375 0.62731986875 0.6261852265625001 0.6318631671875 0.60891306875 0.6263599156249999 0.5993986796875 0.6168252734374999 0.600862346875 0.6167293546875 0.621336484375
0 0.681296259375 0.6378407421875 0.703245146875 0.6380970765625 0.704652890625 0.6207882984374999 0.697965790625 0.606535021875 0.6850396375 0.6111091203125001 0.681296259375 0.6378407421875
1 0.164570484375 0.9326348421875 0.1083098046875 0.9760783468750001 0.3428493703125 0.9788174671875 0.3556154875 0.9569162812500001 0.368349546875 0.9161144828125 0.42840469375 0.8144395578125 0.4533929625 0.7580306734375 0.433779709375 0.748351496875 0.381115146875 0.73986134375 0.2827613890625 0.8300638499999999 0.263564125 0.8345647109375 0.1910306140625 0.89671840625 0.164570484375 0.9326348421875
4 0.551362790625 0.67254874375 0.52455053125 0.654910390625 0.5011938984375 0.6719628359375001 0.3618545421875 0.93808890625 0.3512481828125 0.978915553125 0.45781001562499996 0.9801600578125 0.5799907421875 0.975181575 0.551362790625 0.67254874375
4 0.4662870578125 0.7345559609375 0.40603955625 0.7228272109375 0.3834507828125 0.7304385015625 0.384122725 0.7414714874999999 0.4533929625 0.7580306734375 0.4659031265625 0.7392765375 0.4662870578125 0.7345559609375
1 0.40085611718749997 0.6707910203125 0.3938812640625 0.7179601578125 0.406807415625 0.7133860578125 0.47111810781249996 0.6558613906249999 0.47495740625 0.60865563125 0.4639829609375 0.6085274640625 0.451600775 0.6257080765625 0.412822315625 0.6394303703124999 0.40085611718749997 0.6707910203125
1 0.40930309062500003 0.721290303125 0.46484725625 0.7329641265625 0.5091287062500001 0.6515802453124999 0.4824764828125 0.6512689828125 0.459247828125 0.6667479000000001 0.40930309062500003 0.721290303125
1 0.38396243281250003 0.6469684250000001 0.2158903875 0.6875310953125 0.21070720937499998 0.7126708796875 0.1889183546875 0.7297416328125 0.1748086125 0.8067528234375001 0.1658502515625 0.916899590625 0.24907019375 0.8391204999999999 0.303494371875 0.8066806859375 0.3697567734375 0.7444537515625 0.380827134375 0.7241077812500001 0.38396243281250003 0.6469684250000001
1 0 0.9748134281249999 0.070056025 0.9756315921875001 0.1135378171875 0.961964225 0.1569875484375 0.9293962453125 0.21729735468750003 0.438694390625 0.20027569375 0.41644532031250003 0.132861246875 0.41565800625 0.10214634687499999 0.638952115625 0 0.6451338437499999 0 0.9748134281249999