3 1 0.746875 0.7609375 0.6890625 0.646875 0.66875 0.590625 0.65625 0.55 0.6640625 0.615625 0.7421875 0.5609375 0.7578125 0.453125 0.765625 0.003017090625 0.7314788828125 0 1 1 1 1 0.746875
4 0.5681818187500001 0.7528409093749999 0.6008522734375 0.7386363640625 0.5085227265625 0.7258522734375 0.5028409093749999 0.6448863640625 0.49289772656249997 0.6448863640625 0.4375 0.7201704546875 0.34659090937500003 0.7173295453125 0.05255681875 0.6960227265625 0.39630681874999996 0.7315340906250001 0.39204545468749996 0.7485795453125 0.46306818125 0.7613636359375 0.5681818187500001 0.7528409093749999
4 0.03125 0.6946022734375 0.0014204546874999999 0.6846590906250001 0 0.6917613640625 0.03125 0.6946022734375
1 0.5234375 0.6828125 0.5234375 0.4609375 0.5140625 0.471875 0.5109375 0.5203125 0.509375 0.7125 0.5140625 0.7171875 0.521875 0.7140625 0.5234375 0.6828125
1 0.5984375 0.73125 0.5890625 0.7125 0.5703125 0.7 0.5484375 0.6734375 0.528125 0.7 0.525 0.721875 0.5296875 0.725 0.5796875 0.734375 0.5984375 0.73125
1 0.590625 0.7125 0.5515625 0.6734375 0.54375 0.671875 0.5421875 0.684375 0.525 0.69375 0.525 0.7234375 0.5796875 0.734375 0.6 0.73125 0.590625 0.7125
1 0.31875 0.6984375 0.371875 0.6984375 0.3796875 0.69375 0.3765625 0.6765625 0.353125 0.6734375 0.1296875 0.653125 0.0515625 0.6515625 0.0484375 0.66875 0.053125 0.6734375 0.1125 0.684375 0.31875 0.6984375
1 0.0515625 0.490625 0.040625 0.634375 0.0375 0.6953125 0.04375 0.6984375 0.0578125 0.4765625 0.0515625 0.490625
1 0.053125 0.68125 0.0546875 0.6890625 0.1046875 0.6921875 0.0875 0.684375 0.053125 0.68125
1 0.3140625 0.7265625 0.2625 0.7203125 0.046875 0.70625 0.0453125 0.7125 0.05625 0.7203125 0.31875 0.734375 0.3140625 0.7265625
1 0.4671875 0.684375 0.471875 0.665625 0.3765625 0.66875 0.3828125 0.690625 0.3671875 0.703125 0.2921875 0.703125 0.1734375 0.6890625 0.16875 0.69375 0.1578125 0.6890625 0.1234375 0.69375 0.1109375 0.6875 0.1078125 0.6921875 0.16875 0.7 0.434375 0.715625 0.4671875 0.684375
1 0.5171875 0.428125 0.5171875 0.4578125 0.525 0.4515625 0.525 0.43125 0.5171875 0.428125
1 0 0.6703125 0.0359375 0.6703125 0.0359375 0.653125 0.0078125 0.6453125 0 0.646875 0 0.6703125
1 0.459375 0.615625 0.465625 0.5921875 0.459375 0.575 0.4421875 0.5828125 0.44375 0.6609375 0.4546875 0.6609375 0.4625 0.65625 0.459375 0.615625
1 0.2453125 0.6453125 0.24375 0.6609375 0.2578125 0.6609375 0.2546875 0.6421875 0.2453125 0.6453125
1 0.3046875 0.6421875 0.303125 0.6671875 0.321875 0.66875 0.325 0.64375 0.3046875 0.6421875
1 0.1328125 0.6296875 0.128125 0.6328125 0.128125 0.65 0.140625 0.65 0.14375 0.6375 0.1328125 0.6296875
1 0.1890625 0.6296875 0.1875 0.65625 0.20625 0.6578125 0.2078125 0.6328125 0.1890625 0.6296875
1 0.0140625 0.609375 0.0078125 0.6125 0.0046875 0.6375 0.0234375 0.6421875 0.028125 0.6171875 0.0140625 0.609375
1 0.0796875 0.6140625 0.0671875 0.6171875 0.0625 0.64375 0.0828125 0.646875 0.084375 0.6203125 0.0796875 0.6140625