0 0.7373689015625 0.768767971875 0.75357950625 0.769529478125 0.776226440625 0.7837516046874999 0.7877994671875 0.833638771875 0.7975258296875001 0.834095675 0.80771734375 0.8181265906249999 0.8454189765625 0.8166080875 0.896249803125 0.8272198234375001 0.9069713625 0.8326578296875 0.9129904515625 0.84938841875 0.9310307375000001 0.8485910921875 0.9383494625000001 0.842355759375 0.9404446625 0.8387160390625 0.95577938125 0.7185364828125 0.8865034218750001 0.6096505203125 0.8314352765624999 0.5939053828125 0.7643459359375 0.5956881578125001 0.7448453046875 0.6079303703125001 0.7307858031250001 0.6286521031250001 0.72274539375 0.6661044265625 0.713148815625 0.741313675 0.7174989328125 0.7711241328125 0.73125399375 0.778349421875 0.7373689015625 0.768767971875
1 0.5842791390625 0 0.584317246875 0.000043359375 0.598827953125 0.07802984843750001 0.6225828875 0.1219101328125 0.6330958250000001 0.128983121875 0.6204966749999999 0.13825996875 0.6173673546875 0.1627847234375 0.6424698359375001 0.1705430671875 0.653560728125 0.185867125 0.662148165625 0.22081098593749998 0.659179559375 0.2568567765625 0.61323193125 0.4635858921875 0.607376590625 0.62449964375 0.5795480859375 0.753130296875 0.5971711296875 0.7556029375 0.6121300078125 0.7661743453125001 0.605132703125 0.7954517484375 0.6176839453125 0.7993309203125001 0.6282278109375 0.74225879375 0.6233646296875001 0.7420303421875001 0.6172327359375 0.700622696875 0.6359298140625 0.6307753046875 0.6490080625 0.489938259375 0.6544971078125 0.48526176249999997 0.6695827296875 0.4053760140625 0.684394840625 0.28929217500000004 0.7131876125 0.2297877390625 0.726604265625 0.1629818625 0.739459946875 0.1389140109375 0.7750583843750001 0.1027562484375 0.8166759109375 0.0833290765625 0.8369552375 0.0854330609375 0.817093153125 0.0800591078125 0.7815905359374999 0.0899048328125 0.7623464328125 0.08735604062499999 0.7839811906249999 0.0456079734375 0.80834500625 0.0335942125 0.8256466265625001 0.013024779687499998 0.851214259375 0.0043571375 0.8530286625000001 0 0.5842791390625 0
1 0.64190099375 0.6606619140625 0.632639784375 0.6437790234375 0.6253210578124999 0.65001435625 0.60492408125 0.7970867328125 0.61705808125 0.804235871875 0.6420786875 0.7231720453125 0.64190099375 0.6606619140625
3 0.6586895515625 0.6696744890625 0.661818871875 0.645149734375 0.6458168890625 0.64275324375 0.6444384125 0.7430203 0.669123653125 0.7540486125 0.7096501625 0.7559523765625 0.7186208765625001 0.68564808125 0.7113500609375001 0.6787273921875 0.66454793125 0.6748840406250001 0.6586895515625 0.6696744890625
0 0.71545759375 0.6081946453125 0.6830363859374999 0.6066716328124999 0.6689768859375 0.6273933656249999 0.66517379375 0.6699790906249999 0.7168391062499999 0.6740508921874999 0.727126440625 0.6317697703125 0.71545759375 0.6081946453125
3 0.42233615625 0.681598575 0.4389160921875 0.6922461328125 0.559356696875 0.732444384375 0.57373761875 0.7347647234375 0.581056346875 0.7285293921875 0.5951467734375 0.64366254375 0.5785668359375 0.633014984375 0.5574930515625 0.6320250281249999 0.5552461265625 0.636853828125 0.44653926093749996 0.658063778125 0.4191898546875 0.6551342328125 0.4181467484375 0.6633091531249999 0.428451065625 0.6720171265625 0.42233615625 0.681598575
0 0.5962856999999999 0.6091755859375 0.5894970171875 0.63681800625 0.5973936984375 0.63883374375 0.6052254859375 0.6030164046875 0.5962856999999999 0.6091755859375
4 0.5616345484374999 0.6634704703125001 0.5177052062499999 0.649893365625 0.5111560734375 0.611755690625 0.4796342421875 0.64152581875 0.459299121875 0.6603079671875001 0.5616345484374999 0.6634704703125001
4 0.45052085625 0.97240451875 0.5039793328125 0.9692909171874999 0.5093124453125 0.7284487328125 0.5757759234375001 0.73157090625 0.5867540124999999 0.7222179078125001 0.5156838859375 0.704076278125 0.40429587187499993 0.6823959015625001 0.43442224375 0.7019037328125 0.26116981875 0.96350960625 0.45052085625 0.97240451875
1 0.5720207390625001 0.7610006125 0.5702389671875 0.749403425 0.5485872296875 0.7401624 0.538860865625 0.739705496875 0.51648744375 0.7616814609375 0.5076774390625001 0.8435067921874999 0.5153401140625 0.9686292265625 0.8395472640625 0.9497463109375 0.7526182734375 0.8665265671875 0.677759 0.7758364531249999 0.6484671109375 0.7497886874999999 0.636911065625 0.750890615625 0.63236930625 0.7737042359374999 0.603190221875 0.7723335265625 0.6011998265625 0.762371321875 0.5720207390625001 0.7610006125
3 0.6494453250000001 0.70378069375 0.6505533234375 0.73343885 0.6591886703125 0.7552266921874999 0.759984909375 0.8471352140624999 0.8538119578125001 0.9489154875000001 0.9269267640625 0.944657034375 0.94172215625 0.8287042187500001 0.7775909703125 0.798618759375 0.77460538125 0.7836754546875 0.7473038843750001 0.7675898921875 0.723935265625 0.78458475625 0.708237725 0.7542412406250001 0.7114628609375 0.7034044484375 0.6494453250000001 0.70378069375
1 0 0.9151197765625 0.0029836640625 0.9135510796874999 0.02352740625 0.89313395 0.05557928125 0.8847709078125 0.10456344375 0.8459523859375 0.15004895468749999 0.8217725609375 0.19701179687499998 0.8371369468750001 0.228020565625 0.836948825 0.248259865625 0.8444787171874999 0.2690122265625 0.822426603125 0.2926203953125 0.7396516421875 0.33062647031250003 0.710186115625 0.3428562859375 0.691023215625 0.3435300609375 0.6729622453124999 0.180493715625 0.698199159375 0.157494428125 0.7250800749999999 0.12324353750000001 0.725115896875 0.11759378281249999 0.718271359375 0.0981410578125 0.717357553125 0 0.7427479578125 0 0.9151197765625
1 0 0.951240946875 0.28247305625 0.964510340625 0.412578865625 0.7452867859375 0.4142478359375 0.7322069171875001 0.3743951 0.7122421812499999 0.34035282968749997 0.71064301875 0.293406971875 0.7462677281250001 0.26896431875000004 0.8355826234375 0.245387078125 0.8542124687499999 0.22755541406250002 0.8533748125 0.2192894 0.8414730234375 0.19941943125 0.8438291843749999 0.14921446875 0.828312496875 0.11470704843749999 0.8431393203124999 0.0277647234375 0.8982673531250001 0 0.9201604203124999 0 0.951240946875
1 0.417698578125 0.7307242328125 0.4122574421875 0.7222447140625 0.35598548124999996 0.70315345625 0.315571771875 0.725926746875 0.287500684375 0.7542141953125 0.2726715921875 0.8193089359375 0.2760744234375 0.830982275 0.3106946453125 0.84083250625 0.3402909765625 0.83893325 0.3773018515625 0.8044866203125001 0.417698578125 0.7307242328125
1 0.367747109375 0.5342932390625 0.3576514140625 0.5239502828125 0.3476685203125 0.5382843828125 0.32857118281250003 0.6623908375 0.3443645453125 0.6664223109375 0.35089669687499997 0.65357089375 0.367747109375 0.5342932390625
1 0.388085265625 0.681634396875 0.39436088593749996 0.68357398125 0.429795575 0.4697718796875 0.42602340937500005 0.44821248750000003 0.4151102125 0.49539856406249994 0.388085265625 0.681634396875
3 0.3996413109375 0.680532465625 0.41219255156249995 0.6844116390625 0.44125883593750004 0.6611052921875 0.42101953593749997 0.6535754015624999 0.40256200781249996 0.657642696875 0.3996413109375 0.680532465625
3 0.35267846875000003 0.6651680796874999 0.35869755625 0.6818986703125 0.385469009375 0.67657714375 0.38838970625 0.6536873734374999 0.3559685 0.6521643609375001 0.35267846875000003 0.6651680796874999
3 0.36203549687500003 0.6557389312499999 0.3802844046875 0.6533066203125 0.3610403 0.65075783125 0.36203549687500003 0.6557389312499999
3 0.2489785140625 0.647138421875 0.2550455109375 0.65071299375 0.327367365625 0.6590447187499999 0.3276238953125 0.6442537171875 0.2530551171875 0.6407507906250001 0.2489785140625 0.647138421875
1 0 0.9512409484375001 0.27748454843750003 0.9642760031250001 0.2867820375 0.951554490625 0.3231500671875 0.8710237171875 0.287951890625 0.8529224171875001 0.2591900453125 0.8482817390624999 0.23728177499999997 0.8538317171875001 0.14921446875 0.828312496875 0.116328109375 0.8432154703125001 0.0602338390625 0.8866343453125 0.018824935937500002 0.9044265359375 0 0.9195498140625 0 0.9512409484375001