3 0.70750319375 0.8996572734375 0.7155059046875001 0.8838761843749999 0.7319179546875 0.7654535171875 0.6956342125 0.7578854703125 0.6604355484375 0.73707335 0.6524328374999999 0.7528544375 0.6479568984374999 0.8074862453125 0.70750319375 0.8996572734375
3 0.9743831374999999 1 0.98799175 0.8338978593749999 0.89712765 0.7963922125 0.8590466828125001 0.7902861734375 0.7779339515625 0.7975532046875 0.762708909375 0.9629106374999999 0.7676375015625 1 0.7809036593750001 1 0.78685295 0.995805825 0.7915664546875 0.9996973468749999 0.7918007625000001 1 0.9743831374999999 1
3 0.8577243140625 0.8269008796874999 0.8909561421875001 0.8307709046875 0.878612853125 0.8176343296875 0.8633872609375001 0.8192038374999999 0.858945025 0.812001296875 0.8577243140625 0.8269008796874999
3 0.674983240625 0.8256753515625 0.68912375625 0.83734991875 0.6858345515625001 0.8570225296875 0.6922096468750001 0.861107553125 0.69912728125 0.8585705406249999 0.702009584375 0.8438644578125001 0.7202870890625 0.8459929718750001 0.6964482953125 0.829846378125 0.674983240625 0.8256753515625
3 0.826696615625 0.8166023171875001 0.80923291875 0.804540746875 0.7844446828125 0.7999827203125001 0.7789173703125 0.8060242531249999 0.791260659375 0.819160828125 0.8160488953125 0.8237188578125 0.826696615625 0.8166023171875001
3 0.6044502765625 0.7857066171875 0.63754646875 0.791232153125 0.643107484375 0.7233562703125 0.6335448390625 0.717228734375 0.6076715265625 0.7259147796875001 0.6044502765625 0.7857066171875
4 0.5399911734375 1 0.541581621875 0.9388304734374999 0.5365628703125 0.9181903578125 0.5411067640625 0.9036777765625 0.5338838828125 0.8894661953125 0.5458199953125 0.8256753359375001 0.5414454390625 0.7766980593749999 0.5273049249999999 0.7650234921875 0.5166572046875 0.77214003125 0.5061111390625 0.757541446875 0.49780318437500004 0.7565739406249999 0.47738950312500006 0.8009931874999999 0.41150263750000005 0.8885846734375 0.39380164687499997 0.8998937375 0.3794578171875 0.9316494140625 0.3415804390625 0.96400709375 0.3286625828125 0.9859010046875 0.449730346875 1 0.5399911734375 1
3 0.5381899375 0.7345363218750001 0.5080440015625001 0.7544239296875 0.48851180781250003 0.747135384375 0.48451045156249994 0.75502593125 0.4908855484375 0.759110953125 0.5683021703125 0.7764830609375 0.58006894375 0.7761820625 0.5844772015624999 0.7633249875 0.5840363234375 0.748231903125 0.5381899375 0.7345363218750001
3 0.650330365625 0.73756785 0.6461596734375 0.8089482546875001 0.6634877359375 0.8226653328125 0.701127821875 0.8136782859375 0.7238475640625001 0.8230093421875001 0.7321892234375 0.7621425000000001 0.6974314390624999 0.7564234625 0.65572204375 0.7331818265625001 0.650330365625 0.73756785
0 0.80885971875 0.747672928125 0.7875303 0.741846390625 0.783393309375 0.7513924453125 0.7786121234375 0.789275659375 0.8113014156249999 0.7997677203125 0.818456340625 0.7738600765625 0.80885971875 0.747672928125
0 0.5783054203125 0.7158097203125 0.5927172046875 0.72417326875 0.6002790359375 0.693299096875 0.592784884375 0.6823985328125 0.582679703125 0.6828930343749999 0.5783054203125 0.7158097203125
0 0.6858679796875 0.71329421875 0.674779378125 0.7053176718749999 0.66786174375 0.7078546859375 0.6594521296875 0.7286023015625 0.6803746453125 0.7393953640625 0.6857663234375 0.735009340625 0.6858679796875 0.71329421875
0 0.7207613984375 0.717357746875 0.698889440625 0.718153246875 0.6946168171875 0.7293548109375 0.6945151609375 0.7510699328125 0.7258141265625 0.758057475 0.73480025625 0.750747434375 0.7207613984375 0.717357746875