4 0.7187045484375 1 0.6110256406250001 0.6858071796874999 0.5995621890625 0.6901063765625 0.50606324375 1 0.7187045484375 1
1 0.73652585625 0.02572005 0.8862446328125 0.9962671578125001 0.94752045625 0.991945453125 0.7894180515625 0.027567085937500003 0.73652585625 0.02572005
1 0.3308167390625 0.0912073625 0.34816814687500003 0.114418465625 0.3568953265625 0.18361688125 0.35094415625000003 0.20149009062499998 0.363419940625 0.22679041562500002 0.39357133125 0.23164526875 0.40544206406249994 0.218590603125 0.4303105484375 0.2342901453125 0.4353008625 0.2444102734375 0.47282303593749997 0.252235971875 0.49824509843750003 0.2486976359375 0.512757284375 0.2302206296875 0.5296183328125 0.22728609375 0.5694577578125 0.2733460203125 0.5873627421875 0.27731925 0.5982726171875 0.2922579234375 0.6287048625 0.3791243375 0.6520905203125 0.4193633375 0.6602126484374999 0.45020676249999997 0.7000204671875 0.5189584453125 0.7098548015625 0.5496811125 0.7068060671875 0.563858921875 0.7152860328124999 0.5741692671874999 0.7201794921875 0.6065494171875 0.708977025 0.6125755578125001 0.7123698234375 0.635025796875 0.7269650921874999 0.65144989375 0.7394092671875 0.6994419734374999 0.7543368593750001 0.8554704937500001 0.7955444234375 0.8647816140625 0.7980711890625 0.8471499218749999 0.778465740625 0.740321075 0.7708141078125 0.655338671875 0.7776114453125 0.5972627687500001 0.7733210046875 0.5574223593750001 0.781945234375 0.5114350484375 0.78251055 0.3892207984375 0.7882007359375 0.36962064687499996 0.78330524375 0.291425246875 0.73729455625 0.02574689375 0.4737961109375 0.016545325 0.260744 0.03157161875 0.2632063890625 0.0331432984375 0.268718671875 0.046717309375 0.2971262515625 0.0743846796875 0.301594596875 0.0810509265625 0.2960507078125 0.0901686703125 0.310938565625 0.085627953125 0.3308167390625 0.0912073625
3 1 0.7510834703125 0.9079249140625001 0.7381718796875 0.9507065109375 0.9411056437499999 1 0.9728867984375 1 0.7510834703125
3 1 0.7500413765625 0.9096371156249999 0.7380511203125 0.9129983078125001 0.7831931140624999 0.948211353125 0.9360455796875 1 0.9747949078125 1 0.7500413765625
1 0.950152934375 0.96034351875 0.9563916375 0.9913197796875 0.9861093390625 0.9892238265625 0.955550528125 0.9617081828125 0.950152934375 0.96034351875
1 0.9498919499999999 0.9586165781249999 0.956437575 0.9913165390625001 0.990626690625 0.9889052250000001 0.9626603250000001 0.9629520843750001 0.9498919499999999 0.9586165781249999
1 0.8333181015625 1 0.8787036453124999 0.996799015625 0.8575594093750001 0.8743705640625 0.8055882656250001 0.8396383593750001 0.8075298453125 0.8639362984375 0.79223470625 0.8772324828125001 0.7843419546875 0.8708077546874999 0.7765638953125 0.8765923765625001 0.7583979249999999 0.87089220625 0.7509124546875 0.8557120140625001 0.741402321875 0.781332775 0.6793042546875 0.736842721875 0.6729774125 0.740779640625 0.654696753125 0.722870121875 0.624284378125 0.7162883265625 0.6531191062499999 0.81548485 0.7143077921875001 0.9455611062499999 0.7291744921875 1 0.8333181015625 1
1 0.8333180921875 1 0.8803794390625 0.9966808234375 0.8603155515625 0.88115756875 0.843747096875 0.863127290625 0.8058492515625 0.8413653015625 0.8117372062499999 0.8688756046874999 0.8022469421875 0.8747809828124999 0.7684101578125 0.8684407078125 0.6958293640625001 0.88054113125 0.7277092359374999 1 0.8333180921875 1
1 0.2715171640625 1 0.2879692125 0.9756302234374999 0.48074016718749996 0.8084436859374999 0.501464509375 0.7738204078125 0.49929355 0.72510376875 0.4881226890625 0.7084381546875 0.4843542171875 0.672051625 0.47463457499999995 0.6535383078125 0.21755486093749998 0.5669489171875 0.20556943906249997 0.5677942328125 0.2011010953125 0.5611279875 0.1654058140625 0.565390878125 0.1461643 0.5754747 0.03650021875 0.5483022 0.0277760890625 0.5478266609375 0.029954003125 0.5622379859375 0.0420125015625 0.5618762140625 0.0484540328125 0.5701486421874999 0.053934709375 0.6064144109375 0.036595190625 0.6061828874999999 0.0417713828125 0.640433890625 0.0496641359375 0.64685861875 0.0466154015625 0.661036428125 0.056220356250000006 0.6673403953125 0.0749913765625 0.7113955562500001 0.06378890781249999 0.717421696875 0.0534460921875 0.717685734375 0.096110921875 1 0.2715171640625 1
1 0.5090012203125001 1 0.5094484671874999 0.9984072359375 0.5255382984375 0.8873154984375 0.4980283609375 0.8770383015625001 0.4035962046875 0.881953134375 0.349671740625 0.9258993671875 0.278873796875 1 0.5090012203125001 1
1 0.5395519984375 0.6594318546875 0.5078346984375 0.6442153515625 0.48781023125 0.64911835 0.5002860140625 0.6744186734375 0.4899811890625 0.6978349859375 0.5051815046875 0.752614071875 0.5099108343750001 0.7610072609375 0.5253206625 0.759920425 0.5511816125 0.7249348671875 0.5395519984375 0.6594318546875
1 0.5276695250000001 0.7754628968749999 0.5761331796875 0.7755355125000001 0.585425675 0.7225196765625 0.55657920625 0.72629953125 0.5246523984375 0.76694895 0.5276695250000001 0.7754628968749999
1 0.6603038578125 0.6683688625 0.6692920203125 0.73929421875 0.6702844859375 0.688609121875 0.6616719953125 0.6316200578125 0.6603038578125 0.6683688625
3 0.7865047875 0.736263396875 0.7992930296874999 0.8208835234375 0.8579666890625001 0.8656150968749999 0.8418172546875 0.735852975 0.7865047875 0.736263396875
3 0.801266215625 0.8224897062500001 0.8577057046875 0.8638881546875 0.8403660374999999 0.7377006765624999 0.8241732562499999 0.7336066875 0.78702675625 0.739717278125 0.801266215625 0.8224897062500001
3 0.6881262546875 0.7379658640625 0.7443047593750001 0.7776373734375001 0.7364752234374999 0.72582913125 0.69053833125 0.7081248234374999 0.67881389375 0.71069708125 0.6881262546875 0.7379658640625
0 0.717265315625 0.7132211953125001 0.7354312859375 0.718921365625 0.733375015625 0.6824140796875 0.721128609375 0.6815324515625 0.7158457046875 0.692377140625 0.717265315625 0.7132211953125001
0 0.792633859375 0.685216021875 0.7798654843749999 0.6808805125 0.7770777375 0.6967852640625 0.7825584125 0.7330510328125001 0.8033658328125 0.7333288609374999 0.8073438156250001 0.7138494671875 0.792633859375 0.685216021875
0 0.6757967671875 0.7021831328125 0.6914675796875 0.7028232390625 0.689379703125 0.689007709375 0.6817479390625001 0.684309921875 0.6737088906250001 0.6883676015625 0.6757967671875 0.7021831328125