0 1 0.44992463593750004 0.9011293515625001 0.48519228593749997 0.8906524203125 0.4985290078125 0.8864706328124999 0.5328781890625 0.8632790437500001 0.81796995 0.8742780046874999 0.83936618125 0.890812459375 0.8501761984374999 0.892879034375 0.8645363187499999 0.93537896875 0.907424659375 0.9578521359375 0.9439485578125 0.9733487328124999 0.947638790625 1 0.5961039796875001 1 0.44992463593750004
1 0.6155659671875 0.9964864390624999 0.8872409765624999 0.9949058796875001 0.8453170015625 0.9300365609375 0.693894909375 0.763152571875 0.67880958125 0.7540376203125 0.626878625 0.6898809734375 0.5829763484375 0.686299084375 0.574304978125 0.6966294468750001 0.5934495765625 0.8811042359375 0.6155659671875 0.9964864390624999
3 0.8657993234375001 0.70148980625 0.8253893578125 0.69346234375 0.8188799812499999 0.696084928125 0.8164803656249999 0.706926990625 0.8021312953124999 0.7089099531249999 0.7979027265624999 0.7022576125 0.7589418859375 0.695925215625 0.7413147390625 0.678718709375 0.652061059375 0.6698598640625 0.6460503203125 0.68671464375 0.6580231624999999 0.71607450625 0.7385802265625 0.8188338921874999 0.89051761875 0.9948868171875 0.969801640625 0.9944255562500001 0.9715881062499999 0.9708617531250001 0.9546208406250001 0.9657606078125 0.95229325 0.9340340125000001 0.8911922875 0.865975534375 0.855914596875 0.8110617609374999 0.8562476390624999 0.7858595796875 0.86418275 0.7644313031250001 0.8657993234375001 0.70148980625
0 0.7982591593749999 0.6975561906250001 0.8102086125 0.7064152921875 0.8145092078125 0.6704989718750001 0.8050781875 0.6492306640625001 0.7738382296874999 0.64510503125 0.7552839812500001 0.6609364125 0.757611571875 0.692663009375 0.7982591593749999 0.6975561906250001
0 0.67843160625 0.634167346875 0.6649142171875 0.62518031875 0.6549125296875 0.632248478125 0.6512059890625 0.6603290953125 0.6760553812500001 0.6655101703125 0.6820661203125 0.6486553921875 0.67843160625 0.634167346875
0 0.6978877078125 0.66886825625 0.7245426609375001 0.671042975 0.7253509484375 0.6395722265625 0.7099091859375 0.6351586984375001 0.69762669375 0.651501778125 0.6978877078125 0.66886825625
4 0.3526697765625 0.9860294859375 0.4898055828125 0.9972180906249999 0.614788265625 0.9964909625 0.5707190984375 0.6190719859375 0.56468496875 0.615426003125 0.3526697765625 0.9860294859375
1 0.19706895156249998 0.907107303125 0.164783084375 0.9375867 0.18048586093750002 0.95936670625 0.2384898546875 0.9767138 0.353525296875 0.9860992859375 0.4859765453125 0.758803653125 0.4921060953125 0.7403817328125 0.488233959375 0.729027971875 0.51004289375 0.7118852984374999 0.5304981203125 0.670979659375 0.505648728125 0.6657985828124999 0.41515830156250005 0.7356805671875 0.26788904687500004 0.8261594515624999 0.2041489921875 0.8761482562499999 0.19706895156249998 0.907107303125
1 0.36011856249999996 0.4836269546875 0.3302089203125 0.482763528125 0.32443580625 0.496484025 0.2476068203125 0.49021572031250005 0.2434970640625 0.4819962390625 0.2484385 0.47924573125 0.25221706875 0.40859645625 0.2443773765625 0.4079568328125 0.2195045921875 0.3822749984375 0.18850225781250002 0.37501508281249996 0.1971970203125 0.3851854765625 0.20543992968749997 0.42212519375 0.198455309375 0.4310163421875 0.19474876875 0.45909695937499995 0.20007003124999997 0.47214578593749995 0.1874311046875 0.493190290625 0.1722952890625 0.65121569375 0.13197518749999998 0.9333331421875 0.13717764062499999 0.9479491109374999 0.1906783859375 0.9081627453125 0.20509948125 0.8636111265625 0.29969966718749996 0.8019486203125 0.333576865625 0.79209790625 0.3649879734375 0.52344510625 0.367601821875 0.48896800156250003 0.36011856249999996 0.4836269546875
1 0.5047936562500001 0.6562678109375 0.48740413125000004 0.6359270218749999 0.443145421875 0.63704655625 0.3648907015625 0.64958394375 0.3522517765625 0.670628446875 0.33875592656250003 0.7862131171875 0.3706853609375 0.7604351453125 0.3915438046875 0.7558296 0.42900873281249996 0.7194654140625001 0.5026316625 0.6639755921875 0.5047936562500001 0.6562678109375
1 0.16617129375 0.35742480312499997 0.154459465625 0.34543141718750003 0.12585674687499998 0.3273294375 0.1018624265625 0.3316791328125 0.0770130328125 0.32649805625 0.0750886609375 0.33107155625 0.0093198421875 0.80094531875 0.011149265625 0.9581655874999999 0.095420084375 0.9650410546874999 0.1248717546875 0.94379143125 0.1950818078125 0.4338947765625 0.189380721875 0.40504661249999996 0.19420334687500002 0.403863246875 0.17329811875 0.367467271875 0.1654584265625 0.36682764843750004 0.16617129375 0.35742480312499997
1 0.3949696421875 0.481739875 0.38026414062499997 0.48842425624999997 0.3719959859375 0.53505471875 0.3600446828125 0.6302665515625 0.3607809453125 0.6413644656249999 0.37802826562499997 0.6427716359375 0.399005521875 0.63659895 0.406656228125 0.5773034359375 0.410814621875 0.5224534953125 0.3949696421875 0.481739875
1 0.4236172921875 0.6449143078125 0.4353057296875 0.6364069328124999 0.44376472187499993 0.545640671875 0.4343336984375 0.524372365625 0.41406931093750005 0.5211422031249999 0.41166969375000007 0.5319842671874999 0.39997940625 0.6445625796875001 0.4236172921875 0.6449143078125
1 0.0532778734375 0.45228516562500004 0.07302208437499999 0.3167114375 0.0830003796875 0.2891425203125 0.07912824375000001 0.277788759375 0.025890364062499997 0.23087066250000002 0.0056991671875 0.48978523906250004 0.0091573515625 0.7869808843749999 0.0532778734375 0.45228516562500004