3 1 0.80952640625 0.9552111812499999 0.80623949375 0.9467418578125001 0.7955632968749999 0.8089375343749999 0.75615191875 0.6605109953125 0.7302106625 0.6581165125 0.768189378125 0.6684669359375001 0.7702807078125 0.6768456640625 0.7861440546875 0.6990350203125 0.804219490625 0.7179755671875 0.8100708171875001 0.7160340703125 0.8221137859375001 0.7246241906249999 0.8258737843749999 0.7260825015625 0.8414956140625 0.6909670421875 0.8696818671875001 0.6284417125 0.8813405937500001 0.553896253125 0.8873895140625001 0.40874872656249994 0.8719433171875 0.396547403125 0.8767078078124999 0.3135930171875 0.8686224296875 0.2823303546875 0.8744517937499999 0.208147284375 0.8597521140625 0.194457446875 0.850623828125 0.1649550859375 0.8547845203125 0.0976320328125 0.8437844609375 0.0146777796875 0.8408894 0.0171556125 0.9828443874999999 0.5087275171875 1 1 1 1 0.80952640625
4 0.6736660031249999 0.8690780703125001 0.6981290484375 0.8560909859375 0.7052910578125 0.8425001078125 0.558624821875 0.8148901796875 0.47913064375000003 0.8069255609375 0.4288972359375 0.808632646875 0.41448262343750003 0.8410015578125 0.4090507171875 0.8546528171875 0.41415043437500004 0.86002110625 0.5314653015624999 0.8831464765625 0.6215514953125 0.8793700265625001 0.6736660031249999 0.8690780703125001
1 0.388319671875 0.8521992109375001 0.405650909375 0.8510739578125 0.41454302031249995 0.8375434578125001 0.41120360937499995 0.8305064984375001 0.37326212187499996 0.8222619437500001 0.013564560937500001 0.7771131375 0.014150934374999998 0.8107065078125 0.388319671875 0.8521992109375001
4 0.26101676875 0.8062339109375 0.3231193109375 0.8187818828125 0.3784826328125 0.820714034375 0.4146638171875 0.8306272578125 0.44622847343750005 0.8075073953125 0.0132030125 0.75640005 0.0135784203125 0.777907146875 0.26101676875 0.8062339109375
4 0.50058646875 0.767881971875 0.484351153125 0.80537765 0.57416555625 0.8171626468750001 0.5779881546875 0.7965348078125001 0.56034616875 0.7163343359375001 0.5465355375 0.7141222484374999 0.530783409375 0.7239531296874999 0.5199498 0.7495266 0.50058646875 0.767881971875
1 0.6002682640625 0.51206150625 0.60834001875 0.446383 0.6019631875 0.415018584375 0.5914617671875 0.42157250468749996 0.5889766875 0.4647383703125 0.593593215625 0.497771459375 0.5883123078125 0.50277746875 0.5815993578125 0.7880103187499999 0.5830878671875 0.8019030953125 0.589978084375 0.8038736656250001 0.6002682640625 0.51206150625
1 0.637998203125 0.829770996875 0.696761334375 0.8352820078125 0.6868336968750001 0.8089839812499999 0.639024971875 0.7709833015625 0.6272162359375 0.7532701453125 0.6042719 0.7784209546875 0.605337625 0.8165204328125 0.637998203125 0.829770996875
1 0.6186261156249999 0.7495101453124999 0.6079133031249999 0.768167415625 0.597623278125 0.7626179875 0.589796890625 0.8142479640625 0.6483184296875 0.8335913749999999 0.6967009359375 0.8387401078125001 0.70371195 0.8337944765625 0.6868940953125 0.80552588125 0.6273068328125 0.74808299375 0.6186261156249999 0.7495101453124999
1 0.01210929375 0.6937409375 0.0128504390625 0.736201153125 0.0439900578125 0.7432964656250001 0.3204442796875 0.7737058265625001 0.39483874375 0.77630215625 0.40197055156249994 0.764440325 0.4021517453125 0.7540660265625 0.3884921109375 0.7432086875 0.018884075 0.6939773734375 0.01210929375 0.6937409375
1 0.059440196875 0.7507560843750001 0.0129324640625 0.74090038125 0.01316739375 0.7543594484375 0.1768456640625 0.76869430625 0.135534565625 0.7551418437499999 0.059440196875 0.7507560843750001
1 0.47227062656249996 0.8032259421875001 0.50571638125 0.771521209375 0.520100796875 0.7408813515625 0.4718390828125 0.7288164171875 0.4510778375 0.7280918609375 0.435325709375 0.73792274375 0.399084125 0.7314676171875 0.4037308546875 0.7627716546875 0.37568680468750004 0.7825541765625 0.278800990625 0.7791729109375 0.24261980625000001 0.7692596875 0.23557859374999998 0.7759343671875001 0.24932882812499998 0.7816045546875 0.47227062656249996 0.8032259421875001
1 0.2196667140625 0.6957942765625 0.2193043265625 0.7165428734375 0.23830526875000002 0.7189361015625 0.2403977609375 0.6982478828125 0.2196667140625 0.6957942765625
1 0.2993722859375 0.6916555453125001 0.2987381046875 0.7279655921875 0.32116905625 0.732208628125 0.3269935484375 0.6960797203125 0.2993722859375 0.6916555453125001
1 0.14217443125 0.6723285890625 0.13990074531250002 0.70339110625 0.16403160156250002 0.7094235734375001 0.17322570312500002 0.6786025734375001 0.14217443125 0.6723285890625
1 0.4920781890625 0.6603186015625 0.48199955625 0.6426658234375 0.4750187421875 0.645882403125 0.4738711765625 0.7115863 0.48574031093750003 0.72584135625 0.49102122187499997 0.7208353468750001 0.4920781890625 0.6603186015625
1 0.6208306484375 0.6232895046875 0.6098674859375001 0.5571629515625001 0.6045865765625 0.5621689625 0.5977742734375 0.7539727375 0.609734003125 0.7630406453125 0.6169866078124999 0.7442626171875 0.6208306484375 0.6232895046875