4 0 0.95 0.1921875 0.9796875 0.2765625 1 0.765625 0.996875 0.56875 0.921875 0.4890625 0.8921875 0.371875 0.8671875 0.31875 0.85625 0.25625 0.9109375 0 0.884375 0 0.95
3 0.403125 0.86875 0.546875 0.9046875 0.775 0.996875 0.959375 1 0.9546875 0.7328125 0.65625 0.675 0.63125 0.6734375 0.5609375 0.6625 0.5421875 0.6640625 0.5921875 0.725 0.5546875 0.7390625 0.275 0.7234375 0.278125 0.74375 0.271875 0.8453125 0.403125 0.86875
4 0.41875 0.709375 0.434375 0.721875 0.48125 0.734375 0.55625 0.7359375 0.5859375 0.715625 0.51875 0.7171875 0.50625 0.6515625 0.49375 0.65625 0.4609375 0.7078125 0.41875 0.709375
3 0 0.821875 0.0484375 0.828125 0.059375 0.7984375 0.06875 0.715625 0.015625 0.7171875 0 0.71875 0 0.821875
3 0.378125 0.7625 0.3859375 0.771875 0.3859375 0.7546875 0.40625 0.746875 0.4046875 0.73125 0.2796875 0.728125 0.2765625 0.840625 0.3234375 0.8 0.35 0.765625 0.378125 0.7625
3 0.246875 0.8125 0.2515625 0.728125 0.1765625 0.71875 0.1359375 0.7203125 0.1390625 0.821875 0.153125 0.8296875 0.2390625 0.8359375 0.246875 0.8125
1 0.921875 0.0390625 0.94375 0.0390625 0.9453125 0.04375 0.946875 0.15625 0.94375 0.1640625 0.9203125 0.1703125 0.8875 0.203125 0.8875 0.3078125 0.8921875 0.31875 0.91875 0.33125 0.94375 0.315625 0.95 0.33125 0.9625 0.9984375 0.99375 0.9984375 0.9984375 0.91875 0.9984375 0.38125 0.9875 0.003125 0.8828125 0 0.884375 0.04375 0.909375 0.0484375 0.91875 0.0484375 0.921875 0.0390625
1 0 0.8828125 0.0203125 0.8875 0.1265625 0.8984375 0.1859375 0.8953125 0.26875 0.903125 0.275 0.878125 0.2984375 0.8734375 0.3046875 0.8609375 0.2453125 0.85 0.2390625 0.8421875 0.1421875 0.8328125 0.1359375 0.8484375 0.1171875 0.859375 0.0671875 0.8640625 0.053125 0.853125 0.053125 0.840625 0.0453125 0.8328125 0.0171875 0.828125 0 0.828125 0 0.8828125
1 0.0640625 0.8625 0.1140625 0.859375 0.134375 0.84375 0.128125 0.640625 0.134375 0.6234375 0.1375 0.5203125 0.1171875 0.5078125 0.0859375 0.50625 0.0796875 0.5125 0.0734375 0.6265625 0.078125 0.684375 0.05625 0.834375 0.0640625 0.8625
1 0.2515625 0.8515625 0.2703125 0.8453125 0.2875 0.3703125 0.2875 0.31875 0.275 0.3203125 0.2640625 0.3140625 0.271875 0.371875 0.2625 0.6125 0.2453125 0.8421875 0.2515625 0.8515625
1 0.4703125 0.684375 0.440625 0.6703125 0.421875 0.678125 0.415625 0.7046875 0.465625 0.7046875 0.471875 0.696875 0.4703125 0.684375
1 0.5421875 0.60625 0.559375 0.5484375 0.54375 0.540625 0.528125 0.5453125 0.525 0.6734375 0.5296875 0.6859375 0.5375 0.68125 0.5421875 0.60625
1 0.5234375 0.5671875 0.53125 0.553125 0.54375 0.5515625 0.54375 0.54375 0.5265625 0.54375 0.5265625 0.496875 0.5203125 0.490625 0.515625 0.496875 0.5125 0.6921875 0.5203125 0.70625 0.5265625 0.6796875 0.5234375 0.5671875
1 0.5484375 0.6765625 0.528125 0.6828125 0.5265625 0.709375 0.58125 0.715625 0.571875 0.696875 0.5484375 0.6765625
1 0.2546875 0.6703125 0.246875 0.665625 0.203125 0.6671875 0.203125 0.690625 0.246875 0.690625 0.2546875 0.6859375 0.2546875 0.6703125
1 0.1671875 0.6953125 0.19375 0.6953125 0.19375 0.6625 0.134375 0.659375 0.1328125 0.678125 0.140625 0.6921875 0.1515625 0.6875 0.1671875 0.6953125
1 0.421875 0.6875 0.421875 0.678125 0.4125 0.675 0.28125 0.66875 0.2828125 0.69375 0.3921875 0.6984375 0.4171875 0.6953125 0.421875 0.6875
0 0.5640625 0.6484375 0.5625 0.6609375 0.5734375 0.6609375 0.5734375 0.6515625 0.5640625 0.6484375
0 0.6203125 0.6375 0.6046875 0.6375 0.6 0.6640625 0.625 0.6671875 0.6265625 0.65 0.6203125 0.6375