4 0.665176525 1 0.659025590625 0.9648831703124999 0.6665023046874999 0.9315107484375 0.6567077953125 0.924501546875 0.649971571875 0.9080110015624999 0.6373804437499999 0.8332244953125001 0.694992678125 0.80920776875 0.696014828125 0.7754599078125 0.6619312125000001 0.7622082765625 0.64916291875 0.7695149515625 0.6248174796875 0.7600494999999999 0.6146849765625 0.733702171875 0.61601695625 0.717680928125 0.62555796875 0.71018653125 0.6222461874999999 0.70516428125 0.5738088046875001 0.7007369765625 0.582412165625 0.7318249765625 0.57009453125 0.7649158218750001 0.558939878125 0.7723163546875 0.5610323453125 0.7998058953125 0.5547186125 0.8074880078125 0.5519701578125 0.8346959703125 0.5378980531249999 0.8596354015625 0.5155042484375 0.8696019375 0.5111984828125 0.8999390578125 0.47988332343750006 0.952853221875 0.46427680000000005 1 0.665176525 1
1 0.943861065625 1 0.9447526359375 0.9879424 0.93109569375 0.48325800625 0.9266290984375001 0.412163821875 0.9185327296875 0.4100830109375 0.9154462796875 0.41795284375 0.9259016625 0.7394621984375 0.919747540625 0.756276209375 0.9249264578125 0.7758959125 0.92014186875 0.7788373562500001 0.9267372609375 0.7872703484375 0.9205361953125 0.8013985046875 0.9255179484375 0.8097376374999999 0.9344727781250001 1 0.943861065625 1
3 1 0.8815851968749999 0.975025646875 0.87540234375 0.9588892390625 0.8744637453124999 0.9559717875 0.8920026421875 0.9593035656250001 0.9903986484375 0.9516469437499999 1 1 1 1 0.8815851968749999
3 1 0.8730419156250001 0.987793940625 0.86809566875 0.9583540828125001 0.84384504375 0.9456139562500001 0.8527632296875 0.9481873796875 1 1 1 1 0.8730419156250001
1 0.9243477265625 1 0.9172644140624999 0.9831237625 0.904242625 0.9759268390625 0.8663684046875 0.9302572796874999 0.7778516703125 0.8462248296875 0.6966626515625001 0.81252465 0.6678424515625 0.8237272593749999 0.64205236875 0.8238370125 0.64264385625 0.8576787343750001 0.6661276375 1 0.9243477265625 1
3 0.7828979203124999 0.766024740625 0.7540213890625 0.774004328125 0.7532809 0.823867296875 0.8481676984375 0.9034406531249999 0.8761347468749999 0.9356549703124999 0.9202945328125001 0.97203090625 0.9267209265625 0.9707948359374999 0.9200973671874999 0.9607503328125 0.9263829328125001 0.9514567078124999 0.9266445953125 0.8741980593750001 0.9182947312499999 0.8576136546875001 0.9123271609374999 0.7928716515625001 0.8915469968749999 0.8029320468750001 0.8865934125000001 0.7962044265625 0.8382123609375001 0.7950001421875 0.8217661265625 0.7763349296875 0.79934415625 0.7846899546875 0.7828979203124999 0.766024740625
3 0.87443660625 0.930726578125 0.9316463468749999 0.9759109453124999 0.927976575 0.858176815625 0.9122708296875001 0.7896486312500001 0.8300033265625 0.786473290625 0.824965240625 0.7749111375 0.8104706437500001 0.7756779109374999 0.78904265625 0.748673565625 0.787091021875 0.729241578125 0.7564881828125001 0.7306812625 0.75340173125 0.7385510953125001 0.7549227078125 0.8255726671874999 0.8382605265624999 0.8899854078124999 0.87443660625 0.930726578125
1 0.7225653984375 0.8188609375 0.72388554375 0.6177036953124999 0.751015771875 0.50981045 0.7507904421875 0.49691836718750004 0.7326460703125 0.4733247609375 0.741060434375 0.40136994374999996 0.7387426390625 0.36098831875 0.7528992437500001 0.34088341875 0.776963021875 0.3342337625 0.79695453125 0.2790510703125 0.7964475390625 0.25004388125 0.8212036390625 0.09854598906249999 0.8194773328125 0.09200608906249999 0.8130791046875 0.0948536703125 0.8133607671875 0.1109687765625 0.799232328125 0.1326851859375 0.78485039375 0.139898 0.7618369328125 0.1144113046875 0.76705218125 0.0438802765625 0.7620985953125 0.03715265625 0.7576329171875 0.03528303125 0.6737236109375 0.030402321875 0.6637791859375 0.0378732515625 0.6667566359375 0.3004556171875 0.6702655796875 0.316758440625 0.6831747046875 0.31750931875 0.6950053453125 0.34878504062500004 0.6924258875 0.38566206406250003 0.7071376500000001 0.48954961875 0.7108274234375 0.7006575078124999 0.7062599953124999 0.808253278125 0.7225653984375 0.8188609375
3 0.73357921875 0.8034028515625 0.7306899328124999 0.822553259375 0.7436835562499999 0.82813866875 0.7433455625 0.8088005421875 0.73357921875 0.8034028515625
3 0.7285693 0.7934522078125 0.74340189375 0.8120235625 0.7458686875 0.768700496875 0.7425287421875 0.762066734375 0.729647784375 0.7629273671875 0.7285693 0.7934522078125
1 0.6320688624999999 0.7137849921874999 0.6267691140625 0.7794814875 0.641376378125 0.7851607578124999 0.6393565796875 0.5773697515625 0.6267854484375001 0.5959570015625 0.6320688624999999 0.7137849921874999
3 0.73131775625 0.7662442484375 0.745558859375 0.75097388125 0.7418245875 0.721778971875 0.7372371609374999 0.7360009859375001 0.7292252890625 0.7387547078125001 0.73131775625 0.7662442484375
3 0.6805907437500001 0.7230468296875 0.6788644390624999 0.716506928125 0.6626998671875 0.71395681875 0.666349640625 0.738317196875 0.7024412234375 0.7742238343750001 0.7033788750000001 0.735641440625 0.6805907437500001 0.7230468296875
0 1 0.7188268765625 0.9689254125 0.71084054375 0.9481452484374999 0.720900940625 0.9386887343750001 0.7332298671874999 0.942217678125 0.8429064453124999 0.9582414171875 0.8373990015624999 1 0.8577455546874999 1 0.7188268765625
0 0.794137075 0.7634587390625 0.7992596562500001 0.7798554249999999 0.8168125390625001 0.76960730625 0.8281361890625 0.7718758359375 0.8381278625 0.7901656125 0.8743502765625 0.7874429265625 0.89310430625 0.7998028859375 0.902729815625 0.797143025 0.9088463828125001 0.7781803359375 0.9067257515625 0.7490792875000001 0.8671252265625 0.6968698234375 0.8476207078125 0.687685953125 0.8169615374999999 0.685902615625 0.80419324375 0.693209290625 0.794849396875 0.711984259375 0.794137075 0.7634587390625
0 0.7336155546875001 0.71325211875 0.7224609 0.7206526531249999 0.7226862296875 0.7335447375 0.7339817140625 0.73420175625 0.7336155546875001 0.71325211875
0 0.6622492078125 0.68817265 0.662587203125 0.7075107765624999 0.682063553125 0.7150831359375001 0.6831983703125 0.687781315625 0.6622492078125 0.68817265
0 0.685488 0.72655143125 0.7033225421875 0.7324184203125 0.7056766718749999 0.6826493109375 0.6991657765625 0.6790508515625 0.68965293125 0.6881567546875 0.685488 0.72655143125
0 0.7736749046875 0.699483509375 0.7590394765624999 0.6921927265625001 0.7526694109375 0.6966518203125001 0.7531482359375 0.7240475 0.7757955375 0.7285845578125001 0.7803829624999999 0.7143625421875 0.7736749046875 0.699483509375
1 0.3430782046875 0.780688778125 0.352562884375 0.7699713625 0.3814957484375 0.7652147984375001 0.3880066453125 0.7688132578125 0.38650566875000003 0.7751654421875 0.410766609375 0.7797963593749999 0.4298204671875 0.763196059375 0.4685760078125 0.76706020625 0.49040648906250006 0.7248634578125001 0.5032592796875 0.7223913140625 0.5081846999999999 0.7275074265625 0.5159149078125 0.7086385984375 0.5139432734375 0.5958328578125001 0.481058975 0.466740184375 0.44760318281249994 0.39717954375 0.4017734234375 0.3574867265625 0.347114975 0.2738138234375 0.33072507500000003 0.2583716296875 0.313715515625 0.207476203125 0.26777309374999997 0.1613373421875 0.2490935640625 0.1071250359375 0.2178992328125 0.0747229984375 0.20573059843750002 0.0241091515625 0.195715865625 0.0079748109375 0.008651368750000001 0.000352515625 0.017308009375 0.4956365609375 0.034618657812499995 0.99134863125 0.0739691390625 0.9936375109375 0.087112678125 0.9847427906249999 0.0946457234375 0.9545933874999999 0.2984595921875 0.810290915625 0.34018891875 0.7998391875 0.3430782046875 0.780688778125
1 0.4566478375 1 0.459638315625 0.9935323203124999 0.4638032515625 0.955137646875 0.4876135328125 0.9339843953125 0.5094158453125 0.8901761359375 0.5151662546875 0.8502638093750001 0.5080357015625 0.8112121171875 0.444455896875 0.7704868406250001 0.4175028328125 0.7962869046875001 0.36405553125 0.78190895625 0.22841705937499998 0.8609524453124999 0.2043814484375 0.8692136125 0.1742574359375 0.8980489765625 0.156620053125 0.9034625609375 0.1468537125 0.8980648703125 0.13252810937499998 0.9085007046875001 0.1122549359375 0.9475682937500001 0.101043953125 0.9517458062499999 0.0996838078125 0.9661555421875001 0.1018993609375 0.9952621125000001 0.18335326093749998 1 0.4566478375 1
1 0.5281598765625 0.8558492203125001 0.551801159375 0.8250269046875 0.557044575 0.7561073890625 0.5325019734375 0.7353613671875 0.5211783234375 0.7330928359375 0.4954727390625 0.7380371218749999 0.4735014265625 0.7721763171875 0.4720004515625 0.7785285 0.49153313593750003 0.78932388125 0.506365728125 0.8078952359375 0.5150254234375 0.8422062562500001 0.5281598765625 0.8558492203125001
1 0.669561425 0.27647067812500004 0.6720845515625 0.23637063125000002 0.6620647140625 0.2164693453125 0.6613323921875 0.174570071875 0.638834090625 0.086328321875 0.639856240625 0.0525804609375 0.600734540625 0.027766675 0.59776075625 0.042082553125 0.612480684375 0.0542078640625 0.61641211875 0.09468334843750001 0.6328865203125 0.11496007187499999 0.669561425 0.27647067812500004
1 0.3708444234375 0.5247242828124999 0.3613034109375 0.5322186765625 0.3457866625 0.566733309375 0.341509065625 0.5986819421875 0.3700957671875 0.6663494937500001 0.370743590625 0.7034142375 0.37750798125 0.7215162921875 0.37515385156250003 0.7712854015625 0.4043402140625 0.78103243125 0.4393614796875 0.7557016671875 0.45145378437500006 0.7097187375 0.4488624953125 0.5614597640625 0.436891021875 0.522126490625 0.4255955375 0.5214694718749999 0.41407472343749996 0.50792036875 0.415463034375 0.49512214375 0.397628490625 0.48925515468749997 0.38157658437499997 0.4931510875 0.3708444234375 0.5247242828124999
1 0.5708068546875 0.7134413421875 0.549829525 0.7122211640625 0.5372020640625 0.7275853921875 0.53572925625 0.7355490859375 0.56839639375 0.759987428125 0.5806295265625 0.7220620546875 0.5708068546875 0.7134413421875