0 0.709101340625 0.7821506671875 0.693517334375 0.814604265625 0.684581234375 0.8547424906250001 0.7128670171875 0.8938420078125 0.7430108578125 0.8962968625000001 0.750372725 0.8912482562499999 0.7970719734375 0.9000350015624999 0.8130597296875001 0.9094769796875 0.82083414375 0.92863269375 0.83583290625 0.934671696875 0.8688150015625 0.92157611875 0.879179025 0.8559714203125001 0.8408394328125001 0.827847790625 0.8169397484375001 0.7911819921875 0.8040652749999999 0.782325796875 0.758501328125 0.767318878125 0.7246765515625 0.7673883265625 0.709101340625 0.7821506671875
0 0.4205549921875 0.7310758203125001 0.4113702484375 0.7020040640625 0.366227640625 0.6935102093750001 0.3193732875 0.71203786875 0.30960330156250004 0.7214587125 0.30378928125 0.7444914671875 0.3115636921875 0.763647178125 0.3787831078125 0.7746864734375001 0.3903847640625 0.781694734375 0.4099159390625 0.780544303125 0.4205549921875 0.7310758203125001
0 0.1693504515625 0.722412878125 0.1650930703125 0.7457385249999999 0.24391414218750002 0.763786078125 0.2573650609375 0.7518409328125 0.256815003125 0.7195685078125 0.2338955140625 0.7039969421875 0.21296280312500002 0.6775400734375 0.1981015515625 0.6795691796875001 0.1693504515625 0.722412878125
0 0.1576112796875 0.7073365109374999 0.17417548124999999 0.69597715 0.1833866140625 0.671975134375 0.1740467640625 0.6702177859375 0.1664010703125 0.6768214343750001 0.1576112796875 0.7073365109374999
4 0.73750636875 1 0.73758299375 0.9966077015625 0.7466654046875 0.9468463265624999 0.7678995296875 0.9363656390624999 0.7792173625000001 0.9449289437499999 0.7816254796875 0.9405567046875 0.8039861140625 0.9415471015625 0.810075165625 0.9346505593750001 0.6988572421875 0.8912059843750001 0.678337075 0.8889534375 0.653120596875 0.9388959828125 0.6096853171875 1 0.73750636875 1
3 0.6466453890625 0.8685144359375 0.6801863375 0.8700000296875 0.6859915640625001 0.8646585328124999 0.6765141984375 0.8548330765625 0.6484946500000001 0.849561028125 0.6466453890625 0.8685144359375
3 0.45999470468750003 0.8237443015625001 0.472869178125 0.8326004984375001 0.6183420125 0.8647974328125001 0.6368841984375 0.8602440234375001 0.630666428125 0.8413812015625 0.460854978125 0.8013879171875 0.4540607609375 0.8033264375 0.45999470468750003 0.8237443015625001
3 0.9385635296875 0.8746510593749999 0.9337989953125 0.87429073125 0.911180925 0.8217816125 0.8927850515625 0.81671186875 0.8879512234375 0.86083885625 0.904781659375 0.8833069625000001 0.899105153125 0.914407821875 0.8805541734375 0.9366524875 0.8821020203125001 0.954636634375 0.9200380125000001 0.9761500109375 0.9385635296875 0.8746510593749999
3 0.903233815625 0.865322815625 0.8974285875 0.8706643125 0.9059169609375 0.8770867906250001 0.9063295078125 0.9012911109375 0.880700484375 0.9270293359374999 0.8774320937500001 0.953757959375 0.8941250171874999 0.9681579593749999 0.9197487890625 0.9777346343750001 0.9383612640625 0.87575925 0.903233815625 0.865322815625
3 0.846498346875 0.8321294437500001 0.8769172187500001 0.8507205093750001 0.8810370828125 0.8193267578125001 0.8501880765625 0.8119138843749999 0.8231663156250001 0.792353559375 0.846498346875 0.8321294437500001
0 0.9162546 0.8645558624999999 0.938996025 0.87228146875 0.9520925390625001 0.80052734375 0.9349694796874999 0.7973055359375001 0.9227913781250001 0.8110986171875 0.9165560156250001 0.8276183046875 0.9162546 0.8645558624999999
0 0.8600955765625 0.810561146875 0.8800480921875 0.8159237812500001 0.8843054734375 0.792598134375 0.8742604578125001 0.785882765625 0.865341946875 0.7906384796875 0.8600955765625 0.810561146875
0 0.896053440625 0.7899832484375 0.8917960609375 0.8133088921875 0.9117485750000001 0.8186715250000001 0.9138816640625 0.7981630749999999 0.896053440625 0.7899832484375