4 0.7071824296875 0.8043287796874999 0.811071803125 0.800919428125 0.8559091109375 0.7921528062500001 0.793679615625 0.7852540921875 0.762054078125 0.7570620625 0.7574831765625001 0.737979290625 0.742896528125 0.7557994109374999 0.7252440171875 0.7624948859375 0.7071824296875 0.8043287796874999
2 0.7385115734375 0.7207446328125 0.744643296875 0.7429939265625001 0.7514816125 0.704549590625 0.7468363359375 0.691855621875 0.7404070984375 0.695161540625 0.7385115734375 0.7207446328125
3 0.975044946875 0.8576495390625001 0.8830939109375 0.79008165625 0.8046053765625001 0.8074197484375001 0.40523253906249995 0.803209153125 0.277503146875 0.7958562890625 0.2564686671875 0.8185795296875 0.606172971875 0.8348347859375 0.973130396875 0.9234483546875 0.975044946875 0.8576495390625001
3 0.8340389968749999 0.74941869375 0.9753615546875001 0.8467684468750001 0.9783677781250001 0.743451253125 0.9747942140625 0.7357849140625 0.950824034375 0.7362031015625 0.9238809640625 0.717510640625 0.880716046875 0.7198605812500001 0.8504839796875 0.7092098796874999 0.8248228140625 0.7176419515625 0.824581084375 0.7384055625 0.8340389968749999 0.74941869375
4 0.908735359375 0.9205781749999999 0.8754374328125 0.8988028281249999 0.6825242499999999 0.863843396875 0.60304075 0.9977708234374999 0.797023771875 0.9943865546874999 0.788661325 0.9418355281249999 0.83342425625 0.9394577078124999 0.908735359375 0.9205781749999999
0 0.224824534375 0.7919847 0.2503927265625 0.7915386328125 0.2575657453125 0.7243446828125 0.23673580625 0.729498715625 0.22348684687499998 0.76965176875 0.224824534375 0.7919847
0 0.31264081718750003 0.7968401453125 0.331909934375 0.788519590625 0.3606555546875 0.7896149640625 0.3738859203125 0.7510591125 0.3664908859375 0.7000880828125 0.3458097015625 0.6924645093749999 0.29627133125 0.693328765625 0.2786374140625 0.698427040625 0.26410655 0.7114555593749999 0.261839134375 0.7689826671875 0.267989453125 0.7896347609375 0.29998688281249997 0.7858827734375 0.31264081718750003 0.7968401453125
0 0 0.815978240625 0.067921846875 0.8202720796875 0.1239266453125 0.812907503125 0.1384203203125 0.803073384375 0.13572635 0.760004721875 0.073924528125 0.7163703890625001 0.016396096875 0.7173740421875 0 0.726540696875 0 0.815978240625
0 0.8348571578125 0.6791418578124999 0.8299143625 0.6920031015625 0.841044665625 0.69659955 0.847659846875 0.6773216234375 0.8348571578125 0.6791418578124999
0 0.8553338 0.7043346406250001 0.8744913484374999 0.705597290625 0.874770265625 0.6816392796875 0.8636213734375 0.6786400312499999 0.8587529578125 0.685112471875 0.8553338 0.7043346406250001
0 0.90992653125 0.6810259359375 0.8971796234375 0.6780545671875 0.8842653671875 0.6894580078125 0.883949259375 0.7166104203125 0.9158909046874999 0.7176500375 0.917767834375 0.6936641453125 0.90992653125 0.6810259359375
0 0.97550080625 0.675091284375 0.9515306265625 0.675509471875 0.9353087765625 0.696551875 0.934918290625 0.7300930906249999 0.9700373656249999 0.73267415 0.9792296781250001 0.713829675 0.9801901765625001 0.6808194796875 0.97550080625 0.675091284375