4 0.5772061296875 0.685730471875 0.5381507296875 0.6816493671875 0.45616330937500005 0.8954666296875 0.435726815625 0.9971940453125001 0.47962813750000005 0.9969386359374999 0.6265477796875001 0.98072139375 0.6235201906250001 0.9290245359375 0.604929353125 0.8421203187499999 0.596056884375 0.834707571875 0.5838472953125 0.799130028125 0.5950156546875001 0.7592935656249999 0.5861431859375 0.75188081875 0.5772061296875 0.685730471875
4 0.6315948062500001 0.9516311375000001 0.7855535921875 0.958134796875 0.82263916875 0.9573980687500001 0.8374376421875 0.950729325 0.8534787078124999 0.95567236875 0.8780340984375 0.9529619031250001 0.8721958171875 0.88143424375 0.7373342953125 0.768760503125 0.6868340828124999 0.7709779609375 0.6479740109375001 0.770232140625 0.6481528015625 0.8021024015625 0.6487222484374999 0.840643225 0.63569826875 0.8487945187499999 0.615283321875 0.8460126906250001 0.6133946265625 0.8713974828125 0.6315948062500001 0.9516311375000001
3 0.6616335906249999 0.6864817484375 0.676415525 0.7083479859375 0.70954491875 0.726510578125 0.7423647843750001 0.7682052296874999 0.8735796546874999 0.8762462328125 0.86785054375 0.720785478125 0.7523777109374999 0.6798220984375 0.684816209375 0.6788875484375 0.6616335906249999 0.6864817484375
3 0.9531554171875 0.90942304375 0.9570655328125 0.9160024078125 0.9656370484375 0.731968525 0.940735525 0.7261676765625 0.9465788390625001 0.8547610890625 0.9531554171875 0.90942304375
1 0.484785178125 0.6925752125 0.5115167859375 0.687946109375 0.5129171609375 0.654223115625 0.5008863625 0.6505158343749999 0.486576209375 0.66552278125 0.484785178125 0.6925752125
3 0.5237594515625 0.6664536937500001 0.5243454375 0.6764595359375 0.5498885359375 0.6803537296875 0.595358259375 0.6786915453125 0.6000957578125 0.6731333484375 0.5975399484375 0.658309675 0.5773203312499999 0.65886313125 0.5623265296875 0.6621965921874999 0.5237594515625 0.6664536937500001
0 0.9727844578125 0.5785107765624999 0.9307572390625 0.5846033203125 0.9369912093749999 0.7198672968750001 0.9657210781250001 0.7301643796875 0.9727844578125 0.5785107765624999
0 0.8006962375000001 0.6979865109375 0.8158853671875 0.697988328125 0.830764965625 0.7215222046875 0.8686483953125 0.7055916234375 0.8603303999999999 0.59237715625 0.79819004375 0.5975578953125 0.7570340812499999 0.6440612812500001 0.7610548515625 0.6838995625 0.77831146875 0.6903868531249999 0.78796525 0.711140721875 0.7963493984375 0.7102152671875 0.8006962375000001 0.6979865109375
0 0.68602125625 0.6418292734375 0.6931026921875 0.6762944515625 0.706419665625 0.6731460796875 0.718548128125 0.6785210015625001 0.7484380671875 0.6701864375000001 0.754673603125 0.6325728890625 0.7333796765625 0.6147822984375 0.6928427765625 0.61422156875 0.68602125625 0.6418292734375
1 0.6087098734375 0.4455956875 0.6176784421875 0.6275535999999999 0.62150231875 0.836934125 0.6402404374999999 0.8399010406249999 0.618184865625 0.43447929687500003 0.6028004078125 0.43114219687500005 0.59845356875 0.4433709546875 0.6087098734375 0.4455956875
0 0.6681621171875001 0.6538711203124999 0.6834489125000001 0.6555405796875 0.6978732671875 0.6136662937499999 0.6810073078125 0.61384956875 0.6666971546875 0.6288565125 0.6681621171875001 0.6538711203124999
1 0.8245340750000001 0 0.855351090625 0.3344499640625 0.8820626375 0.9525172265625 0.9512558671875 0.9448795593750001 0.936665140625 0.7719343375000001 0.9201929671875 0.43303312031249996 0.9056559765625 0.3288972234375 0.91513096875 0.31778083437500004 0.9048431499999999 0.1997485375 0.9122522203125 0.00926915 0.9161530171875001 0 0.8245340750000001 0
1 0.5975745906250001 0.42836218906249995 0.565226509375 0.42354072187499997 0.557037690625 0.4278014609375 0.56439558125 0.495804540625 0.58578716875 0.5152627703125 0.5952621609375 0.5041463796875 0.5975745906250001 0.42836218906249995
1 0.74682895625 0.3833540828125 0.67659744375 0.3944631984375 0.6591289625 0.4131756078125 0.6291413593749999 0.41984253281250006 0.617891871875 0.429476375 0.6277079078125001 0.5106354875 0.6951882828125 0.48136741875 0.7152291109375 0.44894369999999995 0.7602105156250001 0.4389433125 0.7577689109375 0.3972523 0.74682895625 0.3833540828125
1 0.42661597812499996 0.8231991734375 0.44974898437500005 0.9012099156250001 0.49497533125000004 0.8089398671874999 0.524214696875 0.7318618578125 0.532029396875 0.6923955765625001 0.5199985984375 0.6886882953125 0.495139146875 0.696467584375 0.4611953625 0.7220338296875 0.4394777046875 0.7546426375 0.40475260625000004 0.766867759375 0.3907354453125 0.7868776265624999 0.3835232703125 0.8078147687499999 0.40561504531250003 0.8104115046875 0.42661597812499996 0.8231991734375
1 0.443922209375 0.744081521875 0.47067035468749996 0.7109174406250001 0.469596046875 0.6925733921874999 0.435766465625 0.6912722984374999 0.42135865 0.704611603125 0.39620620624999997 0.7073879734374999 0.35052461562500004 0.73424985625 0.3510775234375 0.8013256625 0.37494379375000003 0.8054049453125 0.4028804484375 0.7637175703125 0.42122790937500004 0.7600139234375 0.443922209375 0.744081521875
1 0.30520060312499997 0.8248522640625 0.2911999828125 0.816327153125 0.2794621765625 0.817622790625 0.2580375125 0.8552345203125 0.24511119531249997 0.8650534546875001 0.2058604671875 0.8576370703125 0.1726168703125 0.8663418187499999 0.1323564234375 0.8993189890625001 0.10441976875 0.9410063671875 0.0679201765625 0.9517489375 0.039218746875 0.951560209375 0.0217464109375 0.9996025140624999 0.4259124265625 0.99725114375 0.43402191874999996 0.9784748359375 0.4411695078125 0.8988000906250001 0.429171784375 0.838022846875 0.4044265375 0.8189347984375001 0.37533445 0.8120755078125 0.34160253125 0.8124420515624999 0.3270970515625 0.8241137171874999 0.30520060312499997 0.8248522640625
1 0 0.9446899234374999 0.002702615625 0.990837759375 0.025804110937500003 0.9530409390625 0.229938603125 0.8365166546875 0.25183505156249997 0.8357781078125001 0.2608217234375 0.8163235156249999 0.28480219687499997 0.7935354578125 0.2946678453125 0.7890896296875 0.312705775 0.8089180421875 0.3406258890625 0.795765646875 0.3469590890625 0.7598197375 0.3365405328125 0.6971897640625 0.337990521875 0.577861828125 0.343428203125 0.5554421359374999 0.314516471875 0.40757558281249995 0.2916599203125 0.3631027421875 0.2299598359375 0.2893491015625 0.16021821249999998 0.1359188953125 0.1027673015625 0.0482688546875 0.094635584375 0.039095921875 0 0.049541960937500004 0 0.9446899234374999
1 0.68989475 0.76560485625 0.7302363203125 0.7628303062499999 0.7261013484375 0.7498593640625 0.7010631078125 0.72576839375 0.65728675 0.6987105046875 0.6542260843750001 0.704083609375 0.65547918125 0.7542979187500001 0.68989475 0.76560485625