0 0.9624660703125001 0.8299182640625 0.977876696875 0.7606279546875 0.963518125 0.733186778125 0.94489461875 0.7225927390625 0.9154903234375 0.7195179031250001 0.9093725015624999 0.77594546875 0.908443671875 0.8329156531249999 0.9624660703125001 0.8299182640625
0 1 0.737001721875 0.9963817484374999 0.7366233578125 0.96983019375 0.7839968984375 0.96484021875 0.8163320296875 0.9695031843749999 0.8652403906250001 0.9848284828124999 0.8720309078125 0.9977417375 0.856088134375 1 0.8572721453125001 1 0.737001721875
3 0.7202751578125001 0.7682765687499999 0.7913477515625 0.8466105078125 0.7981906171875 0.77469495 0.7527786437499999 0.7422771765625 0.7218863671875 0.733858803125 0.7202751578125001 0.7682765687499999
0 0.8050334843750001 0.7027793875 0.8037066203125001 0.693994075 0.799763928125 0.703957659375 0.7840358281250001 0.70577158125 0.774823584375 0.7169134374999999 0.7731318140625 0.7530520890625 0.7915136406250001 0.76880879375 0.800242521875 0.76799226875 0.804174171875 0.7211355312500001 0.7978731453125001 0.7072185625 0.8050334843750001 0.7027793875
3 0.819951209375 0.7925342890625 0.8151981453125 0.894066690625 0.822600165625 0.8844648546875 0.8325753499999999 0.8941545296875001 0.8362763609374999 0.8893536125000001 0.849194384375 0.7990508984375 0.8414322265624999 0.779216765625 0.8257041265625 0.7810306890625001 0.819951209375 0.7925342890625
0 0.8526584828124999 0.7250527046874999 0.839546209375 0.7081177296875001 0.8223301265625 0.704588115625 0.8174586078124999 0.7715218828125 0.8485925640625 0.7747775890625 0.854667725 0.7563904390625 0.8526584828124999 0.7250527046874999
0 0.7600622078125 0.6980767 0.74465635 0.6930070703125 0.7350413031249999 0.712753365625 0.7357236828125 0.735305784375 0.7685873062499999 0.7387423656250001 0.7696345906250001 0.71637081875 0.7600622078125 0.6980767
3 1 0.8651133312500001 0.98977579375 0.8777361921875 0.9793172468750001 0.8783718437499999 0.9658021734375 0.8700413093750001 0.957196515625 0.8310965328125001 0.9046621 0.8394374593749999 0.8980988125 0.9425098796875 0.9051855328125 1 0.9996954109375 1 1 0.9934935140625001 1 0.8651133312500001
4 0.634866071875 1 0.637478640625 0.9775118328125 0.63695738125 0.9515176375 0.6288729828124999 0.9385670578124999 0.6387013546875 0.72861869375 0.6457005734375 0.727621296875 0.64091438125 0.7184742375 0.6136425531249999 0.706975834375 0.5928060187499999 0.70652625 0.51017539375 0.8379597999999999 0.47147352500000006 0.9221076453125001 0.4294310765625 0.9989889140624999 0.4390999765625 1 0.634866071875 1
0 0.5306992234375 0.696573059375 0.5448587781249999 0.6911364875 0.5422050546875 0.673565859375 0.4941393578125 0.6235774609375 0.47314170468750005 0.626569653125 0.45841822343749994 0.6440524421875 0.457773740625 0.657819546875 0.5306992234375 0.696573059375
0 0.3613958984375 0.6373653499999999 0.3853695171875 0.64506023125 0.38887150937500004 0.6073815640625 0.380625990625 0.5978727593750001 0.3650590109375 0.5962449046875 0.3613958984375 0.6373653499999999