4 0.8004708218750001 1 0.800990303125 0.9966093203125 0.7919659 0.9900763625 0.7892325890625 0.976473715625 0.7795380546875 0.98366268125 0.55377565625 0.9539038703125 0.52971904375 0.9290623703125 0.5250515 0.8898429390624999 0.5003247562500001 0.8787233609375 0.5083429578125 0.8493331828124999 0.49428955312499995 0.7761965890625 0.420857628125 0.77534541875 0.3958222109375 0.805331965625 0.38963468125 0.8363702937499999 0.3505224828125 0.9284931328124999 0.111095534375 0.9437331171875 0.0718016 0.9656578359375001 0.0299891671875 0.999421925 0.030032815624999997 1 0.8004708218750001 1
4 0.4278188515625 0.75455380625 0.3939915421875 0.8036838187500001 0.3480470671875 0.91830605625 0.3505224828125 0.9284931328124999 0.369628265625 0.9329604796875 0.5328392 0.9477883734375 0.5022569781249999 0.7913281109375 0.47304241718749995 0.6981751890625 0.463889065625 0.6899344468749999 0.4278188515625 0.75455380625
4 0.0322507671875 1 0.101143103125 0.9475065125000001 0.0254370484375 0.9391340749999999 0.030032815624999997 1 0.0322507671875 1
1 0.5193503578125 0.7239491921875 0.505736584375 0.7244262890625001 0.502436703125 0.7485141984375 0.502385928125 0.793035896875 0.5172384125 0.8541583546875 0.52469004375 0.8624587328125 0.5193503578125 0.7239491921875
1 0.7775784359375 0.9803067453125 0.7769590796875 0.94950696875 0.749782309375 0.9059394671875 0.5780861453125 0.7561368749999999 0.5677468671875 0.7547869125 0.5685850343750001 0.7658875187499999 0.5535665234375 0.7929545671875 0.562102528125 0.8834075640625001 0.5543676125 0.8939524625 0.5309303578125 0.899910740625 0.5431784796875 0.9491383359375 0.7775784359375 0.9803067453125
1 0.50302263125 0.34952669375 0.5197859703125001 0.5715388171875 0.5333022109375001 0.88612918125 0.555553540625 0.887061684375 0.5268487453125 0.46170380624999996 0.5299668921875 0.3674177765625 0.5153469187499999 0.331971740625 0.526614225 0.323015353125 0.5300430546875 0.3006352296875 0.5207079703125 0.22219636718750002 0.52491049375 0.2100629578125 0.5217903359375 0.1913369546875 0.5127659312499999 0.184803996875 0.4944338421875 0.19058336250000002 0.49469375 0.307010965625 0.50302263125 0.34952669375
1 0.5519643421875 0.590958775 0.5431978375 0.5878413874999999 0.5405680875 0.5982073765625 0.5533086265625 0.7895389953125 0.56746358125 0.7736321921875 0.556915171875 0.6113329265624999 0.5519643421875 0.590958775
3 0.5674107953124999 0.7051418578125 0.568674896875 0.7444805624999999 0.6066031765625 0.7722605359375 0.6037916937500001 0.712428403125 0.5674107953124999 0.7051418578125
3 0.9889737671875001 1 0.9914369093750001 0.7883180203125 0.8079475078125 0.749793640625 0.76398603125 0.7324989296875 0.6196229828125001 0.7187228125 0.6268695 0.7920979546875 0.8447446578125 0.9659667609374999 0.8490174640625 1 0.9889737671875001 1
3 0.8529122296875 1 0.8415991109375 0.9695016046875 0.8245818968749999 0.970097978125 0.8082348125 0.956972428125 0.8107793484375 1 0.8529122296875 1
3 0.617845096875 0.785564996875 0.7177582734375 0.86596644375 0.81687236875 0.9583820265625 0.84069646875 0.9575471062500001 0.84110870625 0.9404096125000001 0.878675528125 0.9408053828125 0.8884990109375 0.9353242015625 0.9095644140625 0.9431474828124999 0.9124266750000001 0.9584579171875 0.964123065625 0.965207728125 0.9859875499999999 0.9610168734375 0.9894068421875 0.9627814812500001 0.9914214546875 0.7896461484375 0.9066219703125 0.768595534375 0.847989746875 0.7603764843749999 0.79747928125 0.7467358921875 0.763728134375 0.7290833578125 0.717652703125 0.7289857765625001 0.6242123515625 0.7117127578125 0.6142599203125 0.7154861515625 0.617845096875 0.785564996875
1 0.269945590625 0.7652234203125 0.23132178906249998 0.77342621875 0.2067239921875 0.7640144265625 0.184988459375 0.7699130656250001 0.10908112031249999 0.7588748171875 0.10124264375 0.7454510812499999 0.1219465890625 0.72589015625 0.1214307921875 0.7190590140625 0.07313784375 0.712189928125 0.06233555625 0.77249915625 0.07829579375 0.78050135 0.1750106390625 0.795947309375 0.182333321875 0.8025399015625 0.1846543984375 0.83328004375 0.178724765625 0.8677339390625001 0.0719031515625 0.8766144390624999 0.0705882765625 0.8817974328125 0.03944149375 0.876039759375 0.0210563046875 0.8811159203125 0.0250872265625 0.9345010671875 0.0887152546875 0.9410928296875 0.3263115328125 0.9242046953124999 0.343740984375 0.9064708296875 0.353615240625 0.8564679515625 0.363825571875 0.8561101296875 0.37496393125 0.8454459562500001 0.40043696874999996 0.7760610640625 0.363669225 0.7636511593749999 0.3558053609375 0.7724882734375 0.269945590625 0.7652234203125
1 0.1735668171875 0.7994225171875 0.013771703125000001 0.7846392953125 0.0204551578125 0.8731543609375001 0.170087209375 0.8663243406250001 0.1812255671875 0.8556601671875 0.1816631890625 0.816261825 0.1735668171875 0.7994225171875
1 0.0609678953125 0.70919181875 0.007770370312499999 0.7051581984374999 0.012749225 0.7710976953124999 0.0475358578125 0.7798670343749999 0.0609678953125 0.70919181875
1 0.0609678953125 0.70919181875 0.007770370312499999 0.7051581984374999 0.012749225 0.7710976953124999 0.0475358578125 0.7798670343749999 0.0609678953125 0.70919181875
1 0.187901496875 0.7407017984375 0.17023953593750002 0.7327592421875 0.15335126875 0.7350634015625 0.1488908484375 0.7437812390625 0.1534548296875 0.759032034375 0.1945540453125 0.7610163140624999 0.187901496875 0.7407017984375
1 0.21211244375 0.7449902359375 0.21889394375000001 0.7670125359375 0.2493959828125 0.7642312812500001 0.24338817499999998 0.75245569375 0.21211244375 0.7449902359375
1 0.319320903125 0.74123309375 0.3008852515625 0.7230438234375 0.28033564375000003 0.722051684375 0.23031558593749998 0.737503084375 0.23096032968750002 0.7460420125 0.2834304140625 0.7630385375000001 0.319320903125 0.74123309375
1 0.28760754843749997 0.7731659765625001 0.28471990156250004 0.78011639375 0.30289765625 0.7948900921875001 0.34933454531249997 0.822371878125 0.3607054140625 0.8373841265624999 0.369214021875 0.837085940625 0.37498931875 0.8231851062500001 0.3851996484375 0.8228272828125001 0.38429700625 0.810872784375 0.408816628125 0.7740550921875 0.42727766875000006 0.7699835125 0.43658535625 0.757671190625 0.4406843171875 0.7215691453125 0.4332326875 0.713268765625 0.327442665625 0.73581155 0.31078690781249996 0.763792128125 0.28760754843749997 0.7731659765625001
1 0.33401704374999996 0.70989658125 0.3332179609375 0.7219107171875 0.3426292109375 0.7335670296875 0.35639732031250004 0.7125368671875 0.33401704374999996 0.70989658125