4 0.565701828125 1 0.5544017015625 0.682693459375 0.5539206 0.6714918875 0.5334428359375 0.668981640625 0.3363464953125 1 0.565701828125 1
1 0.33714025937500003 1 0.382742371875 0.9179305296875 0.3584767796875 0.9054051578125 0.25150643125 0.8747825062500001 0.1964105796875 0.9157826281249999 0.183664775 0.9317299921875 0.10589561875 0.9826851296875001 0.2471446296875 1 0.33714025937500003 1
4 0.422711303125 0.868708890625 0.28943124375 0.830085690625 0.2538631515625 0.8671124046875001 0.3860490984375 0.9167440828125001 0.422711303125 0.868708890625
1 0.8295214124999999 1 0.633367415625 0.7544535828125001 0.6151022687500001 0.7617653671875 0.5765034625000001 0.7490747718749999 0.55855091875 0.7532412765625 0.558443403125 0.8184918859374999 0.5666564609375 0.8481510703125 0.576708346875 1 0.8295214124999999 1
3 0.675404859375 0.7325461046874999 0.6566464125 0.7127368234375 0.6363249515625 0.7086539375 0.6327300140625 0.74482465 0.67860406875 0.7966102671875 0.686431346875 0.7338977765625 0.675404859375 0.7325461046874999
3 0.9421934671875001 1 0.9635177593750001 0.7854441640625 0.86616188125 0.7543380671875 0.7799940953125 0.7389998734375001 0.696520025 0.7446852859375 0.6901116593750001 0.8091635125 0.6942242859375 0.8319528515625001 0.712189028125 0.8437058390625 0.7599630953125 0.9084587671875 0.7921169453125 0.9378691109374999 0.795123265625 0.955747434375 0.8014241156249999 0.95651981875 0.834766565625 1 0.9421934671875001 1
1 0.692551503125 0.704403815625 0.6742520171875 0.8724831625 0.684028090625 0.8864159515625 0.696976734375 0.724047875 0.692551503125 0.704403815625
0 0.74909065625 0.6970084140624999 0.7207368296875 0.6935326890625 0.7081473265625 0.7079074125 0.702027171875 0.7374013749999999 0.7488146437500001 0.7479121703125 0.753528084375 0.732571965625 0.74909065625 0.6970084140624999
0 0.7908276921875 0.6941657078125 0.7657805921875 0.6895035328125 0.7621612625 0.6938352609375 0.7632919640625 0.7305852609375 0.7944836109375 0.7375924578124999 0.7982470453125 0.7157686 0.7908276921875 0.6941657078125
1 0.5754071 0.55155720625 0.5586828265625 0.71982965 0.57313575625 0.6706637578125 0.579820134375 0.555281775 0.5754071 0.55155720625
0 0.64466991875 0.704901496875 0.6727111421874999 0.7115225015625 0.6747308671875001 0.6751586953125 0.662754371875 0.66732336875 0.6523652875 0.67560063125 0.64466991875 0.704901496875
1 0.48859196562499996 0.7191966328125 0.4567751109375 0.71847999375 0.32187330625 0.8245117703125 0.3180976734375 0.8304161359375 0.32251070937500004 0.8341407046875 0.41514784374999997 0.86459813125 0.4445713875 0.8252263953125001 0.5043440921875 0.721127590625 0.4906360828125 0.7146718078125 0.48859196562499996 0.7191966328125
1 0 0.9697040187500001 0.094844896875 0.9813304875 0.13674539218749998 0.9546308218749999 0.13799580625000002 0.9420497062500001 0.160361384375 0.9416077671874999 0.18271476874999998 0.9252463390625 0.1956168765625 0.9077263359375 0.2439429703125 0.8706717484375 0.25148203750000003 0.8429435203125 0.2586353234375 0.72284361875 0.24539622031250002 0.71166991875 0.2327945203125 0.7101251515625 0.0308912953125 0.7363126375 0.005399684375 0.7682073671875 0 0.7688765671875 0 0.9697040187500001
1 0.33374003281250003 0.6890716625 0.310280340625 0.7005220765625 0.301058546875 0.7933078171875 0.288156440625 0.810827821875 0.29147536406249996 0.8255608671875001 0.3054959734375 0.82887136875 0.329111965625 0.8158483140625 0.4610196484375 0.70785770625 0.45405700156249995 0.6656174046875 0.42804770000000003 0.638552084375 0.431486334375 0.6039540109375 0.42029135 0.5882554875 0.4029640109375 0.5861314328125 0.4031081171875 0.5686393015625 0.390506415625 0.567094534375 0.3881496953125 0.5747646375000001 0.373745553125 0.6876085015625 0.33374003281250003 0.6890716625
1 0.3226159734375 0.5603640515625 0.32259158125 0.528525065625 0.312178103125 0.50496334375 0.2939495453125 0.5600336046875001 0.26730509062499996 0.7318653937499999 0.255570275 0.833893875 0.2602959109375 0.8344731624999999 0.2776110515625 0.820677725 0.285487115625 0.8216432046875 0.294757696875 0.7925354328124999 0.3226159734375 0.5603640515625
1 0.1112714203125 0.3927864109375 0.096625603125 0.39576646718749997 0.0718079828125 0.485048609375 0.0411118828125 0.713688521875 0.053713584375 0.7152332890624999 0.0754417609375 0.7051624171875 0.129155290625 0.7101550375000001 0.171830134375 0.69787649375 0.2375079609375 0.6947849453125 0.26227679375 0.5418248343750001 0.264440625 0.48796889375 0.21129132031250003 0.397088253125 0.20073373593750002 0.3910186640625 0.1945769921875 0.372754146875 0.17235551875 0.3557039515625 0.1551966796875 0.36792674999999997 0.1536336625 0.383653146875 0.1297050671875 0.39982148125 0.1112714203125 0.3927864109375
1 0.3442122421875 0.5837048046875 0.331371115625 0.6808222734375 0.3644505796875 0.6848772859375 0.3743707609375 0.6813179421875 0.3873559921875 0.56670834375 0.374729896875 0.533324590625 0.3632223078125 0.52077134375 0.35456473593750004 0.527669065625 0.3442122421875 0.5837048046875
1 0.4093380390625 0.6824207734375001 0.421409853125 0.6090859953125001 0.4218665625 0.588448584375 0.41223459218749997 0.5570236640624999 0.40499593125000005 0.5656871171875 0.398406871875 0.5998989984375 0.3902791875 0.6816762609375 0.4093380390625 0.6824207734375001
1 0.480535209375 0.68796480625 0.47360915156249994 0.6934829812500001 0.4840226296875 0.717044703125 0.5004586921875 0.583756525 0.4811360234375 0.6498352625 0.480535209375 0.68796480625