1 0.6345227046875 0.92371388125 0.6427329921875 0.9363540171875 0.651612484375 0.9873328109375 0.652971571875 0.98890701875 0.9825731703124999 0.9831538015625 0.8944878375 0.8952072109375001 0.8199179531249999 0.8341895312500001 0.6915170749999999 0.7101942453125 0.6447450609375001 0.6854437609375 0.60811538125 0.6924748578125001 0.6216675875 0.8280624203125001 0.633491015625 0.8646084500000001 0.6345227046875 0.92371388125
3 1 0.7898899484374999 0.988466290625 0.786505446875 0.9835066578125 0.777004434375 0.9734758578125 0.751612628125 0.97261146875 0.7020918625 0.8650250453125 0.6720111734375 0.8605951968750001 0.6928615984375 0.7853759078125 0.6861849015625 0.7629280406250001 0.6817829390625 0.7594543171875 0.6658642640625 0.7532039593750001 0.6739630187500001 0.756566146875 0.6834919171875 0.74241221875 0.6965224203125 0.744901934375 0.747612746875 1 0.9689717140624999 1 0.7898899484374999
1 0.662479775 0 0.6634412000000001 0.0171823453125 0.6687075515625 0.044255245312500004 0.675180978125 0.0489360421875 0.6772524421874999 0.076064709375 0.7122487078125 0.15854624687500002 0.709714940625 0.28802287031249996 0.7143040015625 0.3678393078125 0.7227303875 0.39285963437500004 0.7242988328125 0.4827158640625 0.718132125 0.49560695 0.72177315 0.521110290625 0.7172596515625 0.53716838125 0.7224144703125 0.5578515046875 0.716387178125 0.578729809375 0.7230836734375 0.5961901625 0.718868809375 0.7209023343750001 0.7199004984374999 0.780007765625 0.724720715625 0.781521559375 0.7372771984375001 0.7685189375 0.7304214890625 0.6503917265625 0.739309065625 0.6102883234375 0.7394088875 0.43291626250000004 0.7455477109374999 0.4184277328125 0.7520013390625 0.3304288890625 0.77843291875 0.28842132343750004 0.8405659375000001 0.277749203125 0.884736703125 0.2450195828125 0.895472675 0.21926529375 0.9034598953125 0.21912587656250002 0.9064874828124999 0.2094854453125 0.906264415625 0.1967058921875 0.891692234375 0.185774734375 0.9011374796875 0.17762021249999999 0.9025397390625001 0.16641022187500001 0.9120686390625 0.16304803125 0.8846332531250001 0.1475476109375 0.901312865625 0.09612268125 0.8915887843749999 0.0883027609375 0.8977833765625001 0.0770091203125 0.8325472046875 0.0014471421875 0.8330016812500001 0 0.662479775 0
3 0.6947398484375 0.711735921875 0.7000061984375 0.7388088203125001 0.70687808125 0.6747716390625 0.6858045890625 0.657562240625 0.6872904984375 0.65114458125 0.6552579671875 0.64690991875 0.6558992875 0.6836511328125 0.6947398484375 0.711735921875
0 1 0.673240896875 0.9866259812499999 0.6810741375 0.97732015 0.6972158796875 0.9767265125 0.7547517499999999 0.9900637343750001 0.7864775640625 1 0.78828506875 1 0.673240896875
0 0.8559422828125 0.70093246875 0.8584400828125001 0.6609406 0.8288495843750001 0.6135191796874999 0.7824679406249999 0.6111329125 0.765258540625 0.6322064046875 0.767859790625 0.689686509375 0.790168240625 0.6861012515625 0.7934746625 0.6924352609375 0.84142586875 0.6931962 0.8463855015625 0.702697215625 0.8559422828125 0.70093246875
1 0.604343025 0.567902103125 0.6014467703124999 0.6766119500000001 0.6110593171875001 0.67804209375 0.6088286375 0.550246565625 0.604343025 0.567902103125
0 0.7061252265625 0.63164065 0.6977197515625 0.6078184046875 0.6836215906249999 0.624043796875 0.6823308640625 0.6416435671875 0.6923058984375 0.6638404828125 0.6987235578125001 0.6653263921875 0.7061252265625 0.63164065
0 0.6901229 0.6303220406250001 0.6906526875 0.660673478125 0.6987235578125001 0.6653263921875 0.6997912171875 0.634947071875 0.6949152328125 0.6302383890625001 0.6901229 0.6303220406250001
0 0.738799078125 0.6726165265625 0.7467862984375 0.6724771078125 0.75270205625 0.6452090265625 0.74922833125 0.6292903515625 0.7379904578125001 0.6262906484374999 0.738799078125 0.6726165265625
4 0.5120375828125 0.7724505109375001 0.487510165625 0.8320020781249999 0.47957871250000006 0.8353363843749999 0.4471477265625 0.8998196999999999 0.42749629375 0.96407995 0.4117459390625 0.9931176265625 0.642402975 0.9890914937499999 0.6431512453125 0.960315678125 0.60492049375 0.6925306250000001 0.5835681671875 0.659346784375 0.574011384375 0.661111528125 0.5602199421875 0.6949088062500001 0.53210726875 0.7321519234375 0.523052390625 0.7626706624999999 0.5120375828125 0.7724505109375001
1 0.560192059375 0.6933113625 0.5612597171875 0.662932040625 0.5482292125 0.6487781125 0.5100578546875 0.65903198125 0.5038074953125 0.6671307343749999 0.4981705734375 0.7103732593750001 0.4726951203125 0.7156117265625 0.470085784375 0.7492138203125001 0.48956183124999997 0.766451103125 0.5103564890625 0.7676860624999999 0.553830165625 0.695020340625 0.560192059375 0.6933113625
1 0.5038632625 0.670325621875 0.50001896875 0.7247223734375 0.5195786671875 0.7467519874999999 0.549121484375 0.6998963218750001 0.5601641749999999 0.6917139171875 0.5612318328125 0.661334596875 0.5434368796875 0.6488617640625 0.5084604109375 0.6590598640625001 0.5038632625 0.670325621875
4 0.5577023421875 0.6422210359375 0.5754694125 0.653096425 0.6010563999999999 0.6542477328125 0.602375009375 0.638245409375 0.5591324859375 0.6326084859375001 0.5577023421875 0.6422210359375
1 0.42127019062500004 0.6989321140625 0.389349190625 0.701087228125 0.35552403125 0.685698340625 0.3252004765625 0.6878255703125 0.31911741875 0.705508990625 0.3136397125 0.849418375 0.29084915625 0.916929278125 0.2868933296875 0.9649362531250001 0.2758606640625 0.9954895140625 0.40333682812499994 0.9932644093749999 0.49505125000000005 0.8063035546874999 0.49617467656249997 0.779119121875 0.47501753437499994 0.757117390625 0.45587608749999997 0.7590494359375 0.4413596734375 0.7513131671875 0.43942762812499997 0.732171721875 0.42813398437499994 0.7259771296875 0.42127019062500004 0.6989321140625
1 0 0 0.017455065625 1 0.26665634374999997 0.995650175 0.2729345859375 0.989148865625 0.2805314375 0.9666452296875001 0.284598796875 0.9250280328124999 0.3072499359375 0.8495299093750001 0.31012760156249997 0.739755096875 0.3326659953125 0.56625251875 0.3248064796875 0.39061732031249996 0.3347895984375 0.321732040625 0.31588739062500004 0.15427924531249998 0.3000883359375 0.0730605484375 0.3009329265625 0.029901673437499998 0.29340326562499996 0 0 0
1 0.644020090625 0.6439102140624999 0.6549314500000001 0.53665839375 0.661237575 0.5317545265625 0.6531667046875 0.5271016109375 0.6406659875 0.5432991203124999 0.644020090625 0.6439102140624999
1 0.3280607625 0.6686004750000001 0.39876655625 0.6913352625 0.4435228734375 0.69215196875 0.4449611015625 0.5914572234375 0.3315146875 0.5918395078125 0.3280607625 0.6686004750000001