3 0 0.984375 0.015625 0.990625 0.015625 0.9984375 0.178125 0.9921875 0.259375 0.9984375 0.9984375 0.9984375 0.9984375 0.7671875 0.99375 0.7625 0.853125 0.7171875 0.7953125 0.7046875 0.7796875 0.709375 0.7515625 0.703125 0.7015625 0.68125 0.6 0.6703125 0.5984375 0.6859375 0.609375 0.7046875 0.60625 0.7078125 0.625 0.7203125 0.6265625 0.73125 0.64375 0.746875 0.65625 0.7515625 0.6578125 0.7625 0.6703125 0.7671875 0.678125 0.7921875 0.6734375 0.8125 0.6890625 0.8234375 0.6765625 0.8671875 0.6375 0.8984375 0.496875 0.9140625 0.49375 0.91875 0.4578125 0.909375 0.428125 0.9203125 0.346875 0.928125 0.30625 0.925 0.2828125 0.93125 0.28125 0.9265625 0.2484375 0.9265625 0.2171875 0.9328125 0.159375 0.921875 0.1296875 0.928125 0.1234375 0.921875 0.05625 0.928125 0 0.9203125 0 0.984375
4 0.475 0.875 0.4828125 0.859375 0.540625 0.8765625 0.5765625 0.871875 0.6078125 0.8625 0.615625 0.8515625 0.634375 0.85 0.6484375 0.8359375 0.66875 0.840625 0.675 0.8296875 0.6703125 0.796875 0.528125 0.7640625 0.5140625 0.7390625 0.521875 0.7 0.5203125 0.6578125 0.5125 0.6484375 0.503125 0.6484375 0.4578125 0.6890625 0.4234375 0.7375 0.4046875 0.746875 0.4015625 0.7625 0.35 0.853125 0.340625 0.8796875 0.459375 0.8890625 0.4796875 0.884375 0.475 0.875
4 0 0.721875 0.0421875 0.73125 0.0703125 0.728125 0.028125 0.7015625 0.00625 0.6953125 0 0.6953125 0 0.721875
4 0.1375 0.7421875 0.1515625 0.7484375 0.2 0.75 0.2078125 0.7453125 0.2078125 0.73125 0.0703125 0.7078125 0.0578125 0.709375 0.059375 0.715625 0.121875 0.746875 0.1375 0.7421875
4 0.4125 0.74375 0.2546875 0.7375 0.24375 0.7421875 0.246875 0.7609375 0.3875 0.7765625 0.396875 0.771875 0.4125 0.74375
0 0.959375 0.709375 0.9625 0.7421875 0.9984375 0.7484375 0.9984375 0.6828125 0.959375 0.709375
0 0.965625 0.696875 0.9546875 0.6734375 0.9234375 0.6640625 0.9046875 0.6640625 0.8765625 0.6921875 0.8765625 0.7203125 0.91875 0.73125 0.9515625 0.728125 0.965625 0.696875
0 0.771875 0.640625 0.7421875 0.6359375 0.725 0.6625 0.7234375 0.690625 0.778125 0.6984375 0.7828125 0.66875 0.771875 0.640625
0 0.646875 0.6390625 0.6234375 0.6359375 0.6171875 0.65 0.61875 0.6671875 0.6484375 0.6703125 0.646875 0.6390625
0 0.7 0.6625 0.7046875 0.65625 0.6953125 0.64375 0.68125 0.6375 0.665625 0.6484375 0.665625 0.6703125 0.690625 0.675 0.7046875 0.66875 0.7 0.6625
1 0.4984375 0.6265625 0.49375 0.6125 0.4875 0.6125 0.484375 0.646875 0.4859375 0.653125 0.49375 0.653125 0.4984375 0.6265625