4 0.5796875 0.640625 0.578125 0.6296875 0.5578125 0.6296875 0.3890625 0.9953125 0.628125 0.9984375 0.5796875 0.640625
1 0.409375 0.8828125 0.3015625 0.865625 0.2515625 0.9125 0.240625 0.9296875 0.165625 0.9921875 0.1609375 0.9984375 0.3890625 0.9984375 0.434375 0.8921875 0.409375 0.8828125
4 0.46875 0.8390625 0.334375 0.8171875 0.303125 0.8578125 0.4375 0.890625 0.46875 0.8390625
1 0.95 0.9984375 0.928125 0.9671875 0.6640625 0.7015625 0.646875 0.7109375 0.6078125 0.703125 0.590625 0.709375 0.596875 0.7734375 0.6078125 0.8015625 0.640625 0.9984375 0.95 0.9984375
3 0.703125 0.675 0.6828125 0.6578125 0.6625 0.65625 0.6625 0.6921875 0.7125 0.7375 0.7140625 0.675 0.703125 0.675
3 0.803125 0.8375 0.8375 0.8625 0.8421875 0.8796875 0.8484375 0.8796875 0.946875 0.9828125 0.9734375 0.9984375 0.9984375 0.9984375 0.9984375 0.69375 0.8921875 0.6734375 0.80625 0.66875 0.725 0.684375 0.725 0.7484375 0.73125 0.7703125 0.75 0.7796875 0.803125 0.8375
1 0.7171875 0.6453125 0.715625 0.8125 0.7265625 0.825 0.7234375 0.6640625 0.7171875 0.6453125
0 0.771875 0.63125 0.74375 0.63125 0.7328125 0.646875 0.7296875 0.6765625 0.7765625 0.68125 0.7796875 0.665625 0.771875 0.63125
0 0.8125 0.6234375 0.7875 0.621875 0.784375 0.6265625 0.7890625 0.6625 0.8203125 0.665625 0.821875 0.64375 0.8125 0.6234375
1 0.5875 0.509375 0.5875 0.6765625 0.596875 0.6265625 0.5921875 0.5125 0.5875 0.509375
0 0.684375 0.6125 0.675 0.621875 0.6703125 0.6515625 0.6984375 0.6546875 0.696875 0.61875 0.684375 0.6125
1 0.4859375 0.79375 0.534375 0.684375 0.5203125 0.6796875 0.51875 0.684375 0.4875 0.6875 0.365625 0.8078125 0.3625 0.8140625 0.3671875 0.8171875 0.4609375 0.8359375 0.4859375 0.79375
1 0 0.9984375 0.146875 0.9984375 0.196875 0.9578125 0.196875 0.9453125 0.21875 0.9421875 0.2390625 0.9234375 0.25 0.9046875 0.29375 0.8625 0.2984375 0.834375 0.29375 0.715625 0.2796875 0.70625 0.2671875 0.70625 0.071875 0.75625 0.05 0.790625 0.03125 0.7953125 0.025 0.79375 0.0203125 0.78125 0 0.78125 0 0.9984375
1 0.35 0.8140625 0.371875 0.7984375 0.490625 0.6765625 0.4796875 0.6359375 0.4515625 0.6125 0.4515625 0.578125 0.4390625 0.5640625 0.421875 0.5640625 0.4203125 0.546875 0.4078125 0.546875 0.40625 0.5546875 0.403125 0.6671875 0.3640625 0.6734375 0.3421875 0.6875 0.3421875 0.7796875 0.33125 0.7984375 0.3359375 0.8125 0.35 0.8140625
1 0.3296875 0.809375 0.3359375 0.7796875 0.340625 0.5484375 0.3375 0.5171875 0.325 0.4953125 0.3125 0.5515625 0.303125 0.7234375 0.3015625 0.825 0.30625 0.825 0.321875 0.809375 0.3296875 0.809375
1 0.165625 0.71875 0.20625 0.7015625 0.2703125 0.690625 0.2796875 0.5375 0.2765625 0.484375 0.215625 0.4015625 0.2046875 0.396875 0.196875 0.3796875 0.1734375 0.365625 0.1578125 0.3796875 0.1578125 0.3953125 0.1359375 0.4140625 0.1171875 0.409375 0.103125 0.4140625 0.0875 0.5046875 0.0796875 0.7328125 0.0921875 0.7328125 0.1125 0.7203125 0.165625 0.71875
1 0.4046875 0.546875 0.3890625 0.515625 0.3765625 0.5046875 0.36875 0.5125 0.3640625 0.56875 0.3609375 0.665625 0.39375 0.665625 0.403125 0.6609375 0.4046875 0.546875
1 0.440625 0.5640625 0.428125 0.534375 0.421875 0.54375 0.41875 0.578125 0.41875 0.659375 0.4375 0.6578125 0.4421875 0.584375 0.440625 0.5640625
1 0.5171875 0.55 0.5046875 0.6171875 0.5078125 0.6546875 0.5015625 0.6609375 0.5140625 0.6828125 0.5171875 0.55