3 0.39375 0.8375 0.4140625 0.853125 0.4140625 0.8625 0.446875 0.8671875 0.521875 0.8953125 0.6109375 0.9078125 0.6484375 0.9234375 0.7140625 0.9390625 0.80625 0.9921875 0.8171875 0.984375 0.83125 0.9859375 0.8390625 0.9984375 0.9984375 0.9984375 0.9984375 0.784375 0.9890625 0.784375 0.978125 0.7734375 0.965625 0.778125 0.946875 0.771875 0.9421875 0.753125 0.946875 0.7390625 0.840625 0.7140625 0.825 0.71875 0.778125 0.709375 0.7125 0.6859375 0.6734375 0.6609375 0.6515625 0.65625 0.6453125 0.684375 0.634375 0.6921875 0.671875 0.7375 0.6734375 0.75 0.6421875 0.7671875 0.5796875 0.775 0.4296875 0.7765625 0.340625 0.759375 0.3296875 0.7625 0.328125 0.8359375 0.334375 0.8546875 0.3734375 0.85625 0.39375 0.8375
4 0.5890625 0.6796875 0.5765625 0.6625 0.5734375 0.621875 0.5625 0.625 0.546875 0.6796875 0.5421875 0.7234375 0.590625 0.728125 0.5953125 0.6796875 0.5890625 0.6796875
0 0.6265625 0.63125 0.615625 0.6328125 0.6140625 0.6796875 0.6421875 0.6828125 0.6390625 0.6390625 0.6265625 0.63125
0 0.675 0.6265625 0.6671875 0.6359375 0.665625 0.6515625 0.6828125 0.6546875 0.684375 0.6296875 0.675 0.6265625
0 0.7 0.63125 0.6921875 0.6421875 0.6890625 0.6625 0.7046875 0.6640625 0.7109375 0.634375 0.7 0.63125
0 0.715625 0.6359375 0.7078125 0.6734375 0.73125 0.6796875 0.7359375 0.66875 0.73125 0.6453125 0.715625 0.6359375
0 0.765625 0.6484375 0.7515625 0.6453125 0.7359375 0.66875 0.7359375 0.6859375 0.771875 0.6921875 0.775 0.665625 0.765625 0.6484375
0 0.8140625 0.6578125 0.79375 0.6546875 0.778125 0.6796875 0.778125 0.703125 0.8296875 0.7109375 0.834375 0.68125 0.8140625 0.6578125
0 0.0328125 0.7203125 0.075 0.721875 0.0828125 0.709375 0.0953125 0.709375 0.1125 0.740625 0.13125 0.7265625 0.1734375 0.73125 0.1875 0.7171875 0.19375 0.7 0.190625 0.6703125 0.1703125 0.6609375 0.134375 0.6296875 0.0796875 0.6234375 0.0515625 0.6265625 0.040625 0.6375 0.04375 0.665625 0.0296875 0.68125 0.0390625 0.7171875 0.0328125 0.7203125
0 0.9984375 0.678125 0.95625 0.7109375 0.9515625 0.7265625 0.95625 0.7671875 0.9796875 0.7625 0.9984375 0.76875 0.9984375 0.678125
3 0.2 0.8234375 0.2296875 0.8453125 0.309375 0.8546875 0.3140625 0.8140625 0.3109375 0.75625 0.2203125 0.7484375 0.184375 0.7359375 0.178125 0.74375 0.1125 0.746875 0.1015625 0.8328125 0.1625 0.840625 0.184375 0.8234375 0.2 0.8234375
4 0.1796875 0.9375 0.0359375 0.9171875 0.0390625 0.959375 0.015625 0.9890625 0.0140625 0.9984375 0.215625 0.9984375 0.25 0.95625 0.1796875 0.9375
4 0.534375 0.7671875 0.60625 0.7703125 0.640625 0.7640625 0.65625 0.7546875 0.6546875 0.740625 0.5328125 0.7265625 0.528125 0.728125 0.5390625 0.7453125 0.53125 0.7625 0.534375 0.7671875
4 0.5234375 0.9875 0.29375 0.9546875 0.259375 0.959375 0.225 0.9859375 0.21875 0.9984375 0.5609375 0.9984375 0.559375 0.99375 0.5234375 0.9875
4 0.7984375 0.9953125 0.7953125 0.9859375 0.78125 0.9828125 0.778125 0.971875 0.7 0.9421875 0.6109375 0.9328125 0.559375 0.90625 0.4734375 0.8859375 0.4625 0.8859375 0.453125 0.89375 0.41875 0.946875 0.4125 0.9703125 0.55 0.9921875 0.5609375 0.9984375 0.7984375 0.9953125
1 0.103125 0.8078125 0.1 0.78125 0.109375 0.7625 0.0984375 0.715625 0.0875 0.7078125 0.075 0.7265625 0.06875 0.8515625 0.071875 0.8578125 0.0875 0.8609375 0.103125 0.8078125