1 0.9817337421874999 0.22143618125 0.972967778125 0.105564453125 0.9697090921875 0.10573551249999999 0.9720329765625 0.0932079109375 0.9662575421874999 0.016866087499999998 0.8019275015625 0.013997696875000002 0.8092177953125 0.0600904515625 0.8948117546875001 0.2833456875 0.9078727359375 0.3694993671875 0.922630734375 0.9880690515625 0.9773530375 0.9851965078125 0.955591321875 0.28670908906250003 0.9642805125 0.2502064671875 0.9817337421874999 0.22143618125
1 0.6310359625 0.5806486515625 0.619185315625 0.5321164125 0.6089902453125 0.570336559375 0.6143254437500001 0.727350309375 0.6228425515625 0.7318186515625 0.6355069078125 0.7262384265625 0.6310359625 0.5806486515625
1 0.6953447140625 1 0.9138794812500001 0.9885284328124999 0.9152153625 0.9638811484375 0.90808066875 0.9560632859375 0.8816650875 0.9312342875 0.83545045625 0.9041676484375 0.759092009375 0.8246136015625 0.7469458203125 0.81542033125 0.7341580000000001 0.81936855625 0.7272702328125 0.814814684375 0.7150248859375 0.7826879375 0.6446656468749999 0.7175652718750001 0.634371421875 0.732851940625 0.6081784609375 0.7325884140625 0.6019323234375 0.71489304375 0.607091590625 0.6965989687499999 0.6014627734375 0.6870635796875 0.573270078125 0.6819895921875 0.5604822578124999 0.6859378203125 0.5595937 0.6958153265625 0.5576688125 0.735239821875 0.5667303203125 0.811772584375 0.59015845 0.8187351546875 0.5984043234375 0.8412409828125 0.593591140625 0.8857325265625 0.6222128296875 1 0.6953447140625 1
4 0.61241520625 1 0.58727015625 0.8238022015625001 0.5675945703124999 0.8231965562499999 0.5461137109374999 0.6473686171875 0.5312026921874999 0.6448743875 0.37951780468749996 1 0.61241520625 1
1 0.34365803437500003 0.8038206125 0.366568 0.825556678125 0.42307685624999997 0.8373366499999999 0.44398708593749997 0.85426225625 0.4604282921875 0.833737478125 0.459440578125 0.8206815093750001 0.49212467968749996 0.73376500625 0.50819549375 0.708344240625 0.515625734375 0.6768231375 0.507108625 0.6723547953125 0.4502799140625 0.721215271875 0.4308512578125 0.7238736203125 0.40337503750000003 0.7498930890625 0.3745407125 0.7579606015625 0.344052734375 0.787415121875 0.34365803437500003 0.8038206125
1 0.3865480234375 1 0.4249793609375 0.927353025 0.4239916484375 0.91429705625 0.4355448234375 0.8940288687500001 0.446011128125 0.837771234375 0.45593496250000004 0.817588575 0.45608273437499997 0.7979190921875 0.4258903015625 0.788034646875 0.42300200937500004 0.79310169375 0.36772779375 0.797641684375 0.3607165625 0.79145581875 0.3285000859375 0.798062390625 0.319464809375 0.8083675453125 0.3146516265625 0.8528590875000001 0.30146910625 0.8732128046875 0.2612293765625 0.8818790234374999 0.24930580781249997 0.8972512234375 0.22247121875000003 0.9101291953124999 0.2110415046875 0.932029378125 0.1996361 0.932628084375 0.1724068125 0.9619115453125 0.1702349953125 0.99807205 0.16790232031250002 1 0.3865480234375 1
1 0.329581184375 0.50963365625 0.326223340625 0.48687124062500003 0.314200615625 0.4793099640625 0.28450203749999997 0.47595350312500007 0.27823159375 0.4795596125 0.2775899625 0.492701109375 0.2789237640625 0.5319545484375 0.29144034531249996 0.546043809375 0.316153659375 0.634862775 0.3251908578125 0.732697015625 0.3364241828125 0.773069275 0.3446943640625 0.774273625 0.3900933609375 0.74731333125 0.40626333125 0.7448260421875 0.427345640625 0.7207806859375 0.42707248125 0.63067878125 0.41729641875 0.63119195625 0.40663553124999996 0.6200091578125 0.40085328750000004 0.5435773375 0.3823131875 0.5363581796875 0.3532319328125 0.5411617 0.329581184375 0.50963365625
1 0.127849684375 1 0.12750167031249998 0.9953998234375 0.13527799375 0.9900761875 0.1339198875 0.9721242296874999 0.14132582031250002 0.9619046046875 0.1869717453125 0.93820830625 0.2574768328125 0.875522096875 0.29031063125 0.8770755031249999 0.3038635453125 0.861617775 0.33390628125 0.783032309375 0.311660328125 0.6187138734375 0.304031775 0.6043680250000001 0.2968222328125 0.5523152062500001 0.2791706921875 0.5352185406250001 0.25961856875 0.5362448921875 0.2522126375 0.5464645171875 0.22826634218750003 0.5542754390625 0.211725978125 0.551866740625 0.051358146874999996 0.507853675 0.031682559375 0.50724803125 0.0028868375000000003 0.4962052671875 0.003010496875 0.5174603890625 0.0395157296875 1 0.127849684375 1
1 0.4322336703125 0.7205241 0.4461569765625 0.7099623578125 0.43966198749999996 0.580863603125 0.43052755625000005 0.5682352796875 0.41936908125 0.5720979765624999 0.42228360625 0.65386884375 0.4249755125 0.7110742390625 0.4322336703125 0.7205241
1 0.469484028125 0.5858520578124999 0.45420261406250007 0.5784618421875 0.44817909843750003 0.58533194375 0.4502536828125 0.634377359375 0.4672635953125 0.664615521875 0.464597921875 0.694248040625 0.471238759375 0.69553791875 0.5066147671875 0.6658268109375001 0.500146009375 0.62356596875 0.469484028125 0.5858520578124999
1 0.472621175 0.692188396875 0.464029215625 0.6434851 0.4650898546875 0.5926366328125 0.4590906453125 0.5782052546875 0.4453151109375 0.5690975109374999 0.43729185781249996 0.5711571531249999 0.445021490625 0.716575871875 0.472621175 0.692188396875
3 0.7226777453125 0.7757323078125 0.72176295625 0.6987719 0.6903115718749999 0.6938689703125 0.6821891640625 0.6729951375 0.6652784078125 0.6656904499999999 0.6424675984375 0.6668878609375 0.645924596875 0.712583753125 0.7226777453125 0.7757323078125
3 1 0.8267138890625001 0.9769058718749999 0.8279261703125 0.97572176875 0.8771426437500001 0.9838704109374999 0.9848543921875 1 0.9840077 1 0.8267138890625001
3 0.77479050625 0.6861574546875 0.7663968609375 0.683321109375 0.75259701875 0.6955148453125 0.7315390171875 0.6982587234375 0.74195863125 0.7927434421874999 0.807429840625 0.858122696875 0.9151162078124999 0.940947675 0.9102991765624999 0.7691604296875 0.8982764515625 0.7615991546875 0.8901297343750001 0.7620268 0.8891177125 0.7702723109375 0.8581601859375001 0.7718973671875 0.8435204015625001 0.7513656515625 0.8316697578125 0.7028334140625 0.8142651421875 0.6890007406249999 0.8002183734375 0.6979304843749999 0.7950834140625 0.69492308125 0.795700734375 0.7030830609375001 0.7860481390625 0.7052282328125 0.77479050625 0.6861574546875
0 0.9126936156250001 0.7575653984375 0.912122984375 0.598663065625 0.88768283125 0.5999460046875 0.87573495625 0.636619684375 0.839124303125 0.6500108296875 0.8420631390625 0.71048021875 0.851321034375 0.7247405375 0.8592956718749999 0.7652838546875 0.8810944578125 0.7723319546875 0.8926476359375 0.752063765625 0.9126936156250001 0.7575653984375
0 1 0.5970986218750001 0.9676441296875 0.597387065625 0.9678686734375 0.7300919312499999 0.9721656140625001 0.8085132765624999 1 0.8058822015624999 1 0.5970986218750001
0 0.734870628125 0.6341832265625 0.7160835999999999 0.623700075 0.6935197203125 0.628161478125 0.683842815625 0.6516081296875 0.6895707875 0.6840769953125 0.7062346171875 0.6881176906250001 0.72867503125 0.6820242921874999 0.749091403125 0.6924219125 0.7481279984375 0.6580644640625 0.734870628125 0.6341832265625
1 0.5706530203125 0.669019153125 0.5840581625000001 0.6732309062499999 0.5874646203125 0.653390365625 0.5807246265625 0.6291670109374999 0.561913290625 0.6399853390625 0.5706530203125 0.669019153125
2 0.5323381796875 0.6382608750000001 0.537596603125 0.6429002765625 0.532732878125 0.6218553828125 0.5323381796875 0.6382608750000001
0 0.587094228125 0.6484943765625 0.603634590625 0.6509030765625 0.6040292921875 0.6344975859375 0.592006565625 0.6269363109375 0.587488928125 0.632088884375 0.587094228125 0.6484943765625
0 0.633604403125 0.63622205 0.63345663125 0.6558915328125 0.6530087531250001 0.6548651828125001 0.6514037187499999 0.63364923125 0.633604403125 0.63622205
0 0.6633029796875001 0.6395785109375 0.6582671765625 0.65950458125 0.6813249140625001 0.6615711656250001 0.6846079109375001 0.6400986265624999 0.6633029796875001 0.6395785109375