4 0.565625 1 0.5578125 0.771875 0.628125 0.778125 0.6296875 0.7609375 0.575 0.74375 0.434375 0.7234375 0.3765625 0.734375 0.465625 0.7578125 0.321875 1 0.565625 1
3 0.41875 0.721875 0.5546875 0.7359375 0.63125 0.7578125 0.6328125 0.678125 0.6171875 0.665625 0.58125 0.6578125 0.5703125 0.6578125 0.60625 0.69375 0.4953125 0.696875 0.421875 0.690625 0.41875 0.721875
1 0.503125 0.6609375 0.475 0.6625 0.475 0.6796875 0.528125 0.68125 0.5359375 0.6703125 0.503125 0.6609375
4 0.525 0.646875 0.50625 0.684375 0.4921875 0.69375 0.5890625 0.6921875 0.540625 0.684375 0.534375 0.6453125 0.525 0.646875
3 1 0.73125 0.8328125 0.6953125 0.8109375 0.725 0.7328125 0.7078125 0.7296875 0.675 0.696875 0.6703125 0.6921875 0.696875 0.69375 0.7484375 0.7015625 0.7640625 0.7171875 0.790625 0.9375 1 1 1 1 0.73125
1 0.334375 0.9546875 0.3609375 0.9421875 0.3890625 0.9 0.4375 0.8046875 0.44375 0.7765625 0.4375 0.7625 0.4203125 0.753125 0.375 0.74375 0.2640625 0.8359375 0.2578125 0.9109375 0.24375 0.9546875 0.2578125 0.959375 0.334375 0.9546875
1 0.35 0.5671875 0.346875 0.5984375 0.3421875 0.7109375 0.3640625 0.7140625 0.3671875 0.565625 0.35 0.5671875
3 0.4078125 0.71875 0.4078125 0.6859375 0.4046875 0.690625 0.3703125 0.6890625 0.3703125 0.7140625 0.3765625 0.721875 0.4 0.725 0.4078125 0.71875
1 0.421875 0.4703125 0.4125 0.5875 0.4109375 0.7265625 0.41875 0.7265625 0.4265625 0.5015625 0.421875 0.4703125
3 0.459375 0.70625 0.4921875 0.709375 0.49375 0.7234375 0.5046875 0.69375 0.434375 0.690625 0.4234375 0.7 0.4234375 0.721875 0.434375 0.7203125 0.4390625 0.7265625 0.459375 0.70625
1 0 0.99375 0.0125 0.9921875 0.0625 0.9625 0.1359375 0.975 0.1640625 0.9734375 0.1765625 0.9828125 0.1953125 0.984375 0.2203125 0.9734375 0.2515625 0.91875 0.2640625 0.8296875 0.340625 0.7703125 0.35625 0.7484375 0.3578125 0.734375 0.353125 0.7234375 0.3390625 0.7203125 0.1890625 0.765625 0.0953125 0.7828125 0.08125 0.809375 0.05625 0.8296875 0.0484375 0.853125 0.0375 0.8609375 0.0125 0.85 0 0.853125 0 0.99375
3 0.3296875 0.7125 0.3390625 0.70625 0.3390625 0.6890625 0.3265625 0.68125 0.2484375 0.68125 0.2171875 0.6875 0.2171875 0.6921875 0.2296875 0.7 0.3296875 0.7125
1 0.5375 0 0.5625 0.0671875 0.5859375 0.0921875 0.584375 0.1421875 0.6234375 0.153125 0.64375 0.2109375 0.6265625 0.38125 0.6234375 0.4796875 0.6296875 0.5109375 0.628125 0.571875 0.634375 0.6296875 0.640625 0.6421875 0.628125 0.79375 0.6453125 0.8078125 0.6625 0.796875 0.6625 0.6953125 0.6703125 0.6765625 0.6734375 0.634375 0.6625 0.496875 0.6734375 0.459375 0.6734375 0.278125 0.703125 0.20625 0.70625 0.1421875 0.7171875 0.115625 0.7453125 0.08125 0.7703125 0.0640625 0.7921875 0.0578125 0.8234375 0.059375 0.821875 0.053125 0.790625 0.0546875 0.74375 0.071875 0.7328125 0.05625 0.7453125 0.0140625 0.7578125 0.009375 0.746875 0 0.6234375 0 0.61875 0.025 0.58125 0.03125 0.5828125 0.0125 0.5765625 0 0.5375 0
0 0.8234375 0.6734375 0.7953125 0.6265625 0.75 0.621875 0.7328125 0.6515625 0.73125 0.7046875 0.7359375 0.7109375 0.8203125 0.7171875 0.8234375 0.6734375
1 0.565625 0.6640625 0.5515625 0.6734375 0.5453125 0.68125 0.590625 0.6875 0.590625 0.68125 0.565625 0.6640625
1 0.565625 0.6625 0.5515625 0.66875 0.546875 0.68125 0.5515625 0.684375 0.5921875 0.6875 0.565625 0.6625
0 0.5828125 0.6453125 0.58125 0.653125 0.5921875 0.6578125 0.59375 0.646875 0.5828125 0.6453125
0 0.6265625 0.66875 0.6328125 0.671875 0.6296875 0.6390625 0.6265625 0.66875
1 0.6890625 0.8546875 0.6890625 0.79375 0.7015625 0.771875 0.6890625 0.6765625 0.68125 0.66875 0.665625 0.684375 0.6671875 0.8515625 0.6734375 0.8640625 0.6828125 0.8640625 0.6890625 0.8546875
0 0.675 0.6375 0.675 0.671875 0.6875 0.68125 0.6875 0.65 0.675 0.6375
0 0.6015625 0.6453125 0.6 0.65625 0.609375 0.65625 0.609375 0.646875 0.6015625 0.6453125
1 0.9203125 0.9859375 0.9109375 0.9828125 0.746875 0.8203125 0.7078125 0.79375 0.7015625 0.7921875 0.6953125 0.8015625 0.6921875 0.8625 0.6734375 0.86875 0.6640625 0.8625 0.6578125 0.8140625 0.6234375 0.8046875 0.6265625 0.778125 0.5625 0.7765625 0.5546875 0.784375 0.5578125 0.9390625 0.5703125 0.9984375 0.925 0.9984375 0.9203125 0.9859375