3 1 0.74874154375 0.90266893125 0.731635890625 0.8417143640625 0.73520346875 0.8044017453125001 0.71792586875 0.7917378 0.720288859375 0.7056287765625 0.6993800890624999 0.6713557 0.6803028015625 0.6601272265625 0.6809599890625 0.6631619234375 0.7099745468750001 0.6380026265625001 0.7163124453124999 0.6699105390625 0.7436370984375 0.68316214375 0.762322953125 0.67936150625 0.7722761234375 0.648291721875 0.7838253171875 0.5905452890625 0.7872051296875 0.5673272468749999 0.7966729828125 0.48104478593750005 0.8049665390625 0.45116000468750006 0.7969849265625 0.42887165156249996 0.7999112171875 0.43663183281249995 0.8432452906250001 0.46356379375 0.8384254265625 0.5588733140625 0.8701482171875 0.5809063531249999 0.8802111703125 0.60369564375 0.9129348875 0.6407577921875001 0.9123874828125 0.6465815593750001 0.9217773515625 0.678157128125 0.9150639203125 0.6892988828125 0.9290078968750001 0.6973192203125 0.928538478125 0.7004454796874999 0.9121376281250001 0.7262791562500001 0.912247409375 0.7343813703125 0.9279910750000001 0.753292990625 0.92364063125 0.784613246875 0.9299164421875 0.8018340828125 0.94026104375 0.865572878125 0.9478830234375 0.9239069687500001 0.96555205625 0.9606287890624999 0.9990821078125001 1 0.9967777703125 1 0.74874154375
4 0.646874078125 1 0.646147965625 0.9947831687500001 0.6267402468750001 0.9326693609375001 0.63104666875 0.927551946875 0.5779486875 0.8982239406250001 0.5751644578125 0.8870343859375 0.5646970828125 0.8795380875 0.488381059375 0.8596779359375001 0.458746746875 0.869521325 0.430798378125 0.8954839140624999 0.37465601249999997 0.8987698421875001 0.3741453859375 0.9247483296875 0.3847813578125 0.933856546875 0.44598639531249995 0.948113971875 0.45949089218749994 0.96921770625 0.45735817812499996 1 0.646874078125 1
4 0.5659833359374999 0.752963375 0.5581315906250001 0.7550447140625 0.5647983328125 0.7724941828125 0.5613348828125 0.7856711953125 0.5682569375 0.7901314203124999 0.6418754515625 0.7842008515625001 0.6758161828125 0.7692400515625 0.66501161875 0.7585199140625 0.5659833359374999 0.752963375
4 0.5689361578125001 0.765764853125 0.5690180328125 0.781977934375 0.585227303125 0.7826510203125 0.583372765625 0.7649199 0.5689361578125001 0.765764853125
4 0.5665758375000001 0.7431979734375 0.57062694375 0.7510698046875001 0.599500159375 0.7493799 0.5951118656250001 0.738284228125 0.5665758375000001 0.7431979734375
4 0.5879490296875 0.654370503125 0.574018203125 0.66005121875 0.57089194375 0.67645206875 0.5719805421874999 0.73315091875 0.5928334203125 0.7319304328125 0.5982381250000001 0.7218833765625 0.5879490296875 0.654370503125
0 0.8581019156249999 0.675859978125 0.8242479015624999 0.676219615625 0.8110733296875001 0.704561090625 0.8152063109375 0.7286460078125 0.8787765125 0.7346560640625001 0.8802168281249999 0.7021360140625 0.8581019156249999 0.675859978125
0 0.6307433828125 0.7086283812499999 0.6581811281250001 0.708644278125 0.6512639171875 0.67336980625 0.6313407296875 0.6680487296875001 0.627371496875 0.6763899796875 0.6307433828125 0.7086283812499999
0 0.6875649703125 0.6809758859375 0.7041114281249999 0.6848728093750001 0.7063947171875 0.6604123578125 0.6932249875000001 0.6579395890625 0.6878202828125 0.6679866421875 0.6875649703125 0.6809758859375
0 0.7352679328125 0.658722453125 0.725980715625 0.6625095937500001 0.7225172671875 0.67568660625 0.7266502484374999 0.699771521875 0.7503740734375001 0.6951394265624999 0.749955009375 0.675702503125 0.7352679328125 0.658722453125
0 0.756703625 0.7093650546875 0.7926674890625 0.71374729375 0.7907310765625 0.6798030921875 0.783134646875 0.6688951859375 0.7587364453125 0.6670796 0.7522334546875 0.6820563 0.7512170453125 0.703199028125 0.756703625 0.7093650546875