3 0.20294851406249997 0.7754983203125 0.20525112499999998 0.79833660625 0.1923184640625 0.9118155968749999 0.3376200359375 0.94232475625 0.46858659375 0.9794226484375 0.4999946921875 0.9803380171875 0.9566186484375001 0.9617320171875001 0.9619624234374999 0.8081290687499999 0.6318390484374999 0.7336975531250001 0.603992609375 0.73113435625 0.526057703125 0.7166015890625 0.5050127328125 0.717739875 0.5573197234375 0.7875778703125 0.514589209375 0.80209718125 0.20294851406249997 0.7754983203125
4 0.5165183515625 0.798650146875 0.5508842984375 0.7768805390625 0.475709553125 0.7764412484375 0.4655840140625 0.702577715625 0.45134050937500003 0.7074174875 0.41165210781250006 0.7640645578124999 0.3644153109375 0.764439503125 0.3811444453125 0.778940096875 0.43279601718749994 0.794458484375 0.5165183515625 0.798650146875
3 0.34825008749999997 0.8060074796875 0.3474190703125 0.7884669671875 0.20791235000000002 0.780897875 0.19783135937500002 0.9067213781250001 0.25259428281249996 0.8627750484375 0.28429157968749996 0.8251630015625 0.3159047921875 0.8225810906250001 0.32408634062499997 0.8333293109375 0.32509295312500003 0.814090725 0.34825008749999997 0.8060074796875
3 0.0605283125 0.8904583640625001 0.15619896875 0.9002531406250001 0.1663022328125 0.8742731546875 0.17648215625000002 0.7799818609375 0.093217375 0.7670453875 0.0477266984375 0.76747121875 0.0452707671875 0.8812555453125 0.0605283125 0.8904583640625001
1 0.9243181859374999 0 0.9237430156249999 0.0345466859375 0.9514064328125 0.0406078046875 0.9618831625 0.040913140625 0.9659244687499999 0.0305211484375 0.9903701734375 0.031233603125 0.9918417640625 0.036531378125 0.9869991390624999 0.16250755156250002 0.98304934375 0.1711505828125 0.956491475 0.1773830890625 0.9179012 0.2130426125 0.91177000625 0.330223084375 0.9163678000000001 0.34261848906250003 0.9453197859375001 0.3574753109375 0.9741728374999999 0.3407999234375 0.980242221875 0.358493103125 0.9599783499999999 0.96159511875 0.9837126078124999 0.960628021875 1 0.6493405078125 1 0 0.9243181859374999 0
1 0.1623598609375 0.916197359375 0.1558329265625 0.9072489890625001 0.0481224390625 0.893600059375 0.0402228484375 0.9108861234375001 0.0186288140625 0.9225181859375 0.016105453125 0.92268079375 0.016848010937499998 0.9652218953125 0.026817785937499998 0.9665475796875 0.0933534328125 0.9649834593750001 0.13018819375 0.9695602437499999 0.187024459375 0.9712167 0.1938889875 0.9486455812499999 0.220355346875 0.9441620390625 0.2280719171875 0.9303738984375001 0.1623598609375 0.916197359375
1 0.0387512578125 0.9055883484375 0.04366311875 0.6780196968750001 0.0516542203125 0.6589846703125 0.061186146875 0.543654940625 0.0392186453125 0.529001678125 0.0091921265625 0.5266165546875 0.016088990625 0.9217377000000001 0.0387512578125 0.9055883484375
1 0.24061867343749999 0.3229242125 0.2265581875 0.3242660578125 0.214701378125 0.31691398125000003 0.220046103125 0.3818800328125 0.1954767765625 0.6509148828125 0.16281741249999998 0.9074525484375 0.1692528375 0.9181498796875 0.190572340625 0.9117647046874999 0.2375988296875 0.3806399671875 0.24061867343749999 0.3229242125
1 0.4235014953125 0.7381354640625 0.391148775 0.7214279015625 0.3697377625 0.7295620359375 0.3611975984375 0.7590908359374999 0.4170734953125 0.7607193031249999 0.42451553437499995 0.75217805 0.4235014953125 0.7381354640625
1 0.4897626125 0.74181823125 0.49876775156250003 0.736825790625 0.508398615625 0.6530282734374999 0.5309918390624999 0.5888764546874999 0.513988171875 0.5796227484375 0.4962524234375 0.5843607375000001 0.4852563296875 0.7276738625 0.4897626125 0.74181823125
1 0.49928711562499994 0.5932073296875 0.5133476 0.591865484375 0.5138051515625001 0.5831206703125 0.4945978125 0.5825608859375 0.497343121875 0.5300920171875 0.490724678125 0.5228926109375001 0.48512027187499995 0.529735790625 0.47018923125 0.7482542921875 0.478096246875 0.7642494 0.48663640937499997 0.7347206015625 0.48973291249999995 0.608693540625 0.49928711562499994 0.5932073296875
1 0.4848977125 0.7679508859374999 0.545645934375 0.7767278703125 0.5362673265625 0.7554349859375 0.5112651359375 0.73193513125 0.48819951093749997 0.7382694171875 0.4848977125 0.7679508859374999
1 0.18336028437500002 0.7153720390625 0.1749042046875 0.7098707015625 0.12592128593750002 0.7101947546875 0.12454863125 0.7364291890625 0.173440040625 0.7378540984375 0.18244518125 0.7328616593749999 0.18336028437500002 0.7153720390625
1 0.054612249999999994 0.7361425671874999 0.0671096328125 0.7312519078124999 0.0841132984375 0.7405056171875 0.11379736874999999 0.7413707390625001 0.1157190859375 0.70464253125 0.04954948125 0.699210803125 0.046705232812500004 0.720147459375 0.054612249999999994 0.7361425671874999
1 0.3353718125 0.7513316437500001 0.36349278281249997 0.748647953125 0.3691886984375 0.740055809375 0.3697377625 0.7295620359375 0.35944405156250003 0.7257587734375 0.21313586406249999 0.7144882 0.21341782031249998 0.7425224828125 0.3353718125 0.7513316437500001
0 0.5303735390625001 0.7009627078125 0.5278953343749999 0.7149035171875 0.5401181890625 0.71525974375 0.54066725 0.7047659687500001 0.5303735390625001 0.7009627078125
0 0.5696192375 0.719622790625 0.597374165625 0.7239349484375001 0.6001269015624999 0.7047472546875 0.593874496875 0.690551996875 0.576413278125 0.6900431015625 0.5696192375 0.719622790625