3 0.7441835484375 0.7092969296875 0.7754477234375 0.72172781875 0.771487603125 0.653815640625 0.75764265625 0.601304934375 0.7376799593750001 0.5908007296875 0.7441835484375 0.7092969296875
0 0.77770161875 0.7103511296875 0.7894859796875 0.7376572484375 0.7834010109375 0.6048086265625 0.7724858921875 0.6076078 0.7711335046875 0.6300114984375 0.77770161875 0.7103511296875
3 1 0.6416544171874999 0.9451634453125 0.636158421875 0.9443584625 0.6457849828125 0.9688932156250001 0.6732676609375 0.9800013812499999 0.7117756265625 0.97372258125 0.7712851281249999 0.9525362796874999 0.7847599125 0.914703728125 0.7698778109375 0.8676302874999999 0.7782736156250001 0.8686605796875 0.7908759078125 1 0.897493975 1 0.6416544171874999
0 0.8631870203125 0.7628704265625 0.89802521875 0.7605992125000001 0.9239123593749999 0.765678190625 0.939431790625 0.7607792078125 0.951892346875 0.776883478125 0.9676693515625001 0.7751350671874999 0.9786489906250001 0.7341793265625001 0.9771035515625 0.71527588125 0.9657378140624999 0.6736173421875 0.9329604609375 0.623204725 0.8929385390625001 0.58154275 0.8733622000000001 0.57576440625 0.8241959109374999 0.5780339015625 0.84212950625 0.7779204953125001 0.8631870203125 0.7628704265625
4 0.6316841890625 0.6184427859375 0.61951346875 0.5864108078125 0.6037364625 0.5881592171875 0.5959444859375 0.6096869921875 0.58016748125 0.611435403125 0.568447384375 0.6238611390625 0.58998778125 0.6341905015625 0.5753375953125001 0.6691947765624999 0.5777845390625 0.699125228125 0.5728903890625 0.717152746875 0.559721378125 0.7313286125 0.559689115625 0.7504068953125 0.546648890625 0.766158046875 0.5067229734375001 0.9009264828125 0.497643128125 0.9067013890625001 0.49274897968750003 0.9247289078125001 0.48894850781250004 0.9732167015625001 0.5421899859375 0.9701157390624999 0.7106327890624999 0.951448884375 0.6721242125 0.8015291828125 0.6505518109375 0.732389684375 0.6399265296875 0.7192611484375 0.6388962375 0.706658853125 0.6448206796875 0.7012336265625 0.6284965265625 0.637870753125 0.6316841890625 0.6184427859375
4 0.57897588125 0.694224525 0.5516718265625 0.7497058140624999 0.49381153437499997 0.9182529203125 0.4778163328125 0.9738650765625 0.54219 0.9701157374999999 0.7127253375 0.9512169874999999 0.6506805984375 0.7339649703125 0.6256309609375 0.6222927234375 0.6188050125 0.6166909406250001 0.601321521875 0.6170389046875 0.5956546515625 0.6256147015625 0.5801994828125 0.6702455421875 0.57897588125 0.694224525
3 0.6712877515625 0.5965687671875 0.672672140625 0.6329752046875 0.70850836875 0.6623845687500001 0.707446075 0.5909721343750001 0.6712877515625 0.5965687671875
0 0.6673918921875 0.5683884421875 0.6694524765625001 0.5935930328125 0.684038140625 0.596745325 0.681719984375 0.5683901609374999 0.6673918921875 0.5683884421875
0 0.6814624109375 0.5652395875 0.6862920359375 0.585368634375 0.7024554015625 0.588346084375 0.704580509375 0.5753941078125 0.6909286125 0.5641905406250001 0.6814624109375 0.5652395875
0 0.8873039328125 0.5710402640625001 0.9359870765625 0.62127975625 0.9287105046875 0.571220259375 0.909005378125 0.5638666296875 0.8873039328125 0.5710402640625001
4 0.2699711125 0.98438748125 0.2703664046875 0.985947659375 0.478770759375 0.9738094875 0.49699919687499994 0.8988249546875 0.4612594921875 0.8900691609375 0.3396800296875 0.8828783453125 0.3197815953125 0.912105996875 0.302942034375 0.9203303953124999 0.2573817703125 0.9667079265625 0.25828327500000003 0.977734934375 0.2699711125 0.98438748125