4 0.7865433828125 0.912483990625 0.8466539515625 0.911056184375 0.8498171671874999 0.90098969375 0.8341880796875 0.8326399140625 0.7987697203125 0.8295821437500001 0.7062506281250001 0.8368972734375 0.6501132515625 0.823365521875 0.634268453125 0.8135880671875 0.6414048625000001 0.78856201875 0.617033771875 0.7850793796875 0.5974458515625 0.7617441109375 0.6016634734374999 0.7483221234374999 0.5802878609375 0.7237296296875 0.5787302390625 0.6939550296875 0.5253582703124999 0.6878307968749999 0.5118954296875 0.732989825 0.47925194062500004 0.927175065625 0.4738121765625 0.93290918125 0.484098759375 0.9887324765625 0.5293626484375 0.9876789468749999 0.6397033249999999 0.9676344921875 0.645143090625 0.9619003765624999 0.6398567046875 0.9486229093749999 0.6456032296875 0.904865625 0.703360559375 0.9086112359375 0.7216352859375 0.9037094781249999 0.73877891875 0.9116690078125 0.7865433828125 0.912483990625
1 0.4705677 0.6028654296875 0.47929044843749996 0.6677238812499999 0.4857079296875 0.6681400609375 0.46329716562499995 0.517177471875 0.4705677 0.6028654296875
3 0.5047159437500001 0.667851025 0.524212815625 0.6706371359375 0.5358256328125 0.663781625 0.5326480578125 0.6437931625 0.5051137515625 0.6503770140625 0.5047159437500001 0.667851025
3 0.6092456625 0.6362063734375 0.5987639390624999 0.6302005953125 0.5388978 0.6331659765625 0.5250084328125 0.635689115625 0.5364678703125 0.6478451890625 0.5384233015625 0.660145778125 0.5301414390625 0.667978165625 0.5868443625 0.675079275 0.6079611875 0.668079246875 0.6092456625 0.6362063734375
1 0.5051568296875 0.7405418640625 0.5189407890625 0.6874146171875 0.49123874375 0.6829551015625 0.4884733375 0.67554758125 0.4681664890625 0.6776545421875 0.4652477015625 0.689258603125 0.4741238296875 0.7351054718750001 0.5051568296875 0.7405418640625
4 0.5396167281250001 0.6077237484375 0.53385584375 0.6214260828125 0.5500217593750001 0.62323531875 0.5470886140625 0.6047844328124999 0.5396167281250001 0.6077237484375
1 0.6100270515624999 0 0.6182947484375 0.0239194890625 0.667966671875 0.1066507546875 0.7070178515625 0.23244277656249998 0.7255513671875 0.25913354375000003 0.736857425 0.2903012 0.78368235625 0.534911278125 0.82200025 0.6560905781249999 0.8237399703125 0.7269634953125 0.8619332015625 0.92726428125 0.9684183515625 0.9079202203125 0.9575867921875 0.8497727625 0.9141358921875 0.6963044093749999 0.8301241625 0.3176537421875 0.8246749328125 0.13355236718750002 0.8502874203124999 0.014997282812500002 0.85647254375 0 0.6100270515624999 0
1 0.5792190953125 0.697030178125 0.6176136796875 0.8087036859375001 0.636300575 0.8163828656250001 0.6467056078125 0.8318944359374999 0.70495179375 0.8387151968750001 0.8345091984374999 0.8246716968750001 0.8280773578125 0.79420056875 0.7642093078125 0.752015609375 0.76095504375 0.741532940625 0.6853831265625 0.6856543359375 0.652883553125 0.6709925 0.645900525 0.6770069640624999 0.6488336718750001 0.69545785 0.6374652828125 0.7038509375 0.6196650531250001 0.6817728921875 0.5934295828125 0.6865388203125 0.5792190953125 0.697030178125
3 0.7788319625 0.7541051921874999 0.8250675218750001 0.7852554734375 0.8145427218749999 0.6890848468749999 0.799584590625 0.6649085312499999 0.7937182984375 0.6280067578125 0.76163089375 0.6259258625 0.7570011046875 0.6267669078125 0.7788319625 0.7541051921874999
3 0.7340055390625 0.6119605546875 0.70508135 0.5998131703125 0.6647120828124999 0.6055646625 0.6601733421875 0.6269548671875 0.64368630625 0.6331138484375 0.6493081703125 0.6684780484374999 0.6882252234374999 0.6835560625 0.7633082828125 0.736359521875 0.7489636703125 0.6361368703125 0.7340055390625 0.6119605546875
3 1 0.6101417328125 0.977289909375 0.6041510546875 0.9551953687499999 0.6050007890625 0.9484567687500001 0.612552828125 0.9595327578124999 0.6722378609375 0.9442678656249999 0.6860847140625 0.9200645156249999 0.693645440625 0.9677473953125 0.8637467578125 0.9725449234375001 0.8739490765625 0.99723713125 0.8694634984375 1 0.8747213578125 1 0.6101417328125
1 0 0.326876884375 0.020419181249999998 0.3381863625 0.035362954687499996 0.3323077296875 0.0343852390625 0.326157434375 0.0516822515625 0.31510537968749996 0.07800877187500001 0.330888609375 0.09214256875 0.3299030453125 0.0998732421875 0.358556253125 0.11270820468750001 0.3593886109375 0.1292862890625 0.373778784375 0.14830866250000002 0.40354469843749996 0.1570937421875 0.4288424078125 0.154587121875 0.4530274109375 0.174419471875 0.47790025468749997 0.18236585624999999 0.447981134375 0.17950939999999999 0.4200244546875 0.19778412812499999 0.41512269843749994 0.1963175546875 0.405897253125 0.2084959203125 0.39261109843750003 0.2362746546875 0.3875648234375 0.24643525937500002 0.40153881875 0.253662715625 0.3970619265625 0.2605690546875 0.400553253125 0.2866367875 0.384743959375 0.2960641046875 0.3941052328125 0.3474039515625 0.39743466562499996 0.3549668875 0.4150445078125 0.387940959375 0.4027265390625 0.3841978359375 0.3891687234375 0.39993722656249997 0.34834206874999996 0.4195107875 0.3416223875 0.4324991296875 0.32344316093750003 0.432714840625 0.2648708359375 0.41262370312499996 0.20840546875000002 0.41992785 0.194422784375 0.44112136562500004 0.1779169640625 0.4481810828125 0.16239670625 0.43458411718749995 0.0968417265625 0.410121978125 0.0728099296875 0.4127052875 0.0391191359375 0.39863382187499996 0.0005439578125000001 0 0.0729596578125 0 0.326876884375
1 0.1592743484375 0.5724061640625 0.15004348750000002 0.63419815625 0.1528376125 0.701715578125 0.13605817656250002 0.7759526796875 0.1415123015625 0.8002735124999999 0.14866306875 0.8053024125 0.1666933671875 0.79886308125 0.1722098234375 0.783623171875 0.1872638984375 0.6685681046874999 0.1765139234375 0.4411343109375 0.1676377953125 0.39528744374999997 0.15999817031250002 0.3871833953125 0.1483853515625 0.39403890625 0.155550478125 0.42912275624999996 0.1592743484375 0.5724061640625
1 0.464130965625 0.7321748421875001 0.460282434375 0.66801291875 0.45028957031249994 0.6650822890625 0.4407088734375 0.6747326 0.39668753125 0.6874754328125 0.30020960625000004 0.7398050734375 0.29006336093749996 0.7558860265625 0.297870725 0.775033440625 0.293744153125 0.8090045859374999 0.2689752546875 0.82299595625 0.244862953125 0.8511058421875 0.2296747515625 0.8554469031249999 0.17128954375 0.8976926781250001 0.135808853125 0.934195646875 0.06970733125 0.9778431640624999 0.0729596578125 0.9983018453125 0.2325895234375 0.99458641875 0.25117013125 0.9606984546874999 0.282188771875 0.936079896875 0.30888438281249997 0.8742792171874999 0.3329199953125 0.855675125 0.3580867015625 0.8242097421875 0.37975471562499996 0.78072411875 0.4322879890625 0.731631521875 0.464130965625 0.7321748421875001
1 0.645847659375 0.9064031968749999 0.6405756328125001 0.9231806796875001 0.6457086375000001 0.95546973125 0.65667921875 0.9645506578124999 0.8542168859375 0.9286660234375 0.8468983796874999 0.9125937578125001 0.7996227734375 0.9148539234375 0.6594925968750001 0.9023424859375 0.645847659375 0.9064031968749999
1 0.42579381875 0.740721134375 0.3887698640625 0.7775044531249999 0.33438656718750004 0.8649005671875001 0.316111840625 0.8698023265625 0.235403440625 0.9945209234375 0.45362268125 0.989441815625 0.45538406875000004 0.956822525 0.4610682625 0.95262598125 0.47686998437500006 0.872238584375 0.49123384999999997 0.84273564375 0.49714811406250004 0.810021725 0.5029713296875 0.75675865 0.49744051406249995 0.7419436078125 0.42579381875 0.740721134375
1 0.49742128750000003 0 0.48620200625 0.0020380921875 0.4990513265625 0.0329254 0.5077453578125 0.0376739515625 0.5083252640625 0.0612982578125 0.5172637234375 0.0675843828125 0.529547496875 0.10490233593750001 0.541083625 0.1075526171875 0.5479132734375 0.1205497359375 0.5313495484375 0.1362145109375 0.5399812484375001 0.1805238046875 0.5476208734375 0.188627853125 0.5349536500000001 0.1988388609375 0.537886796875 0.217289746875 0.52188861875 0.22652387968749998 0.525631740625 0.2400816953125 0.5178387359375 0.25098923125 0.5057370609375 0.25476959374999997 0.5163098328125 0.2813245296875 0.5356533234375 0.30312222499999997 0.5457372375 0.3266020125 0.56084875 0.33176674375 0.579305575 0.3679633 0.5900124718749999 0.5052322453125 0.611507853125 0.610483796875 0.6173597859375 0.6173306203125 0.62904929375 0.6009693171875 0.615941184375 0.538489484375 0.61624794375 0.5004663171875 0.6066528875 0.4800616765625 0.6082010453125 0.3200007859375 0.6229627203125 0.273023834375 0.648618284375 0.2446336015625 0.6309714359374999 0.20354397343750003 0.6392532984375 0.1957115859375 0.6359990343749999 0.1852289171875 0.651982853125 0.1459398375 0.596689065625 0.027844371875000003 0.5918148484375 0.02714784375 0.5903217609375 0 0.49742128750000003 0
1 0.6052437515625 0.5910560328125001 0.6156008125 0.6761832953125 0.62201829375 0.6765994734375 0.6073525625 0.5843450406249999 0.6052437515625 0.5910560328125001
1 0.6326677546874999 0.6936486171875 0.641361784375 0.69839716875 0.6365355390625 0.6280849484375 0.6284837453125001 0.6073999609375 0.619713025 0.6121572 0.6326677546874999 0.6936486171875