0 0.9078125 0.83125 0.953125 0.8703125 0.978125 0.9046875 0.9984375 0.9078125 0.9984375 0.4046875 0.8875 0.4546875 0.878125 0.46875 0.8765625 0.503125 0.875 0.7875 0.8875 0.8078125 0.9046875 0.8171875 0.9078125 0.83125
1 0.940625 0.9984375 0.865625 0.9 0.703125 0.746875 0.6875 0.7390625 0.63125 0.6796875 0.5875 0.6796875 0.5796875 0.690625 0.6125 0.871875 0.646875 0.9984375 0.940625 0.9984375
3 0.91875 0.9640625 0.9265625 0.98125 0.9484375 0.9984375 0.9984375 0.9984375 0.9984375 0.93125 0.9765625 0.9265625 0.971875 0.8953125 0.90625 0.8328125 0.8671875 0.78125 0.865625 0.75625 0.871875 0.734375 0.86875 0.671875 0.828125 0.6671875 0.821875 0.6703125 0.8203125 0.68125 0.80625 0.684375 0.8015625 0.678125 0.7625 0.675 0.74375 0.659375 0.6546875 0.6578125 0.65 0.675 0.6640625 0.703125 0.7515625 0.7984375 0.91875 0.9640625
0 0.815625 0.6453125 0.8046875 0.625 0.7734375 0.6234375 0.75625 0.640625 0.7609375 0.671875 0.8015625 0.6734375 0.8140625 0.68125 0.815625 0.6453125
0 0.678125 0.6203125 0.6640625 0.6125 0.6546875 0.6203125 0.653125 0.6484375 0.678125 0.6515625 0.6828125 0.634375 0.678125 0.6203125
0 0.709375 0.61875 0.6984375 0.6359375 0.7 0.653125 0.7265625 0.653125 0.725 0.621875 0.709375 0.61875
4 0.6453125 1 0.5703125 0.6140625 0.5640625 0.6109375 0.3796875 1 0.6453125 1
1 0.2828125 0.9984375 0.38125 0.9984375 0.496875 0.759375 0.5015625 0.740625 0.496875 0.7296875 0.5171875 0.7109375 0.534375 0.66875 0.509375 0.665625 0.425 0.7421875 0.2859375 0.84375 0.2265625 0.8984375 0.221875 0.9296875 0.1921875 0.9625 0.209375 0.9828125 0.2828125 0.9984375
1 0.1859375 0.4859375 0.1921875 0.4984375 0.18125 0.5203125 0.178125 0.678125 0.159375 0.9609375 0.165625 0.975 0.215625 0.93125 0.2265625 0.8859375 0.315625 0.8171875 0.3484375 0.8046875 0.359375 0.5359375 0.359375 0.5015625 0.3515625 0.496875 0.321875 0.4984375 0.3171875 0.5125 0.240625 0.5125 0.2359375 0.5046875 0.240625 0.5015625 0.2390625 0.43125 0.23125 0.43125 0.2046875 0.4078125 0.1734375 0.403125 0.1828125 0.4125 0.19375 0.4484375 0.1875 0.4578125 0.1859375 0.4859375
1 0.4375 0.725 0.50625 0.6640625 0.5078125 0.65625 0.4890625 0.6375 0.4453125 0.6421875 0.36875 0.6609375 0.3578125 0.6828125 0.353125 0.7984375 0.3828125 0.7703125 0.403125 0.7640625 0.4375 0.725
1 0.184375 0.4609375 0.1765625 0.4328125 0.18125 0.43125 0.1578125 0.396875 0.15 0.396875 0.15 0.3875 0.1375 0.3765625 0.1078125 0.3609375 0.084375 0.3671875 0.059375 0.3640625 0.0578125 0.36875 0.0234375 0.9109375 0.0234375 0.9984375 0.121875 0.9984375 0.153125 0.971875 0.184375 0.4609375
1 0.4015625 0.6453125 0.4046875 0.5859375 0.4046875 0.53125 0.3859375 0.4921875 0.371875 0.5 0.3671875 0.546875 0.3625 0.6421875 0.3640625 0.653125 0.38125 0.653125 0.4015625 0.6453125
1 0.4390625 0.5515625 0.428125 0.53125 0.4078125 0.5296875 0.40625 0.540625 0.403125 0.653125 0.4265625 0.6515625 0.4375 0.6421875 0.4390625 0.5515625
1 0.0546875 0.3546875 0.0625 0.3265625 0.0578125 0.315625 0.0015625 0.2734375 0 0.9984375 0.0171875 0.9984375 0.0453125 0.490625 0.0546875 0.3546875