3 1 0.6342577703125001 0.9793320484375 0.6335731859375 0.971299271875 0.6479805921875 0.9498981296875 0.6468548609375 0.92987293125 0.6568631859375 0.8852732031249999 0.6533016046875 0.8799092421875001 0.63636615625 0.8753031640625 0.6387981203125 0.9098152609374999 0.8651291328124999 0.9502304109375 0.8612987406249999 0.98779519375 0.8920930406249999 1 0.889954853125 1 0.6342577703125001
0 0.9757371593749999 0.63095295 0.9688006921874999 0.6012928640624999 0.9386372656249999 0.5822020265625001 0.903221321875 0.5867816140625 0.8833359406250001 0.6243907140625 0.8862843937499999 0.6482494046875 0.9104941703125 0.645633053125 0.91647619375 0.6543351421875 0.9431014796875001 0.64479555 0.9684906359375001 0.651722675 0.9757371593749999 0.63095295
3 0.8184860796875 0.6422519765625 0.7829019453125 0.632235884375 0.7317021296874999 0.6282055734374999 0.7444787546875 0.7315932375 0.7902578640625 0.74469829375 0.8431983765625001 0.7760489171875 0.86695828125 0.7962616015624999 0.88628029375 0.8335019296875 0.8621029890624999 0.637860659375 0.8184860796875 0.6422519765625
3 0.7443389390624999 0.7039924625 0.7651503890625 0.7003464562499999 0.7693633421875 0.6947333312499999 0.76102255625 0.6669442875 0.7420369234375 0.6588953140625 0.7443389390624999 0.7039924625
0 0.7545075890625 0.6274602640625 0.7853174546874999 0.62531264375 0.777987859375 0.5924714 0.7631868046875 0.5918144 0.750351384375 0.6070631921875 0.7545075890625 0.6274602640625
0 0.8404222140625001 0.581533378125 0.8114097953125 0.5849911156250001 0.8015511984374999 0.6110935046875 0.8064936578124999 0.6378528921875 0.8565140937500001 0.6323397281250001 0.8541837046874999 0.6002476765625 0.8404222140625001 0.581533378125
3 0.5252715671875 0.7179961515625 0.5312252171875 0.7397033375000001 0.5746455640625 0.733721440625 0.6178409734375 0.7391540625 0.71448351875 0.7270980781249999 0.705694909375 0.6295118078125 0.6766824890625001 0.632969546875 0.6801638859375 0.6876101718750001 0.5252715671875 0.7179961515625
3 0.6828043296875 0.669272409375 0.6537351640625 0.69874034375 0.6425289984375 0.700703578125 0.6373048546875 0.7113689015625 0.6228969281250001 0.7138930609374999 0.6188805375 0.721096765625 0.642865378125 0.7298949312499999 0.6898806140625 0.7265332703125 0.7101023750000001 0.718115525 0.71277119375 0.68677266875 0.7074639796875 0.6438270234375 0.700274203125 0.638586553125 0.7044871546875 0.632973428125 0.6990948218749999 0.6290430765624999 0.678479934375 0.6342796640625 0.6828043296875 0.669272409375
4 0.675389615625 0.6754464578125 0.6147810796875001 0.6746895 0.5893635484375 0.6807674734375 0.5917223109374999 0.6998544265625 0.606719928125 0.70210200625 0.6669637125000001 0.6866727078125 0.675389615625 0.6754464578125
0 0.6527543953125 0.598161184375 0.6449465546875001 0.6011540734375 0.6429241734375 0.6112584734375 0.6464623171875 0.6398889046875 0.67067209375 0.6372725546875 0.6633424984375 0.6044313078125 0.6527543953125 0.598161184375
4 0.530581309375 0.9721934125 0.67321266875 0.9472054906249999 0.6463184015625 0.7975406546875 0.6346076640625 0.7557168578125 0.620228109375 0.74523591875 0.576639571875 0.7366221375 0.5564178109375 0.7450398828125 0.47475763593750003 0.9751190062499999 0.530581309375 0.9721934125