3 1 0.802288471875 0.777810209375 0.7304364921875 0.6595279765625001 0.6997589484375 0.6012420953125 0.6820590625 0.5588409640625 0.6867153828125 0.6256874156250001 0.7731681640625 0.5685162171875 0.7847262453125 0.456224740625 0.7837029234374999 0.0376279828125 0.7179846921874999 0.0506394125 0.9662575421874999 0.46585427343749997 1 1 1 1 0.802288471875
4 0.6103848859375 0.7682418531249999 0.5145731921875 0.7471978109374999 0.5101329234375 0.6628702718749999 0.4997897421875 0.6620297328125 0.4407965015625 0.7353099453125 0.3462818671875 0.7246830078125 0.04080613125 0.6777620046874999 0.3977398515625 0.7435957453125 0.3929975625 0.7608875609375 0.4666452953125 0.7801304484375 0.576142234375 0.7801901250000001 0.6103848859375 0.7682418531249999
1 0.5204931515625 0.7386929875 0.5286766765625 0.7361172015624999 0.5308694468749999 0.7038871984374999 0.5348980875 0.47411635937499996 0.5249473515624999 0.4846505828125 0.520817146875 0.5345476546875 0.5157021921875 0.7334424187499999 0.5204931515625 0.7386929875
1 0.535433440625 0.7220826 0.5317855359375 0.7444718953125 0.536604865625 0.7481043578125 0.5884460625 0.7620396953124999 0.608007084375 0.760388503125 0.5985953921875 0.7401787390625 0.579318075 0.7256488875 0.55704538125 0.6962919265624999 0.535433440625 0.7220826
1 0.532296209375 0.7153460125 0.531757165625 0.7460899984375 0.5884460625 0.7620396953124999 0.6096324421875 0.7605205875000001 0.6002207484375 0.740310825 0.5602960953125 0.696556096875 0.5521976828125 0.694277565625 0.5503453609375 0.70709031875 0.532296209375 0.7153460125
1 0.3811380203125 0.703062134375 0.3781993859375 0.6849988171875 0.3538757734375 0.6797813374999999 0.121818559375 0.6398578640625 0.040579085937499995 0.631635525 0.0370162953125 0.649170503125 0.041807253125 0.654421071875 0.10337221875 0.6707670234374999 0.317663990625 0.70276514375 0.3729261234375 0.7072560250000001 0.3811380203125 0.703062134375
1 0.034043707812500004 0.6495926296875 0.050258034375 0.4509361625 0.0435012703125 0.46497076249999997 0.031191390625 0.5951671921874999 0.034043707812500004 0.6495926296875
1 0.0416653984375 0.6625115953125 0.0431489046875 0.6707342015625 0.09510358125 0.6781971203125 0.077366509375 0.6686536671875001 0.0416653984375 0.6625115953125
1 0.3170114640625 0.7399815484375 0.312277246875 0.731494771875 0.258753953125 0.7206635578125 0.0360602484375 0.688070540625 0.036531903125 0.6970702515625 0.044206846875 0.7032283765625 0.3170114640625 0.7399815484375
1 0.161601359375 0.6917031171875 0.437628321875 0.7303385625 0.47232822968750005 0.700750253125 0.47754474843750006 0.6817292515625 0.3783412390625 0.6769082921875 0.3844454765625 0.7000900953125 0.36796494218750003 0.711714084375 0.2899478109375 0.7053740171875 0.166676025 0.6807726390625 0.1617148421875 0.6852306984375 0.15042245781250002 0.6794517921875001 0.11457949375000001 0.6814002421875001 0.101690121875 0.673871146875 0.098354296875 0.6784612906249999 0.161601359375 0.6917031171875
1 0.5289924453125 0.4396078265625 0.5284534015625 0.4703518125 0.5366936703125 0.46453981874999994 0.5370624875 0.443504459375 0.5289924453125 0.4396078265625
1 0.459750934375 0.67542200625 0.46796283125000004 0.6712281171875001 0.46544975624999996 0.62889323125 0.4723767453125 0.6051500015625 0.46618739531250003 0.5868225140625001 0.4481666140625 0.5934601046875 0.4483734375 0.6744974140625 0.459750934375 0.67542200625
1 0.242236821875 0.6415416109375001 0.24032775625 0.6575905703125 0.25495596875 0.6587793328125 0.25204570312499996 0.6390979109375 0.242236821875 0.6415416109375001
1 0.30405712500000004 0.643324621875 0.3019778375 0.6690822078124999 0.321453746875 0.672285328125 0.3251583921875 0.6466598265625 0.30405712500000004 0.643324621875
1 0.1202499421875 0.6364895703125 0.1332528 0.6375462484375001 0.13673047968750002 0.6248655828125 0.1254948328125 0.615850465625 0.1205620203125 0.618690421875 0.1202499421875 0.6364895703125
1 0.18400768125 0.620605515625 0.1819000234375 0.6479812078125 0.2013759328125 0.651184328125 0.203455221875 0.6254267421875 0.18400768125 0.620605515625
1 0.052098437500000004 0.6244695953125 0.0731713359375 0.6294229062500001 0.07527899375 0.6020472125 0.0705164078125 0.5951785421875 0.057456810937500005 0.597358071875 0.052098437500000004 0.6244695953125