0 0.8296875 0.721875 0.8515625 0.728125 0.8640625 0.7515625 0.909375 0.7421875 0.925 0.7453125 0.93125 0.7578125 0.9421875 0.75625 0.9546875 0.7359375 0.95 0.6890625 0.8921875 0.6296875 0.8625 0.621875 0.8203125 0.6234375 0.809375 0.63125 0.8015625 0.6640625 0.8 0.7015625 0.803125 0.728125 0.809375 0.7359375 0.8296875 0.721875
0 0.996875 0.728125 0.9984375 0.671875 0.9828125 0.6671875 0.959375 0.6484375 0.9453125 0.646875 0.934375 0.6578125 0.93125 0.66875 0.9546875 0.6984375 0.95625 0.73125 0.996875 0.728125
1 0.690625 0 0.6859375 0.0171875 0.65625 0.009375 0.65 0 0.6546875 0.040625 0.6625 0.0453125 0.65625 0.05625 0.671875 0.1296875 0.69375 0.1796875 0.703125 0.275 0.709375 0.4421875 0.7046875 0.6203125 0.709375 0.6546875 0.7015625 0.79375 0.7234375 0.80625 0.728125 0.803125 0.734375 0.525 0.778125 0.365625 0.8015625 0.2 0.825 0.0984375 0.8296875 0.053125 0.8421875 0.01875 0.8375 0 0.8328125 0.0109375 0.825 0.0078125 0.821875 0.0140625 0.8125 0.0140625 0.809375 0.0078125 0.8015625 0.028125 0.7765625 0.0234375 0.778125 0 0.690625 0
0 0.796875 0.6921875 0.7953125 0.671875 0.778125 0.6359375 0.7625 0.625 0.7359375 0.621875 0.7328125 0.628125 0.73125 0.7046875 0.7734375 0.7015625 0.7890625 0.709375 0.796875 0.6921875
4 0.6015625 0.79375 0.609375 0.778125 0.61875 0.7828125 0.6515625 0.778125 0.6703125 0.79375 0.675 0.7890625 0.684375 0.79375 0.69375 0.759375 0.6921875 0.74375 0.684375 0.7359375 0.65625 0.73125 0.6453125 0.75 0.6328125 0.7515625 0.625 0.7625 0.609375 0.7640625 0.590625 0.7546875 0.5765625 0.7453125 0.5765625 0.728125 0.5859375 0.715625 0.5765625 0.7015625 0.5765625 0.65625 0.5515625 0.6578125 0.54375 0.7 0.5109375 0.7703125 0.4875 0.86875 0.4609375 0.90625 0.4375 0.9125 0.428125 0.921875 0.421875 0.940625 0.4203125 0.9984375 0.6375 0.9984375 0.6234375 0.89375 0.6015625 0.79375
1 0.59375 0.5421875 0.6 0.575 0.59375 0.7484375 0.603125 0.7546875 0.6140625 0.7515625 0.61875 0.7234375 0.6171875 0.584375 0.6265625 0.553125 0.66875 0.53125 0.6890625 0.503125 0.6859375 0.496875 0.6546875 0.4984375 0.6140625 0.50625 0.5796875 0.5046875 0.58125 0.5328125 0.59375 0.5421875
0 0.678125 0.6265625 0.6671875 0.634375 0.6671875 0.671875 0.7015625 0.6796875 0.7046875 0.634375 0.678125 0.6265625
0 0.6328125 0.6390625 0.63125 0.65625 0.6375 0.659375 0.6421875 0.6359375 0.6328125 0.6390625
4 0.6796875 0.803125 0.696875 0.7890625 0.7 0.7484375 0.6875 0.7359375 0.65 0.728125 0.615625 0.73125 0.5984375 0.75625 0.590625 0.7578125 0.6078125 0.809375 0.6796875 0.803125
1 0.3765625 0.828125 0.4046875 0.846875 0.4203125 0.8859375 0.43125 0.8984375 0.4546875 0.9 0.4828125 0.8640625 0.5 0.81875 0.5078125 0.7671875 0.5046875 0.7296875 0.46875 0.7046875 0.4109375 0.7234375 0.4 0.7609375 0.3421875 0.80625 0.340625 0.8140625 0.35625 0.8140625 0.3609375 0.8265625 0.3765625 0.828125
1 0.2109375 0.9984375 0.4125 0.9984375 0.4171875 0.925 0.4125 0.865625 0.384375 0.8328125 0.359375 0.825 0.353125 0.8140625 0.3359375 0.8203125 0.315625 0.809375 0.275 0.809375 0.2546875 0.828125 0.246875 0.8484375 0.2296875 0.8671875 0.19375 0.8828125 0.18125 0.878125 0.175 0.884375 0.178125 0.9078125 0.196875 0.9734375 0.2109375 0.9984375
1 0 0.9984375 0.2 0.9984375 0.1984375 0.9859375 0.1203125 0.86875 0.0578125 0.8640625 0.009375 0.853125 0 0.8671875 0 0.9984375
1 0.9765625 0.9984375 0.965625 0.9859375 0.9390625 0.9734375 0.8859375 0.915625 0.80625 0.85 0.784375 0.825 0.696875 0.796875 0.6171875 0.81875 0.6140625 0.8359375 0.6421875 0.98125 0.65 0.9984375 0.9765625 0.9984375
1 0 0 0 0.6828125 0.0125 0.6828125 0.0453125 0.746875 0.040625 0.7625 0.046875 0.784375 0.0484375 0.85 0.0578125 0.840625 0.0859375 0.84375 0.090625 0.853125 0.1390625 0.8515625 0.1546875 0.871875 0.2078125 0.871875 0.24375 0.8328125 0.2421875 0.8046875 0.2546875 0.778125 0.271875 0.775 0.346875 0.7875 0.3640625 0.775 0.3703125 0.759375 0.3765625 0.7625 0.3875 0.7546875 0.3921875 0.7140625 0.415625 0.6890625 0.45 0.6890625 0.4578125 0.6734375 0.459375 0.625 0.4515625 0.6 0.4578125 0.546875 0.45 0.4859375 0.4265625 0.4390625 0.4125 0.3765625 0.3875 0.3265625 0.3578125 0.3265625 0.346875 0.253125 0.325 0.1921875 0.3109375 0.1734375 0.28125 0.153125 0.275 0.1328125 0.153125 0 0 0
1 0.5421875 0.6921875 0.5421875 0.6765625 0.534375 0.6671875 0.5171875 0.6671875 0.5015625 0.6765625 0.478125 0.703125 0.509375 0.734375 0.5296875 0.7171875 0.5421875 0.6921875
1 0.496875 0.6640625 0.48125 0.659375 0.4671875 0.675 0.4609375 0.6984375 0.475 0.7015625 0.4921875 0.6859375 0.496875 0.6640625
1 0.5 0.6421875 0.5015625 0.6734375 0.528125 0.665625 0.5234375 0.6390625 0.5 0.6421875