4 0.6678990453125 1 0.62466794375 0.6858798125 0.613130859375 0.6858798125 0.45522054062499995 1 0.6678990453125 1
1 0.9727289156250001 1 0.9276925531250001 0.9649276890625 0.8025472171875 0.841089875 0.77886841875 0.8295316765624999 0.7423568984375 0.7932059203125 0.7146837765625 0.799810603125 0.7092280640624999 0.75853133125 0.67011124375 0.7354149390625 0.6585741625 0.7354149390625 0.63749365625 0.742019621875 0.638875675 0.76843835625 0.6502189796875 0.8592527531249999 0.6818041921875 1 0.9727289156250001 1
3 1 0.79269445625 0.989407328125 0.789903578125 0.974667321875 0.760182503125 0.9461304390624999 0.7502754765625 0.859562640625 0.73376376875 0.8450747546875 0.74036845 0.8422967015625 0.7502754765625 0.8063828078125 0.7568801609375 0.7644879328124999 0.74367079375 0.7635377953125 0.7255079140625 0.75139608125 0.71394971875 0.7334391328125001 0.717252059375 0.7366350500000001 0.7783453796875001 0.791449021875 0.8179734812499999 0.9985799984374999 1 1 1 1 0.79269445625
0 1 0.7239804859375 0.98672966875 0.73871728125 0.9924445093750001 0.7849500640625 1 0.7862891953125 1 0.7239804859375
0 0.769432396875 0.74367079375 0.8358768359375001 0.75357781875 0.8409146843749999 0.7238567421875 0.8228783671875 0.6941356671875 0.8024958812499999 0.682577471875 0.77152645 0.689182153125 0.7659703453125 0.7089962046875 0.769432396875 0.74367079375
1 0.668993084375 0.30445934375 0.6874682890625 0.3110640265625 0.6872815218749999 0.370506178125 0.7001142453125 0.395273740625 0.7093775156250001 0.4778322828125 0.7192827359375 0.79320591875 0.7272643796875 0.78825240625 0.7293514234375 0.765136015625 0.725658275 0.600018928125 0.7309552515625 0.5752513640625 0.725938428125 0.5108557015625 0.7336749609375001 0.43820418437499997 0.740965596875 0.4200413046875 0.7354165 0.4084831078125 0.7411453578125 0.3919713984375 0.7522505578125 0.38371554531249996 0.7451396828125 0.3738085203125 0.7421958875 0.34904095625 0.75348785625 0.2813429515625 0.74637698125 0.27143592499999997 0.7485504 0.2499707046875 0.757841703125 0.2070402625 0.7430153203125001 0.1756680171875 0.7420651828125 0.15750513593749998 0.7516949828125 0.1525516234375 0.74094229375 0.1360399140625 0.7418994390625 0.1228305484375 0.7483193046875 0.11952820625 0.746325646875 0.11292352187500002 0.727764065625 0.10466766875 0.7274185609375 0.098062984375 0.7326291625 0.07164425156250001 0.7469442953125001 0.06173722499999999 0.7353208375 0.0600860546875 0.7348025812500001 0.0501790296875 0.719105428125 0.033667321875 0.7186570484375 0.0250960578125 0.6729453203125 0.02349976875 0.6692289125 0.025411467187499998 0.663926415625 0.023184821875 0.6226321703125001 0.02174279375 0.620388909375 0.0369696625 0.6471632281249999 0.170714503125 0.6491358640625 0.27143592656250004 0.655987609375 0.2763894375 0.6483514703125 0.287947634375 0.6507770093749999 0.3028081734375 0.654591575 0.312715196875 0.668993084375 0.30445934375
1 0.558720734375 0.7799965515625 0.58787626875 0.73871728125 0.6009821390625001 0.7056938640625 0.569235321875 0.6974380109375 0.5530992796875001 0.7040426937500001 0.5456358921875 0.7189032296875 0.5465790203124999 0.76843835625 0.558720734375 0.7799965515625
1 0.62815101875 0.6264376625 0.6316854328125 0.7255079140625 0.6367162703125 0.7271590859375 0.6357007828125 0.6132282953125 0.62815101875 0.6264376625
0 0.7095082171875 0.6693681046875 0.6945884515625 0.667716934375 0.6867795578125 0.6759727875 0.6883343281250001 0.7056938640625 0.7101922171874999 0.71394971875 0.7145320484375 0.702391521875 0.7095082171875 0.6693681046875
0 0.8100456453125 0.6693681046875 0.8073539671875001 0.6809263 0.8370137421875 0.7122985468749999 0.8447292484375 0.73376376875 0.8529700218749999 0.73376376875 0.858965015625 0.690833325 0.8514222609375001 0.6726704453125001 0.841187828125 0.6660657624999999 0.8100456453125 0.6693681046875
1 0.45259790781250003 1 0.4587458921875 0.9797882281250001 0.46985109375 0.9715323734375 0.491463871875 0.912090221875 0.5128105125 0.8790668046875 0.5269599031250001 0.8344851906249999 0.5495228171875 0.7932059203125 0.525498515625 0.7750430390624999 0.505634284375 0.77339186875 0.49740052031250004 0.742019621875 0.4891597484375 0.742019621875 0.48361065156249994 0.7304614265625 0.46548095156249997 0.7304614265625 0.46450979062500003 0.8064152874999999 0.4345628546875 0.8955785125 0.41400060625 0.912090221875 0.3989944640625 0.90878788125 0.37678406249999996 0.9252995890625 0.3805122515625 0.9335554437500001 0.36940705 0.941811296875 0.3561354375 0.9401601265625 0.33852399375000003 0.9500671515624999 0.31118936875 0.9946487640624999 0.2999114140625 0.9996022765625 0.2997131875 1 0.45259790781250003 1
1 0.14350020000000002 0.6561587375 0.1536482546875 0.6611122484374999 0.19015977343749998 0.697438009375 0.20351776406250002 0.7007403515624999 0.23943165937500002 0.6941356671875 0.26311045625 0.7056938640625 0.2759431796875 0.7304614265625 0.27376275156249996 0.78329889375 0.2672565078125 0.784950065625 0.269322528125 0.8559504125 0.301501225 0.8724621203125 0.3167594890625 0.912090221875 0.3393947640625 0.9352066125 0.3778275828125 0.91374139375 0.3851182171875 0.8955785140625 0.423025771875 0.8955785125 0.43239644374999997 0.8856714875 0.4592198203125 0.799810603125 0.4610687609375 0.677623959375 0.5171060171875 0.6776239578125 0.5167535015625 0.7023915203125 0.53253703125 0.7205543999999999 0.54355585625 0.7106473765625 0.5504146109375 0.6842286421875 0.55848263125 0.6809262984375 0.563686225 0.6858798125 0.5676805515625001 0.667716934375 0.55850365625 0.5868095624999999 0.5402152203125 0.5207627265625 0.5051720953125 0.512506871875 0.484177965625 0.5207627265625 0.4673509171875 0.51415804375 0.45486369687500006 0.49599516250000003 0.42593698281250003 0.2895988046875 0.4300176859375 0.273087096875 0.42084779843750003 0.16080747812500001 0.4251012546875 0.1475981109375 0.41176733125 0.0171556125 0.00029945156250000003 0.0171556125 0.008879871875 0.5087275453125 0.018699876562500002 0.69644730625 0.036449521875 0.689182153125 0.0564071375 0.66111225 0.0755803578125 0.6495540546874999 0.0925801609375 0.6594610796875 0.11522244374999999 0.6512052234375 0.130487715625 0.65946108125 0.14350020000000002 0.6561587375
1 0.1421939671875 1 0.15193001875 0.9748347140625 0.1511596421875 0.9286019296875001 0.16851195624999998 0.9137413921875 0.1768461140625 0.8840203171875001 0.21085272656249998 0.8724621203125 0.236186684375 0.8526480703124999 0.23421405156250003 0.7519266484375 0.21106051875 0.7189032296875 0.1386421109375 0.6578099078124999 0.1241542265625 0.6644145921875 0.0713269046875 0.662763421875 0.056839018750000005 0.669368103125 0.038615932812499996 0.6990891796875001 0.019134224999999998 0.7047503374999999 0.0345585328125 0.9996022765625 0.040892021875000004 0.9946487640624999 0.0509646328125 1 0.1421939671875 1
1 0.2890360640625 1 0.29115939218750003 0.9583230046875 0.2410030375 1 0.2890360640625 1