3 0.6082441421875 0.7061311203125 0.590020059375 0.7136565765625 0.6488583718750001 0.7752476265625 0.5972219203125 0.8095345828125 0.317798415625 0.8212062703124999 0.319495684375 0.9143337218750001 0.4519925359375 0.9215244468750001 0.5512703625 0.92606535625 0.687751109375 0.953488040625 0.772054825 0.9720516453125001 0.9728046562499999 0.946279421875 0.978225096875 0.7599909109375 0.956756653125 0.7547345015625 0.9514435499999999 0.73813041875 0.8567222062500001 0.7278186984375 0.7862965390625 0.733402696875 0.7246045984375 0.7240365203125 0.7200499781249999 0.7142495359375001 0.646209271875 0.7047143984375001 0.6082441421875 0.7061311203125
0 0.9626460765625 0.7142202156249999 0.964350796875 0.745116478125 0.9727015625 0.7578733484375 0.9782970609375001 0.7575176640625 0.9803021796875001 0.688606240625 0.9725193937500001 0.6939378875 0.9626460765625 0.7142202156249999
0 0.7392258890625001 0.6841298578125 0.732960953125 0.6901200015625 0.7378929546874999 0.7188733296875001 0.74567671875 0.7109595796875 0.7678865625 0.7081082859375 0.7785146359375 0.7257586484375 0.790663403125 0.7259276109374999 0.8031932765625 0.713947321875 0.817429734375 0.7173055015625 0.82198435625 0.727092484375 0.8356519515624999 0.7253378421875001 0.8464733750000001 0.7135768859375 0.8603343171875 0.6824109218750001 0.8468712484375001 0.5614074640625 0.7811916859375 0.5629249234375 0.7483500421875 0.5792414499999999 0.7375211671875 0.65323359375 0.7392258890625001 0.6841298578125
0 0.8817800890624999 0.719415921875 0.8791235343749999 0.71111388125 0.8897572 0.682090853125 0.8815960578125001 0.6710382578125 0.8641323203125 0.6698230125 0.848562928125 0.7012083062500001 0.848561065625 0.7167661015625 0.8817800890624999 0.719415921875
0 0.917276421875 0.7269592312500001 0.9478388921875001 0.7213070109374999 0.9522094843750001 0.6827163296875 0.9368353015625001 0.66913250625 0.9020974515625 0.6684062921875 0.8796942609375 0.70066890625 0.8874742984375 0.723870753125 0.917276421875 0.7269592312500001
0 0.9535349656250001 0.7102040453125 0.9607461421875 0.72829306875 0.9609376265625 0.714439546875 0.98031668125 0.6881078265625 0.9813782015625 0.6516257578125 0.9544867968749999 0.6876098203125001 0.9535349656250001 0.7102040453125
4 0.553378546875 0.758118809375 0.537249609375 0.7066022953125 0.5319346406250001 0.7055560140625 0.5034598625 0.7143974531249999 0.488078228125 0.7630448140625 0.4884537421875 0.79756895625 0.53268194375 0.8057198890624999 0.6110809984375 0.7939264171875 0.6397472625 0.77123145625 0.62152504375 0.763199115625 0.553378546875 0.758118809375
4 0.49794968281249996 0.7583202859375 0.5480635781250001 0.7570725265625 0.5304158125 0.7074796171875 0.5051683109375 0.7141781218750001 0.49719306249999995 0.7359453921875 0.49794968281249996 0.7583202859375
2 0.4991004484375 0.6596413515624999 0.50934555625 0.704998759375 0.5097303875 0.6617339171875 0.50213810625 0.6557941421875 0.4991004484375 0.6596413515624999
0 0.5913511312499999 0.6944709015625 0.605208346875 0.6944205328125 0.6023640375 0.6688564203125 0.59363216875 0.6682487984375001 0.5877464734375 0.6776474890624999 0.5913511312499999 0.6944709015625
0 0.6281766734375 0.6983863328125001 0.645640409375 0.699601575 0.6414668906250001 0.6776653453125 0.630836953125 0.675572778125 0.627988915625 0.6811242625 0.6281766734375 0.6983863328125001
0 0.683795159375 0.6998891296875 0.7046757953125 0.7006657140625 0.6982249656249999 0.6738359890625001 0.6894930968749999 0.6732283671875 0.68512623125 0.6807034546875 0.683795159375 0.6998891296875
4 0.5543542453125 1 0.7511827765625 0.97473119375 0.747163871875 0.9735185234375001 0.7073006734375 0.9734503 0.6568093968750001 0.9557317140625001 0.48824735312499995 0.9358848546875 0.45426984687500005 0.9264179390624999 0.44572759843750004 0.927514590625 0.4326251390625 0.9654976515625 0.413451090625 0.9800595328125 0.247922975 0.9874810593750001 0.034806240625 0.9876979671875 0.0361749890625 1 0.5543542453125 1
3 0.20408333125000003 0.9049496890625001 0.2369212484375 0.9197487578124999 0.297665084375 0.920593565625 0.301842328125 0.9114142031249999 0.29008398125 0.821307009375 0.016003546875 0.81870299375 0.02745705 0.9216448546875 0.148842221875 0.9224132375 0.20408333125000003 0.9049496890625001