3 0.8984375 0.9984375 0.9984375 0.9984375 0.9984375 0.7859375 0.9796875 0.771875 0.9625 0.7703125 0.9515625 0.778125 0.9265625 0.7640625 0.9125 0.765625 0.8875 0.7453125 0.8875 0.73125 0.88125 0.728125 0.8609375 0.7234375 0.8609375 0.73125 0.84375 0.7375 0.796875 0.7265625 0.7765625 0.7078125 0.7328125 0.70625 0.7328125 0.81875 0.746875 0.84375 0.7921875 0.8828125 0.8984375 0.9984375
0 0.978125 0.765625 0.9984375 0.7828125 0.9984375 0.7015625 0.9890625 0.6953125 0.959375 0.6875 0.928125 0.6875 0.909375 0.7 0.8953125 0.7203125 0.8984375 0.7609375 0.93125 0.759375 0.9421875 0.775 0.978125 0.765625
0 0.8390625 0.6671875 0.8015625 0.6640625 0.784375 0.6875 0.7859375 0.721875 0.846875 0.7296875 0.85 0.6890625 0.8390625 0.6671875
3 0.7203125 0.7 0.659375 0.6796875 0.6578125 0.7625 0.6796875 0.7734375 0.7171875 0.8078125 0.7203125 0.7
0 0.7484375 0.6640625 0.73125 0.6609375 0.7296875 0.696875 0.7515625 0.7 0.7546875 0.684375 0.7484375 0.6640625
0 0.6 0.6484375 0.5984375 0.6796875 0.6234375 0.68125 0.6203125 0.65 0.6 0.6484375
0 0.678125 0.646875 0.6640625 0.640625 0.653125 0.659375 0.6609375 0.6671875 0.678125 0.66875 0.678125 0.646875
0 0.696875 0.6453125 0.684375 0.6515625 0.684375 0.6796875 0.7046875 0.6828125 0.7046875 0.653125 0.696875 0.6453125
0 0.715625 0.69375 0.721875 0.6921875 0.71875 0.675 0.715625 0.69375
3 0.5453125 0.73125 0.4609375 0.728125 0.459375 0.7421875 0.5453125 0.753125 0.628125 0.7578125 0.6265625 0.71875 0.5453125 0.73125
4 0.5734375 0.765625 0.5609375 0.75 0.5171875 0.746875 0.5 0.753125 0.503125 0.7609375 0.496875 0.7828125 0.4671875 0.821875 0.3796875 0.99375 0.378125 0.9984375 0.58125 0.9984375 0.584375 0.946875 0.5734375 0.765625