3 0.6823648437500001 0.8236285609375 0.714286446875 0.8430490671875001 0.7190115671874999 0.7694545296874999 0.711088728125 0.710449465625 0.691045540625 0.6952966593750001 0.6823648437500001 0.8236285609375
0 0.7182099671875 0.8312887953124999 0.7272521421875 0.8628652406249999 0.73827936875 0.7192246156250001 0.7261910796875 0.7200997828125 0.7217778499999999 0.7438600734375 0.7182099671875 0.8312887953124999
3 0.9868124843749999 1 0.9946028921875 0.8091010015625001 0.907801125 0.7843550375 0.9056644671875 0.794520896875 0.9283719203125 0.8287706281249999 0.93520748125 0.8722272171875 0.9206006859375 0.9348167765625 0.8960743093750001 0.94513855 0.8574250031249999 0.9218099671875001 0.805777946875 0.9216423015625 0.8052182796875 0.9353566109375 0.8638537703125 1 0.9868124843749999 1
0 0.8030437234375001 0.9042596656249999 0.84074566875 0.9086111984375 0.8678663500000001 0.9191006390625001 0.8851753125 0.9168708078125001 0.896424103125 0.9365671062500001 0.9135931484375 0.9377658546875001 0.930794253125 0.895987509375 0.9316337546875 0.8754160453125 0.9249381124999999 0.8285308765625 0.8964124171875 0.7680873187499999 0.85895240625 0.715615828125 0.8386993437499999 0.7056058875 0.785615215625 0.6984611921874999 0.7784473890625 0.9162957296875 0.8030437234375001 0.9042596656249999
4 0.6045183734374999 1 0.592811809375 0.9084921234375001 0.578790896875 0.8301503859375 0.56911909375 0.8140025390625001 0.5696787609375 0.8002882296875 0.57675625625 0.7956248640625 0.5676062234375 0.724499903125 0.5735964390625 0.7042880640625 0.5647641390625 0.6675687531250001 0.5475950921875 0.6663700046875001 0.5363842046875 0.687936509375 0.51921515625 0.6867377640625 0.5049902078125 0.6977787859375 0.5267503015624999 0.713051465625 0.506395221875 0.7477329078125 0.5050660109375 0.780304390625 0.4974288484375 0.7986820671875 0.4814170375 0.8113175046875 0.47886063125 0.8317690953125 0.4627788625 0.84611881875 0.40210131562500007 0.9828544984375001 0.3915900125 0.9872781156249999 0.3863032125 1 0.6045183734374999 1
4 0.604720990625 1 0.5787209375 0.8318646734374999 0.5665889015625 0.707237140625 0.56000111875 0.6999004890625 0.5411851249999999 0.696867578125 0.5339677140625 0.7049595203125001 0.511475978125 0.74980681875 0.5069927921875 0.7752814 0.4703460671875 0.8294554312500001 0.3859495890625 0.9989185125000001 0.3854803296875 1 0.604720990625 1
3 0.619005503125 0.6885476328125 0.615679553125 0.727856396875 0.6502654234375 0.7663738265625 0.65856426875 0.6895904625 0.619005503125 0.6885476328125
0 0.618547853125 0.6575705609375 0.6174285171875 0.6849991796875 0.6326707828125 0.6912209171875 0.6339300359375 0.6603637234375 0.618547853125 0.6575705609375
0 0.634069953125 0.6569351453125 0.6365943015625 0.6794606484375 0.653553471875 0.6858022609375001 0.65754695 0.6723277015625 0.64437138125 0.6576543921875 0.634069953125 0.6569351453125
0 0.8542914015624999 0.70325618125 0.8999161843750001 0.7666127796875 0.8987210484375 0.711515790625 0.8785379437499999 0.6997915625 0.8542914015624999 0.70325618125
4 0.38377185156250004 1 0.39193980625 0.9787066718749999 0.3547275703125 0.9623551171875 0.22515227656249998 0.9309588859375 0.19992631562500002 0.958423546875 0.18076053125 0.9639620796875 0.153239046875 0.9843897734375 0.37681633593749997 1 0.38377185156250004 1