3 1 0.73109360625 0.9099714484374999 0.72051333125 0.8864452484375 0.750506609375 0.8382551218750001 0.7536794234374999 0.8287524375 0.743240396875 0.8211871640625 0.747246803125 0.8141447124999999 0.7430687078125 0.8006749171875001 0.7151334078125 0.822786121875 0.83166489375 1 0.957636996875 1 0.73109360625
1 0.7517158015625001 0.7850687796875 0.68544296875 0.7379948796875 0.6715733328125 0.731243734375 0.6644385953125 0.7384602390625 0.6544130859374999 0.7362057140625 0.6502307093749999 0.717104396875 0.6180322031250001 0.7186845890625 0.6402972859375 0.788032625 0.706815878125 0.9456831749999999 0.7179177265625001 0.9559629421875 0.7268053015625 0.9859810765624999 0.9890678656249999 0.9598620921875 0.9709235671875 0.9454042265625 0.9574844671875 0.941863178125 0.8293057515625 0.8440274953125 0.8208794046874999 0.841613709375 0.82666094375 0.8605557656249999 0.8157127718750001 0.8876699 0.776041278125 0.8818619 0.76450889375 0.868372034375 0.759619325 0.795667071875 0.7517158015625001 0.7850687796875
1 0.3180062828125 0.137005290625 0.32421835625 0.15915744375000002 0.33178363125 0.155151034375 0.34011769062499997 0.16895942343749998 0.358139009375 0.17041763593749998 0.3587848125 0.17523278281250002 0.3627212265625 0.1683348015625 0.40226973906249996 0.161143153125 0.4277947390625 0.194383809375 0.45670263593750005 0.2045167421875 0.4818586921875 0.198758453125 0.5565271765625 0.2238518875 0.5778698 0.237991228125 0.5958911171875 0.239449440625 0.602318459375 0.2632066421875 0.6160958078125 0.2813523890625 0.6530915984375001 0.3638717625 0.6650852125 0.404965971875 0.7161659046875 0.495841540625 0.753284475 0.6759379156249999 0.7711208109375 0.8693400359375 0.814205896875 0.876434559375 0.8188804015625 0.862957125 0.796523234375 0.7204263390625 0.7916029703125 0.623327121875 0.791603175 0.5387497703124999 0.8035662968749999 0.4708723765625 0.807133971875 0.3403980953125 0.8336434296874999 0.223903890625 0.8498196218749999 0.19952206875 0.8591993265625 0.19696144531249998 0.8544327390625 0.13725613125 0.8729154906250001 0.0817413390625 0.8679950218749999 0.0692194765625 0.9011161937500001 0.0382706234375 0.8953346546875001 0.0193285671875 0.900222046875 0.0052373390625000005 0.47379610312500003 0.002756465625 0.4478154671875 0.0053439015625 0.4057144328125 0.017669221875 0.38544814843749997 0.011555125 0.3118866984375 0.01888118125 0.30444440625 0.0358872390625 0.3047826546875 0.050491935937499996 0.33012308125 0.10652179843750001 0.3180062828125 0.137005290625
0 0.8108234062499999 0.7303875796875 0.8191574656249999 0.7441959687499999 0.8299210640625001 0.7398710375 0.8410229109375 0.750150803125 0.8677781281250001 0.7442332515625 0.8946563265625 0.751315346875 0.9006224390625001 0.7474682031250001 0.9041283171875 0.737360125 0.898439065625 0.7070234671875 0.86811658125 0.6742605953125 0.8512638890625001 0.6694330234375 0.8208798109375 0.672459003125 0.8139603421875 0.6812805562500001 0.8065180484375001 0.6982866125 0.8108234062499999 0.7303875796875
3 0.7483331078125001 0.723599153125 0.6985131250000001 0.70253698125 0.6793231796875 0.7044481265625 0.6733570671875 0.708295271875 0.6811683046875 0.7302881625000001 0.7558674843750001 0.7797758499999999 0.7483331078125001 0.723599153125
1 0.6372837390625 0.68098459375 0.641589096875 0.7130855625 0.64487970625 0.701372434375 0.6422964921875 0.6821118546875 0.6372837390625 0.68098459375
1 0.6526911484375 0.638787975 0.66059446875 0.73396361875 0.6646847593749999 0.6798821859374999 0.6587495453125001 0.623546228125 0.6526911484375 0.638787975
0 0.7356321 0.7134786484375 0.753868684375 0.7165419109375 0.7484869859375001 0.6764157015625 0.740060640625 0.674001915625 0.7356321 0.7134786484375
0 0.67151194375 0.6824552328125 0.673664621875 0.6985057171875 0.6924240312500001 0.6933844765625 0.6804611125 0.6766845171875 0.67151194375 0.6824552328125
0 0.7379386578125 0.68234568125 0.73664705 0.6727153921875 0.7206554296875 0.6743080124999999 0.710968171875 0.6866581859374999 0.7124750453125 0.697893525 0.7259141453125 0.7014345734375 0.7379386578125 0.68234568125
4 0.6810449171874999 0.88644321875 0.6616706031249999 0.8265662125000001 0.6379600328125 0.794771340625 0.5688578203125 0.7870149125 0.55415780625 0.7982378265625 0.537797040625 0.8454088515624999 0.39740903437499997 0.8740286125000001 0.38037177187500004 0.8919902421874999 0.4805038671875 0.9015358359375 0.5600314281250001 0.890362634375 0.6026859796874999 0.8942470609375001 0.6810449171874999 0.88644321875
4 0.57202545 0.762302140625 0.5730095015625001 0.78172198125 0.597980984375 0.7987528937499999 0.6397744624999999 0.796217128125 0.6224298484374999 0.7393909562500001 0.6003184390625 0.707436821875 0.5923226296874999 0.7082331328125 0.5830659078125 0.723793403125 0.57202545 0.762302140625
4 0.5860402859375 1 0.7204086546874999 0.9866181234375 0.7186865109375 0.9737777359375 0.6887331734375 0.8954364609375001 0.6810449171874999 0.88644321875 0.6612091703125 0.88353921875 0.6045004078125 0.8956928484375 0.5908460437499999 0.8905467515625001 0.529432084375 0.891783565625 0.5179303953125001 0.9026879531249999 0.49448225 1 0.5860402859375 1
1 0.48653865781250005 1 0.5066439734375 0.9151973890624999 0.43966374531249997 0.89909719375 0.3750514609375 0.900652534375 0.286113296875 0.9745694593750001 0.2645427234375 1 0.48653865781250005 1
1 0.42723959687499996 0.8547928875 0.427147309375 0.8661874875000001 0.54004200625 0.850064734375 0.55843246875 0.8059445437500001 0.5583094890625 0.79294489375 0.511903096875 0.7731692453125001 0.49772590625 0.7762076515625 0.4393870875 0.8487036437500001 0.42723959687499996 0.8547928875
1 0.520114175 0.7739779828125 0.5673509453125 0.7757795749999999 0.582635371875 0.7205833078125 0.5657826796875 0.7157557359375 0.5474538078125 0.7240870734375 0.5294631843750001 0.7470231109375 0.5160547796875 0.7678763125 0.520114175 0.7739779828125
1 0.47398464375 0.720018528125 0.4668192109375 0.7028407828125001 0.45553278906249994 0.71535021875 0.44283178124999995 0.7052297140625 0.41127907812500003 0.7116250546875 0.42856210156249996 0.8042400765625001 0.425056221875 0.8143481515625 0.4457530421875 0.8236723453125 0.48207253593750005 0.79240496875 0.4895148296875 0.7753989125 0.47398464375 0.720018528125
1 0.24977052500000002 1 0.2871589421875 0.9582004515625 0.307086975 0.9497098484375 0.32369370468750003 0.9285381234375001 0.353308996875 0.9076973484374999 0.365333509375 0.8886084578125001 0.369116246875 0.8443165765625 0.3538322265625 0.7303581375 0.34869649062499997 0.7162312265625 0.3347345703125 0.72087468125 0.3242785265625 0.7154100624999999 0.31188507187500003 0.69550000625 0.3044427796875 0.712506059375 0.1512307828125 0.7180056718750001 0.143327259375 0.70740738125 0.1337940828125 0.5879967484375 0.124568259375 0.5433739156249999 0.074225453125 0.5304962468750001 0.0312633484375 0.5364013703125 0.027111665624999996 0.5416943046875 0.05485093437500001 0.5551965937500001 0.060940029687499994 0.5643490984375 0.05746484375000001 0.5988514265625 0.0651835921875 0.716816271875 0.042663896875 0.730148715625 0.07885615 1 0.24977052500000002 1