1 0.7935321703125 1 0.7932607125 0.9997925125 0.77609338125 0.9624823734374999 0.7655248 0.95500305625 0.7406637765624999 0.9137281953124999 0.73229963125 0.9470303828125 0.6462364125 0.9324990203124999 0.6358366578125 0.9234124484375 0.60692381875 0.9207116640624999 0.573274159375 0.901338175 0.56025518125 0.9017450796875 0.546970840625 0.8274681171875 0.55381070625 0.7777933109374999 0.5457793609375 0.7770430921875 0.52236548125 0.7992013250000001 0.51958228125 0.8411399546875 0.511637775 0.8550050578124999 0.5252597671875 0.9260675140625001 0.5271921734375 1 0.7935321703125 1
1 0.5489147625 0.8244036546875 0.5531499546875 0.87673601875 0.5612681359375 0.8921015593750001 0.5963552390625 0.913232346875 0.6558740265624999 0.9333992796875 0.7235061468749999 0.9380938562500001 0.734914003125 0.9066990078125 0.7477350546875 0.7228719640625 0.716448953125 0.6809969296875 0.7055427234375 0.6767321187500001 0.6843235765625 0.6779960593750001 0.6688542 0.6862891875 0.6124659640625 0.682644915625 0.579747271875 0.6698504828125 0.571040625 0.675529278125 0.5489147625 0.8244036546875
1 0.37414000000000003 0.6198070109375 0.3526123015625 0.8093128500000001 0.35954385625 0.8050912640625001 0.3686652921875 0.7491374875 0.39728366875 0.4921270125 0.3884081953125 0.49941306093750004 0.37311734531249996 0.5677747328125 0.37414000000000003 0.6198070109375
1 0.379556971875 0.6608886046875 0.3901255515625 0.6683679203125 0.3903812140625 0.681375990625 0.3929136015625 0.6572671921875 0.3821761953125 0.651395128125 0.3860640359375 0.6452662015625 0.38175170625 0.6399943109375 0.379556971875 0.6608886046875
1 0.41149412500000004 0.5421451328125 0.41022065625000004 0.507942684375 0.40210247499999996 0.49257714375 0.3924648609375 0.4916768828125 0.387226415625 0.5106638343750001 0.3800488984375 0.5635531484375 0.3797980859375 0.581382978125 0.3862231625 0.5819831515625 0.3813272171875 0.6285934953125001 0.392064621875 0.6344655593749999 0.41149412500000004 0.5421451328125
1 0 0.9792528359375 0.0375618859375 0.9827615375000001 0.07128868125 0.955074553125 0.09901489218750001 0.9381882125000001 0.12006521562500001 0.9385315234375 0.3052683640625 0.7967752781249999 0.3221557828125 0.6668878515625 0.23262921093750002 0.66988623125 0.22779109687500002 0.6541778765624999 0.23751545625 0.561600090625 0.24300956562499998 0.5556212078125 0.23709096562499998 0.5501992734375001 0.20927791875 0.5524702921875 0.2097024078125 0.5638711109375001 0.2240768390625 0.5814440765625 0.2139327484375 0.5853655765625 0.20404432187500002 0.6022951421875 0.2160551953125 0.64236965625 0.20608478125000002 0.6755218000000001 0 0.6893752734375 0 0.9792528359375
1 0.188025284375 0.8783357953125 0.2029013453125 0.8602491062500001 0.20922988281250002 0.7845581578124999 0.224014253125 0.721018246875 0.24309640156249998 0.57023653125 0.237008978125 0.56642185 0.236753315625 0.5534137796875 0.22085945156250003 0.550306090625 0.21291494531250002 0.5641711968750001 0.2046376375 0.61208870625 0.211747715625 0.6679356640624999 0.1852323859375 0.8585986265625 0.188025284375 0.8783357953125
1 0.28209110000000004 1 0.33707549062500003 0.92634225 0.3862619625 0.8286863406249999 0.41888896718749996 0.7960275515624999 0.43173426875 0.7663900015625 0.434097828125 0.7438884578125 0.3962226765625 0.7338584 0.388784646875 0.74290174375 0.39225285 0.7562099 0.385408134375 0.775046809375 0.3647003140625 0.8023268890624999 0.34610039062500003 0.7940973515625 0.34406963125 0.78254649375 0.2889548609375 0.8131046703125 0.22970143906249998 0.8676216046875 0.1158397234375 0.94787495625 0.1022322796875 0.9693261968750001 0.0720348859375 0.985981703125 0.222105696875 1 0.28209110000000004 1
1 0.8004963140625 1 0.7863243093750001 0.9731761984375 0.73888868125 0.91518540625 0.7361006328124999 0.926286134375 0.712855578125 0.9468371125000001 0.599823440625 0.9265405031249999 0.5695551437499999 0.9058598484375 0.5314291796874999 0.9136596171875 0.5249221171875 0.9292820203125001 0.5279574828125 1 0.8004963140625 1
1 0.5885499921874999 0.1999959546875 0.5808659984375 0.257707028125 0.5892398453125 0.2860806375 0.5958191953124999 0.19255986249999998 0.5885499921874999 0.1999959546875
1 0.5817101265625 0.2496707625 0.5877155625 0.26970801875 0.5975991406250001 0.221940553125 0.5967501625 0.1991389203125 0.5903250859375 0.1985387453125 0.5817101265625 0.2496707625
1 0.57921169375 0.48964485 0.588077465625 0.4206830046875 0.589765721875 0.404610471875 0.575728940625 0.383822996875 0.558064834375 0.4130104171875 0.5485237578125 0.4884012765625 0.5559666390625 0.5101958296875 0.524729040625 0.7766997812499999 0.5324227328125 0.780664503125 0.5639979828125 0.510946046875 0.57921169375 0.48964485
1 0.589765721875 0.404610471875 0.5720099265624999 0.38834467031250003 0.558402484375 0.4097959109375 0.5485237578125 0.4884012765625 0.5559666390625 0.5101958296875 0.524729040625 0.7766997812499999 0.5324227328125 0.780664503125 0.5638291578125 0.5125533 0.5793805187500001 0.48803759687500003 0.589765721875 0.404610471875
3 0.9262453328125 1 0.9475636375000001 0.7970455984375 0.9410035015625 0.7977312265625 0.9317035390624999 0.7936164578125 0.92662906875 0.780158259375 0.905578746875 0.779814946875 0.838197440625 0.7572905421875 0.8315167015625 0.7436822984375 0.8218790890625 0.7427820374999999 0.8203596578125 0.757247315625 0.8058212484375 0.7721195 0.7632961171875 0.7600320578125 0.7531520265625 0.7639535578125 0.739559134375 0.87791849375 0.7446336046875001 0.8913766937500001 0.8412889031249999 1 0.9262453328125 1
4 0.5241750953125 1 0.5195677328125 0.7486262578125 0.4566675796875 0.7297664890625 0.2852468796875 1 0.5241750953125 1
3 0.394867221875 0.7158785265625001 0.528105553125 0.744554715625 0.5277630515625 0.7169313234375 0.3951180359375 0.698048696875 0.394867221875 0.7158785265625001
3 0.564538409375 0.721989578125 0.543656915625 0.7200390125 0.5372366890625 0.7502767359375 0.557949359375 0.75383455625 0.564538409375 0.721989578125
4 0.5171027828125 0.6639987859375001 0.49909617500000003 0.6655628124999999 0.48540674375000004 0.7032366296875 0.5252258171874999 0.7102022234375001 0.526576421875 0.6973441984375001 0.5172764578125 0.6932294296875 0.5171027828125 0.6639987859375001
2 0.5017153984375 0.6560693359374999 0.5090665890625 0.6324106671874999 0.5017105468749999 0.6252314375 0.5017153984375 0.6560693359374999
0 0.9483739999999999 0.7893307828125 0.9546880812499999 0.7292195125 0.9349015250000001 0.70140285 0.91131396875 0.6943304375 0.880457209375 0.694694115625 0.844280015625 0.730267325 0.8434407359374999 0.7691414890625 0.8818223640625 0.7743497875 0.8857970421875001 0.782836184375 0.93001043125 0.77885109375 0.942947421875 0.7946667640625 0.9483739999999999 0.7893307828125
0 0.7583856203125 0.7141287078125 0.7515409078124999 0.7329656140624999 0.7543338046875 0.752702784375 0.8113153578125001 0.76614061875 0.8201859812500001 0.7280166718750001 0.8045380796874999 0.6762412546875 0.750431415625 0.6663180140625 0.740624975 0.66702500625 0.7314118515625 0.6775255625 0.7289614546875 0.685411784375 0.73936120625 0.6944983546875 0.7525490125000001 0.692484196875 0.7583856203125 0.7141287078125
0 0.8468992390625001 0.7207738484374999 0.8485874953125 0.704701315625 0.8382697265625 0.67939216875 0.8093568875000001 0.676691384375 0.8222167390624999 0.7395675296875 0.838279428125 0.7410679640625 0.8468992390625001 0.7207738484374999
0 0.5769543734375 0.6501133125 0.57433515 0.6596067890625 0.5980915328124999 0.6650719484375001 0.5949609812500001 0.6485492859375 0.5769543734375 0.6501133125
0 0.62751085 0.662950971875 0.624891628125 0.6724444484375 0.6529603374999999 0.6831814984375 0.6505050906250001 0.660229821875 0.62751085 0.662950971875