1 0.47093489687499995 0.73490575625 0.48406853749999995 0.7016548953124999 0.47113989375000004 0.678542925 0.45615151875000004 0.6850773234374999 0.4256077703125 0.6751499234375 0.41884340781249996 0.6864584078125 0.4132642890625 0.729668575 0.47093489687499995 0.73490575625
4 0.47266896562499994 0.7351692109375 0.506904015625 0.7438951125 0.5118136421874999 0.7058701640625 0.4931852140625 0.699515353125 0.4792614109375 0.7114984265625 0.47266896562499994 0.7351692109375
1 0.4104111453125 0.56005316875 0.40941598749999997 0.5951482125 0.357620328125 0.763510159375 0.3612603828125 0.7763993703125001 0.3556118453125 0.7790658203125 0.38503976875 0.7976352531249999 0.4209874765625 0.5739961953125 0.420815559375 0.5616338953125 0.4104111453125 0.56005316875
2 0.49440353750000005 0.662691903125 0.487587925 0.6880910953125 0.4918974734375 0.6957950859375 0.49893625 0.6686674874999999 0.49440353750000005 0.662691903125
4 0.5022757984374999 1 0.5108035656250001 0.8643247671875001 0.49641526875 0.8251302296875 0.5070940984375001 0.810891840625 0.4883450015625 0.77808401875 0.49236196874999993 0.746972696875 0.46830816718749996 0.7415559296875001 0.4567879296875 0.7486172359375 0.4509674765625 0.738921384375 0.433403621875 0.7380152484375 0.45002356718750003 0.759925721875 0.43342178750000004 0.7926496734375 0.40708508749999994 0.8186076812499999 0.3069785890625 0.9796298390624999 0.441055934375 1 0.5022757984374999 1
3 0.9476836296875 1 0.9693346828125 0.83231308125 0.9165393906249999 0.81670424375 0.8350381453125 0.8043218890625001 0.7518540812500001 0.77758536875 0.659278928125 0.76880750625 0.6507474140625 0.8485776703125 0.7709987609375 1 0.9476836296875 1
0 0.6584375171875 0.761630425 0.6907153359375 0.771821278125 0.697926025 0.7570559828125 0.6967407859375 0.7251542984375 0.6863876203125 0.7094828640624999 0.6569084468749999 0.7050041375 0.649920921875 0.7180410296875 0.6584375171875 0.761630425
0 0.7378096140625 0.7631154328124999 0.7311990015625 0.7321517921875 0.7088792703125 0.726998478125 0.7003808390625 0.7380435078125 0.6989906 0.7625046546875 0.7260662109375 0.771905146875 0.7378096140625 0.7631154328124999
0 0.7217566625 0.76420115625 0.76768386875 0.778228053125 0.77259349375 0.7402031046875 0.7593904375 0.7329102484375001 0.7257736312499999 0.7330898359375 0.7217566625 0.76420115625
0 0.8203060171875001 0.740402746875 0.808837028125 0.7333733437500001 0.780422428125 0.7343432953125 0.770928840625 0.7804833671875 0.8205473484375 0.7933087640625 0.8278092890625001 0.764452759375 0.8203060171875001 0.740402746875
1 0.7417426203125 1 0.737831028125 0.99574384375 0.6545593828125 0.87382918125 0.6441549671875 0.8722484546875 0.637613771875 0.88182853125 0.6213376562499999 0.8846426624999999 0.5505152390625 0.8580219171874999 0.5127608 0.862859815625 0.5030768296875 1 0.7417426203125 1
1 0.651552490625 0.7464858999999999 0.6408042468749999 0.7201805703125 0.631292490625 0.7116862171875 0.5476108484375 0.7024972203125001 0.53331013125 0.7584808234375 0.5169496828125 0.844110796875 0.5212592296875 0.8518147859375 0.6291665921875 0.8787828531249999 0.6442062171875 0.858157746875 0.653184059375 0.774930771875 0.651552490625 0.7464858999999999
1 0.20108961875000003 0.6886216515625 0.21995613125000002 0.5698884953125 0.200537540625 0.542265896875 0.1712815328125 0.5360587640625 0.162629353125 0.58937591875 0.1565344859375 0.5954991828125 0.15571124375 0.642956528125 0.1414617765625 0.6848494234375 0.13511066249999998 0.7614262265625 0.11749555625000001 0.774610796875 0.0257105625 0.7871007234375 0.0176584640625 0.7946889390625 0.009248403125 0.7948058046875001 0.0108755609375 0.93464336875 0.11440312187499999 0.95037215 0.291692621875 0.8222240281250001 0.304328684375 0.8065206843749999 0.3301678046875 0.7981102015625 0.33497493125 0.7882666687500001 0.349963309375 0.7817322703125 0.356365675 0.6910647578125 0.20108961875000003 0.6886216515625
1 0.1370711453125 0.937955259375 0.1090516265625 0.9495591046875 0.302265453125 0.978913778125 0.391152803125 0.8461464140625001 0.4134543671875 0.796665303125 0.4312926375 0.781752325 0.4305024796875 0.7604845359375 0.407066921875 0.7639732546875 0.394997853125 0.8026727921875001 0.3612091328125 0.790490078125 0.3434221140625 0.7913123468750001 0.3203816359375 0.8054349625 0.1370711453125 0.937955259375
1 0.3637482796875 0.6886617625 0.3795599 0.63467001875 0.3670263359375 0.6221919421875 0.2502767125 0.581544303125 0.230806875 0.568012409375 0.21839397656249998 0.58198734375 0.20567358125 0.6805065265625 0.3637482796875 0.6886617625
1 0.0889537953125 0.3931397671875 0.039558453125 0.3785859625 0.015242634375 0.3888922875 0.005411190625 0.4650365953125 0.0089361125 0.7679676640624999 0.082419096875 0.7587078140625 0.12274901406250001 0.761310453125 0.13124744375 0.750265421875 0.15418217343750001 0.5863302406249999 0.16335009843749998 0.5700999906249999 0.16333193125 0.5154655625 0.1447547515625 0.49502004375 0.0889537953125 0.3931397671875
1 0.55904025625 0.42226378281250004 0.5693240046875 0.3973915 0.5674692703125 0.3706750359375 0.55904025625 0.42226378281250004
1 0.5440187953125 0.4975233140625 0.5418565625 0.5553511 0.5087075015625 0.784702284375 0.5130170484375001 0.7924062734375 0.51888875 0.7880114171875 0.5284335875 0.7277806375 0.5565523578125 0.510001390625 0.5531354703125 0.49538377499999997 0.5440187953125 0.4975233140625