4 0.5523811609375 1 0.8050908203124999 0.9822855625000001 0.6215230218750001 0.9272549328125 0.5324372375 0.9012479453125 0.40353845 0.8831241453124999 0.345149090625 0.8753349078125 0.2840943640625 0.9390257875 0.061489521874999994 0.9315796875 0.06866322500000001 1 0.5523811609375 1
3 1 0.6923905703125001 0.68774195625 0.654414590625 0.6606699265625 0.6546148265625 0.5837900109375 0.6481217406249999 0.5637951703125 0.651220796875 0.62447624375 0.7131680796875 0.5857232953125 0.7311617140625 0.2830647625 0.7354028765625 0.2887234703125 0.75707318125 0.29348356875000003 0.8670743453125 0.4373343171875 0.8824525828124999 0.5960461515625 0.9103687609375 0.8171994281250001 0.9814367734375 1 0.9686228203124999 1 0.6923905703125001
4 0.587050903125 0.7276737328125 0.6166923484375 0.703528959375 0.5445877593749999 0.7102808046875 0.52371969375 0.6404503359375 0.5108020437499999 0.6464482140625 0.4813321984375 0.7045301390625001 0.43612296562499997 0.709396675 0.45434596875000005 0.7216989500000001 0.506188165625 0.7316445890625001 0.587050903125 0.7276737328125
3 0.4269155109375 0.7507811156249999 0.423467790625 0.734048203125 0.28863766874999996 0.7401046046875 0.2979964203125 0.8616656265625 0.343831634375 0.814318734375 0.368521075 0.77524395625 0.398424996875 0.76975283125 0.40788985 0.7792741203125 0.405946415625 0.7607383015625 0.4269155109375 0.7507811156249999
3 0.163963878125 0.8591788234375001 0.2571233609375 0.8594383671875001 0.26287802031249996 0.8335730921875 0.2583803953125 0.742225578125 0.1766342765625 0.7377710609375 0.13310600156250002 0.7425197640625 0.1479518625 0.8518139390625 0.163963878125 0.8591788234375001
1 0.9330639968750001 0 0.9417440218750001 0.0730531578125 0.9392654828125 0.0817141921875 0.91475779375 0.09022196875 0.8831678359374999 0.128083 0.8950051265625 0.24098298593749998 0.9012847374999999 0.2524250109375 0.9312744593750001 0.2639024640625 0.956403053125 0.24516641093749997 0.964893653125 0.26154582656250003 1 0.545349859375 1 0.321823896875 0.9662575421874999 0 0.9330639968750001 0
1 0.147593434375 0.8806958671875 0.12865865 0.8939053703125 0.07539797031249999 0.9027312140625 0.059032601562499995 0.8919961796875 0.05761919375 0.8785155859374999 0.055761557812499994 0.876948340625 0.061602257812500005 0.9326549203125 0.14316130625 0.935325240625 0.2066844203125 0.927477478125 0.29665866093750004 0.9296577609375 0.300555684375 0.9022252421875001 0.32524005 0.895402540625 0.33055048125000003 0.8814506203124999 0.265437284375 0.874132709375 0.257830065625 0.8661786656249999 0.1525505125 0.8633737953124999 0.147593434375 0.8806958671875
1 0.071859375 0.901281803125 0.1252967296875 0.894141034375 0.1453824453125 0.8757584765624999 0.11569072968750001 0.6571701296875 0.12047113281249999 0.6381629828125 0.11217243750000001 0.526712409375 0.0889065546875 0.514763628125 0.0551106875 0.515435190625 0.0490935515625 0.5226468171875001 0.055267059375000004 0.646128575 0.0668469484375 0.7081228328125 0.0602744078125 0.8715396234374999 0.071859375 0.901281803125
1 0.2507533609375 0.29802594843749997 0.2374823609375 0.3006536796875 0.2250089390625 0.2947382046875 0.239950746875 0.3564967984375 0.257073090625 0.6167052484375 0.264553903125 0.8657073375 0.272337796875 0.87534645625 0.291802609375 0.8671921765624999 0.25658366718750003 0.3536334046875 0.2507533609375 0.29802594843749997
1 0.48876781718749995 0.67854703125 0.45523949999999996 0.6656201671875001 0.4359513625 0.6754595218749999 0.4322310171875 0.7045771140625 0.4860217234375 0.70080649375 0.49186218437499996 0.6919097937500001 0.48876781718749995 0.67854703125
1 0.552820959375 0.6757544953125 0.560695728125 0.6701101109375001 0.5572581609375 0.5888730437499999 0.5692117062500001 0.525229140625 0.5515187296875 0.5179820875 0.5352391609375 0.524215628125 0.5463646718749999 0.6626273953124999 0.552820959375 0.6757544953125
1 0.5394844609375 0.5324053375 0.5527554625 0.529777609375 0.5518720828125 0.5213522359375 0.5333815265624999 0.5226483859375 0.528081246875 0.47209615468750005 0.5206507031250001 0.465827184375 0.516314528125 0.472920978125 0.5350371078125 0.6837909421874999 0.5450319875 0.698367453125 0.5487523359375001 0.669249859375 0.5326697453125 0.5481601656249999 0.5394844609375 0.5324053375
1 0.5521091796875 0.7012662749999999 0.61164946875 0.70388245625 0.5994436000000001 0.6843685546875 0.57193241875 0.664230065625 0.550786646875 0.6725021765625 0.5521091796875 0.7012662749999999
1 0.25520530468749997 0.6796421609375 0.24627047812499997 0.675176096875 0.199380284375 0.680160465625 0.20203042343750002 0.7054365812500001 0.24909729375 0.7021372890625 0.25697206562499997 0.69649290625 0.25520530468749997 0.6796421609375
1 0.13496871562499999 0.7118349296875001 0.14620540312500002 0.705954884375 0.16389838125 0.7132019374999999 0.19247469374999998 0.7111987953125001 0.18876449687500002 0.6758122328125 0.12453467968750001 0.6769196953125001 0.12497383124999999 0.6972584203125 0.13496871562499999 0.7118349296875001
1 0.40630991875 0.6996042953125 0.4328519203125 0.6943488359375001 0.43701142031250007 0.68556996875 0.4359513625 0.6754595218749999 0.4255122546875 0.6727963640625 0.28360494062499997 0.6759539453125 0.28811271562499996 0.702797303125 0.40630991875 0.6996042953125
0 0.585561846875 0.6327204078124999 0.585294296875 0.6463188343749999 0.5970610109375001 0.6454940109375 0.5960009562499999 0.635383565625 0.585561846875 0.6327204078124999
0 0.6259906765625 0.6468610171875 0.6532393843750001 0.6483458578125 0.6529769078125 0.62969220625 0.6448396625 0.6166829390624999 0.628030065625 0.6178612578125 0.6259906765625 0.6468610171875