0 0.73551605625 0.7834176515625 0.7430036359375001 0.8015381859374999 0.7614111546875 0.8044355890625001 0.782637321875 0.832215065625 0.803745271875 0.821744071875 0.8604726156250001 0.827074853125 0.8659144062499999 0.8369271406250001 0.8759478453125 0.8383565093750001 0.8834308500000001 0.7849602499999999 0.8715425484375 0.7436576968749999 0.8424423750000001 0.6894507765625 0.8167018484374999 0.671755603125 0.7583151453125 0.6664634921875 0.74226255625 0.6784798609375 0.7349704796875 0.7002711828125 0.73551605625 0.7834176515625
3 0.9943514515625 1 0.99580970625 0.7493472718749999 0.8805712734375 0.7234890921875 0.8575721062499999 0.7290146078124999 0.8667190437500001 0.7470964703125 0.87690705625 0.7518486046875 0.8845901390625001 0.8098809890625001 0.87992120625 0.8166425281249999 0.8483933859375 0.8173772406250001 0.8404830234375 0.8258774984375 0.794175546875 0.830283 0.8020495562500001 0.8567104453125 0.8208435046875 0.8679147625000001 0.8217709359375001 0.8878513578125 0.8566584015625001 0.9236283921874999 0.8716699171875 0.9249417531249999 0.9144677484375 0.9522185296875 0.965603965625 1 0.9943514515625 1
3 0.9943514515625 1 0.9958446578125001 0.7433396859375 0.8671418281250001 0.720475678125 0.8867495671875 0.7848829109375 0.8825852812500001 0.8382018328124999 0.8729382703124999 0.8450793765625001 0.8258579375 0.8328710515625 0.8032451999999999 0.8467034796874999 0.960935025 1 0.9943514515625 1
0 0.8993606453125 0.66317661875 0.8762069078125 0.6653793671875 0.8690694015625 0.6904934546875 0.8718880484374999 0.7153755234375 0.910285159375 0.7194702828125 0.9083530109375 0.677935715625 0.8993606453125 0.66317661875
3 0.7027516640625 0.75757024375 0.726987403125 0.7786268515625 0.7357796921875 0.681957303125 0.715712815625 0.6790985671875001 0.7013195890625 0.6910762671875 0.7027516640625 0.75757024375
3 0.706843240625 0.7741067312500001 0.7340885562499999 0.7884404703125 0.7324609765625001 0.6820346421875 0.7175267468750001 0.6823826640624999 0.7014741609375 0.6943990343750001 0.706843240625 0.7741067312500001
3 0.651925253125 0.700543253125 0.6748880625 0.7299454453124999 0.6754244890625001 0.6700583296875 0.6685551953125 0.665228859375 0.6521161796875 0.668938315625 0.651925253125 0.700543253125
0 0.6990782984374999 0.642896171875 0.700933159375 0.6827693546875 0.709229953125 0.682576009375 0.714553528125 0.6541778265625 0.6990782984374999 0.642896171875
0 0.7407168390625001 0.6452522093749999 0.7274419703125 0.6455615609375001 0.7212682484374999 0.655684534375 0.7238550390625 0.6755824546875 0.7372844796875 0.67859586875 0.74828170625 0.665034125 0.7407168390625001 0.6452522093749999
4 0.672275325 1 0.626075659375 0.7876311968749999 0.6135281406249999 0.696448496875 0.6115596390625 0.689841634375 0.5863601125 0.683776140625 0.567107025 0.73412031875 0.5662978109375 0.752434196875 0.5085748999999999 0.8685390249999999 0.48156144375 0.8591894359375001 0.470255075 0.8661056500000001 0.4431643328125 0.8550946765624999 0.4065038671875 0.8526226328125001 0.41352773281250005 0.8607748687500001 0.462421996875 0.876267290625 0.4982732484375 0.8970532140625 0.48241616406250004 0.9489814375 0.4595770828125 1 0.672275325 1
4 0.393269928125 0.8895210734375001 0.42819374843749997 0.8903704046875 0.46539521562499997 0.904472128125 0.48704416562499997 0.9056308124999999 0.46975500625000005 0.891065059375 0.3936154265625 0.8612388984375 0.38238634375 0.869816496875 0.393269928125 0.8895210734375001
4 0.6694970703124999 1 0.6690781421875001 0.9978534109374999 0.6531391984375 0.9766034593749999 0.6361591796875 0.9686832359374999 0.6267803828125 0.9456172234375 0.5932840625 0.939745075 0.5911609875 0.9298154500000001 0.506724615625 0.900182634375 0.4920995296875 0.9071761875 0.4533468265625 1 0.6694970703124999 1