1 0.830066003125 0.7935476953125 0.8187625093750001 0.786278471875 0.8134998031249999 0.7592953359375 0.786262025 0.8012672750000001 0.7815973109375001 0.9866618468749999 0.8495588625 0.9854755734375 0.8526211421875001 0.96832740625 0.8499897875 0.9548358374999999 0.8297453562499999 0.9270675421875 0.8303560359375 0.9154150890625001 0.8516402671875 0.8914924265625 0.8348995875 0.8605693375 0.8357649078125 0.8122076500000001 0.830066003125 0.7935476953125
1 0.769254846875 0.361374225 0.7856913390625 0.20699926875000002 0.7972494718750001 0.177559259375 0.7915505656249999 0.1588993015625 0.7951344796875001 0.1223645484375 0.8100148078125 0.061383692187500005 0.8388343015625 0.0078101890625 0.748681075 0.003085459375 0.7051922828125 0.277894859375 0.69611225625 0.41930168593749995 0.7025869421875 0.7735131359375 0.6842311765625 0.9645100859375001 0.694555628125 0.9881811656249999 0.7614813609375 0.9870129734375 0.7615094328125 0.9869213578125 0.7554474109375 0.9114892937500001 0.7640912375 0.778405646875 0.7583852546875 0.7280303640625 0.76194793125 0.596349634375 0.7559660734375 0.4875376078125 0.7704903640625 0.40149997187500003 0.769254846875 0.361374225
3 0.8551440187500001 0.8883376343749999 0.8543588609375 0.9033193578125 0.8422702078125001 0.911031859375 0.8396459328124999 0.9292556171875 0.859454165625 0.9653470937499999 0.8785108984375001 0.9849702140625001 0.9837126078124999 0.9831339124999999 0.9944031703125 0.7791458484375 0.8328576796875 0.740279340625 0.8240110578125 0.7498309578125 0.821037825 0.774713259375 0.83190511875 0.7903056625 0.84163829375 0.8275383359375 0.8414708937500001 0.8625829328125001 0.8551440187500001 0.8883376343749999
1 0.547033096875 0.9706735046875 0.548087784375 0.990737771875 0.77573885625 0.9867641078125 0.778228878125 0.9226984703125 0.6849220171875 0.919477671875 0.6849149390625 0.887762346875 0.5552478046875 0.8776283640625 0.5465756625 0.883850709375 0.54527414375 0.9405355765625 0.5543023218750001 0.9593700109375 0.547033096875 0.9706735046875
1 0.08090266093750001 0.9696135578125 0.3420325375 0.9832987937500001 0.34456525312499997 0.9800931140625 0.35857318125000004 0.9357586171875001 0.4067391546875 0.8448072312500001 0.40585967656250005 0.8297382671875001 0.3502216875 0.8084611140625 0.28214608750000003 0.8015550078125001 0.256572946875 0.8436141875000001 0.227663453125 0.8537835640625 0.0783979578125 0.9628054578125 0.08090266093750001 0.9696135578125
1 0.25184075781250004 0.8383585609375 0.26436560937500003 0.8223228765625 0.27469530781249996 0.784472446875 0.2568205078125 0.7751896296874999 0.01484754375 0.8506152421875001 0.016866087499999998 0.9662575421874999 0.07263892968749999 0.9691804749999999 0.074981446875 0.964295615625 0.093641403125 0.958596709375 0.1426939296875 0.9144296171875 0.2009491140625 0.8857676859374999 0.21505136249999998 0.8714838796875 0.2196019921875 0.8483534546874999 0.25184075781250004 0.8383585609375
1 0.156774940625 0.804999834375 0.21135189531249998 0.78282196875 0.23640867656250003 0.7824659296875 0.2472688921875 0.7663430078125 0.1863752765625 0.74979804375 0.012739846874999999 0.729865325 0.014794059374999998 0.8475511093750001 0.156774940625 0.804999834375
1 0.2834051375 0.5545781875 0.278847428125 0.5459932875 0.27490747656250003 0.557471259375 0.25418915625 0.761698059375 0.2588341046875 0.7686183234375 0.280474375 0.7697524421875 0.2930864640625 0.752052125 0.30408576875 0.5740233031249999 0.299964259375 0.5571152234375 0.2834051375 0.5545781875
1 0.35354388281250004 0.77692026875 0.36545805468750003 0.7725370390624999 0.3890552921875 0.51337725 0.3900880125 0.4299709640625 0.3759126828125 0.5093500578125 0.35354388281250004 0.77692026875
3 0.673785925 0.8771638515625 0.6833375421875 0.8860104703125 0.6886804109375 0.8796136453125 0.6995995515625 0.7349647859374999 0.6791562796874999 0.732224190625 0.6589432890625 0.714472790625 0.6597284484375 0.699491065625 0.5835913859375 0.6871548515625 0.5779867999999999 0.6985455843749999 0.5952509171875 0.7194808562499999 0.5997213859375 0.7297303921875 0.5945529984375 0.7327979453125 0.5492588640625 0.7371010124999999 0.45945575468750005 0.7307254234375 0.42896886562500003 0.739142921875 0.429935584375 0.7525472515625 0.4110139078125 0.7632400640625 0.4107521875 0.7682339734375 0.43247969687500004 0.7677034546875 0.44089719531249993 0.79819034375 0.473143040625 0.8199107734375 0.5081876375000001 0.8200781765625 0.51905493125 0.8356705796874999 0.53876884375 0.8417113671875001 0.5723232859375 0.83846225625 0.589761884375 0.8560682546875 0.6111404328125001 0.8621962828124999 0.6189330953125001 0.8409049718749999 0.6405733640625 0.842039090625 0.645131075 0.8506239921875001 0.679477753125 0.8641084812500001 0.6806189500000001 0.8741835375000001 0.673785925 0.8771638515625
3 0.423196878125 0.7855782515625 0.5073081609375001 0.8050092109375001 0.6892910890625 0.8679611921875001 0.696444759375 0.731461034375 0.66683026875 0.7232321703125 0.6712064203125 0.7034310171875 0.6532443828125001 0.6958128343750001 0.6118029593750001 0.6903025640625 0.5804365953125 0.6836510984374999 0.55555429375 0.680677865625 0.5993724265625 0.7363889375 0.510972234375 0.7350944953125 0.3765729109375 0.719704884375 0.37194211875 0.7762152718750001 0.423196878125 0.7855782515625
4 0.528665475 0.7159912609375 0.5212076140625 0.667193375 0.49825874687500005 0.6910287984375 0.49064056406249995 0.7089908359375 0.46032815312500003 0.7140790625 0.4611203921875 0.7308126640625 0.5893846093749999 0.7358654984374999 0.528665475 0.7159912609375
1 0.53874053125 0.7148500656250001 0.5451373546875 0.7201929328125 0.58841789375 0.7224611703125 0.5566954890625 0.6907529234374999 0.541277565625 0.69829094375 0.53874053125 0.7148500656250001
3 0.45963023437499995 0.7273961515625 0.44657486718749995 0.721704321875 0.374821034375 0.7212822812499999 0.3721095203125 0.741170675 0.3864805671875 0.753608284375 0.410745109375 0.736518646875 0.45963023437499995 0.7273961515625
1 0.447796225 0.69839941875 0.44700398750000003 0.6816658171875 0.3772637515625 0.6746724703125 0.3761296328125 0.696312740625 0.394091671875 0.7039309234375 0.44403075468750003 0.70654811875 0.447796225 0.69839941875
1 0.4456953890625 0.706635359375 0.4839820203125 0.708641875 0.5015880187499999 0.6912032781249999 0.5070181265625 0.68314181875 0.45015877968750007 0.6851695703125 0.4456953890625 0.706635359375
3 0.3028125625 0.757569471875 0.334178928125 0.7642209390625 0.3512614875 0.75677015625 0.35326800625 0.7184835265625 0.3016642875 0.7157790890625 0.3028125625 0.757569471875
1 0.300864971875 0.6673301640625 0.3021004859375 0.7074559109375 0.355805040625 0.7019244046875001 0.3558852015625 0.66854444375 0.300864971875 0.6673301640625
3 0.17094319375 0.693905415625 0.12415890468749999 0.6947919703125 0.011793278124999999 0.6756364921875 0.01267994375 0.7264335187500001 0.080536484375 0.7308976031250001 0.21607700625 0.7563622718749999 0.247705090625 0.758019828125 0.2531351984375 0.7499583671875001 0.25864546875 0.7085169453125 0.24742921562500003 0.6995830859375001 0.2305211328125 0.7037045953125001 0.17094319375 0.693905415625
1 0.180749453125 0.6660428015625001 0.17479590625000002 0.6840920781250001 0.1846092421875 0.6879447875 0.23586400156249998 0.6973077703125 0.2411196296875 0.6925755812500001 0.25767875 0.6951126171875 0.2560942765625 0.6616454140625 0.19458998125 0.6567529046875 0.180749453125 0.6660428015625001
4 0.32702903125 0.98251249375 0.49999468281250004 0.9915772390625 0.5454878234375 0.9907831546875 0.537198525 0.8716748171875001 0.68727749375 0.8745324968749999 0.6434664375 0.8505367515625 0.4231096390625 0.7872428890625 0.2980002125 0.7856938062500001 0.292308384375 0.7987491734375001 0.409363428125 0.8265834765625 0.32702903125 0.98251249375
3 0.7668970703125 0.78856794375 0.76131371875 0.895104653125 0.779362996875 0.9010581999999999 0.7805701984375 0.81432264375 0.78520806875 0.7895275828125 0.8008004734374999 0.7786602890625 0.8013239125 0.768672471875 0.774776975 0.7656119968749999 0.7668970703125 0.78856794375
0 0.809807415625 0.7023487484375 0.79289225625 0.6747549312500001 0.7646806828125 0.6716072171875 0.768292909375 0.761933765625 0.8134998031249999 0.7592953359375 0.8215541859375 0.7330101171875001 0.809807415625 0.7023487484375
0 0.17022404062500002 0.6120765265625 0.1561147140625 0.59464500625 0.10661183125 0.5837046296875 0.081467809375 0.5857253046875 0.014540484375000001 0.6206095781250001 0.011032603125 0.6320574375 0.0115782890625 0.6633197625 0.016480996875 0.6791335609375 0.034791995312500004 0.6800932000000001 0.0502099203125 0.672555178125 0.09673248906250001 0.6766625328125 0.1125936921875 0.69251665625 0.1560487078125 0.69145561875 0.177332940625 0.66753295625 0.17022404062500002 0.6120765265625
0 0.6685821468750001 0.721654775 0.7017876281250001 0.7250642078125 0.7034381062499999 0.661720796875 0.6835497140625 0.6590092828125 0.672427778125 0.6801261125 0.6685821468750001 0.721654775