4 0.42517978906250004 0.8456259562499999 0.36534671093750004 0.9873655234375001 0.5189118406250001 0.9855784484375001 0.6069989078125 0.9830153765625 0.56755275625 0.7947679859375001 0.5670757640625 0.7127716328125 0.5588292625 0.704667409375 0.49155138281250005 0.697250146875 0.477041575 0.740059990625 0.4559059453125 0.7714666734375 0.43982315468750005 0.8257750906249999 0.42517978906250004 0.8456259562499999
3 0.6128268796875 0.68435856875 0.614314003125 0.658100653125 0.6060770421874999 0.6516363562499999 0.520780878125 0.6477088531249999 0.48310454375 0.6547074546875 0.48319040312499995 0.6694667984375 0.4947355046875 0.6808127109375001 0.5177398515625 0.6887451953125 0.5833970500000001 0.6994613937499999 0.6063441578125001 0.6975543156249999 0.6128268796875 0.68435856875
3 0.478252040625 0.666244190625 0.4814743234375 0.6563664640625 0.47491528125000004 0.6564427937499999 0.478252040625 0.666244190625
4 0.5484278484375 0.60802620625 0.540257665625 0.6130413984375 0.5141932140625001 0.6428654 0.57982179375 0.6486618187500001 0.5945700984375 0.64685015 0.5617271890625 0.6390321625000001 0.5484278484375 0.60802620625
3 1 0.7929337000000001 0.9955397859374999 0.7914274375 0.9838038875 0.7472829812499999 0.9849952734375 0.6701873296875 0.9341722390625 0.6724188046874999 0.8750740828125 0.6616262796875 0.8795842437499999 0.8731387046875 0.8878784453125 0.8894425640625 0.9174799921875 0.903858428125 0.9898574890624999 0.9718753296875 1 0.9715802124999999 1 0.7929337000000001
0 1 0.6395620734375 0.9884369734374999 0.698027925 0.9870929484375001 0.7488847453125 0.9955016265625 0.7848677296875 1 0.7892884921875 1 0.6395620734375
1 0.5740943015625 0 0.5728026546875 0.0058485734375 0.5449267234375 0.0061729734375 0.541742603125 0.022610409375 0.545193840625 0.05209093125000001 0.555108721875 0.0650958546875 0.537309853125 0.10630393593750001 0.5374052515625001 0.12270320625 0.5556334140625 0.1552918421875 0.5657104734375 0.1961755234375 0.5822225546875 0.2156638265625 0.5856547140624999 0.24186449531249998 0.6120244390625 0.2645181578125 0.6253524015624999 0.30044389531250004 0.61036669375 0.5433439250000001 0.6206059296875 0.6121063671875 0.617860640625 0.7039804468749999 0.62441968125 0.7039041171875 0.6342105453125 0.6955899875 0.6323418296875001 0.6562508203124999 0.6486058765625 0.6331010203125 0.6519797031250001 0.3673755890625 0.6725620203125 0.240853134375 0.6887592890625001 0.20622384375 0.7116014578125001 0.18627756875 0.7410408281249999 0.1728146703125 0.7656276953125001 0.170888509375 0.7655895359375 0.1643288 0.73755143125 0.1367744390625 0.75553155625 0.126724971875 0.7668190828125 0.09379285468750001 0.7897089515625 0.08204621250000001 0.814047784375 0.0374819484375 0.8304167687499999 0.032371343749999996 0.8368899531249999 0.0175356703125 0.8466998968749999 0.0125013953125 0.847587925 0 0.5740943015625 0
1 0.648586796875 0.629821165625 0.6452691171875 0.623299621875 0.635449634375 0.6266939703125 0.63605064375 0.7300093750000001 0.6459178265625 0.7348146625 0.653754115625 0.6724020234375 0.648586796875 0.629821165625
3 0.6750614609375 0.670514025 0.6619529171874999 0.6723066109375 0.660418096875 0.690364890625 0.6670248375 0.698488196875 0.731233071875 0.74202201875 0.8598021796875001 0.8553284953125001 0.860573815625 0.70607605 0.858676478125 0.6618171015625001 0.852031578125 0.6471340875 0.843870934375 0.65378920625 0.8176252265624999 0.6524545953125 0.77325629375 0.6365705484374999 0.7552284703125001 0.6384203796875 0.7404133859375001 0.6287525578125 0.725655540625 0.6289242984375 0.7193349953125 0.669998803125 0.70957275 0.6832327140625 0.6750614609375 0.670514025
0 0.7144252515625 0.671695978125 0.7174758171875 0.6322995640625 0.7024699375 0.5898332 0.6794465109375001 0.5786208625 0.6679681875 0.5787544390625 0.6549073437499999 0.588746659375 0.6569954765625 0.6658041484375 0.7144252515625 0.671695978125
1 0.6080983953125 0.7172143578125 0.594923071875 0.707527453125 0.56709484375 0.7160514859375 0.57444569375 0.8520891031250001 0.58438919375 0.8700138078125 0.5958961375 0.8748000125000001 0.5878881328125 0.9076939656249999 0.596268190625 0.9387571687499999 0.6177663359375 0.9696677125000001 0.621829809375 0.982583840625 0.9624796734375 0.9726719421875 0.8137362484375 0.829623965625 0.7445419515625 0.7746679015625 0.6900959609374999 0.7179001703125001 0.6605039546875 0.705124234375 0.6540212296875 0.7183199796874999 0.6311504421875 0.733346475 0.6211878609375 0.7121419171875 0.6080983953125 0.7172143578125
1 0.24129765625 0.808404921875 0.2723767875 0.794922940625 0.322970865625 0.7533332140625 0.3508181765625 0.748089034375 0.378741803125 0.7559642703125 0.4000491484375 0.754076275 0.4063792359375 0.714641696875 0.4258369453125 0.6766943859375 0.42244294687500006 0.6570534265625 0.21932251875 0.6954980234375 0.17674598749999998 0.705833725 0.17186486406249998 0.71245068125 0.111241425 0.721356359375 0.0174042171875 0.747756146875 0.023073895312500002 0.99134863125 0.039803821875 0.9911539406250001 0.058522146875 0.9614154265625 0.089553578125 0.9397338109375 0.11902156875 0.93119069375 0.13038541406249998 0.9113779937500001 0.16633612656250002 0.8896391328125001 0.1842113140625 0.8615504656249999 0.24129765625 0.808404921875
1 0.34590843437499996 0.7497862078125 0.3278901484375 0.7532759671875 0.29032829375 0.7799536921875 0.28220581093749997 0.7931685203125001 0.22174454843750002 0.829952959375 0.19402125625 0.8565161921875 0.185917853125 0.873010875 0.087980596875 0.9512323828125 0.065090728125 0.9629790234375 0.063517746875 0.974477596875 0.05371734375 0.981151796875 0.057558645312500004 0.9909473234374999 0.35494392812500003 0.98748658125 0.376616603125 0.9544336093749999 0.43651501562500006 0.8208934734375 0.44453255937499997 0.78963945 0.4394415609375 0.760178009375 0.4458765859375 0.7387826265624999 0.43602848281249995 0.7372571921875 0.42447383906249997 0.7242713546874999 0.4180483546875 0.7473066609375 0.3902487453125 0.7607504765625 0.34590843437499996 0.7497862078125
1 0.40961105625 0.7064038953125 0.40988771249999995 0.7539617796875 0.449318284375 0.766623221875 0.4737525140625 0.7384582265625 0.4882718625 0.6972883109375 0.46687865781250004 0.684416965625 0.43404528750000004 0.6782389 0.42097490468750004 0.6865911953125 0.40961105625 0.7064038953125
1 0.40269904062500006 0.645802925 0.4174855046875 0.650550965625 0.4217846953125 0.54389845625 0.4086570734375 0.542411190625 0.4038331890625 0.55886770625 0.40269904062500006 0.645802925
1 0.4553049359375 0.66815126875 0.46021467656250004 0.6664540953125 0.46480960156249995 0.6106393296875 0.45914621406249995 0.48278226562500004 0.45592393124999997 0.492659990625 0.4553049359375 0.66815126875
1 0.1779946140625 0.6385776328125 0.01453381875 0.6244321328125 0.017345559375 0.745235978125 0.0965122 0.72644788125 0.11285256562499998 0.7164174953125 0.278296659375 0.6849714984374999 0.29788792656249996 0.6699831671875 0.2682863796875 0.6555673046875 0.21907448437500002 0.6528599203125001 0.18131229375 0.645099178125 0.1779946140625 0.6385776328125
1 0.37899828593749996 0.5181557640625 0.3280035328125 0.49086855625 0.1426724359375 0.48646514375 0.12468277187500001 0.49487468437500004 0.10660724531250002 0.48852488281250006 0.0886938984375 0.5100538375 0.057404890625 0.48745742343750004 0.0443917453125 0.505649278125 0.011701917187499999 0.5027620625 0.014510053125 0.6234110640625 0.0860821671875 0.624886896875 0.31428553125 0.66979234375 0.36176226875 0.65611954375 0.3745941546875 0.606769071875 0.3859389234375 0.58367651875 0.3957393265625 0.5770023156249999 0.3922499265625 0.5409620859375 0.37899828593749996 0.5181557640625
1 0.3699038296875 0.6461845687500001 0.36015112656250003 0.6610584078125 0.40930578281249996 0.653926228125 0.396130459375 0.644239325 0.3699038296875 0.6461845687500001
1 0.8667714343749999 0.92576903125 0.8767721734375 0.9535332953125 0.8622304671875 0.1451637484375 0.85723486875 0.132101578125 0.8457851625 0.1371549359375 0.8667714343749999 0.92576903125
3 0.4224143265625 0.6521336437499999 0.4323482875 0.6684184203125 0.45200633437500004 0.66490958125 0.44861233437500003 0.6452686203125 0.42400638749999997 0.6439149265624999 0.4224143265625 0.6521336437499999