3 0.8625 0.9234375 0.871875 0.9453125 0.9234375 0.9984375 0.9984375 0.9984375 0.9984375 0.8421875 0.9703125 0.7609375 0.9578125 0.778125 0.9421875 0.784375 0.93125 0.7828125 0.915625 0.7671875 0.8796875 0.7671875 0.8546875 0.7765625 0.8328125 0.746875 0.7921875 0.746875 0.7765625 0.715625 0.7640625 0.7203125 0.746875 0.7046875 0.6984375 0.7015625 0.675 0.6796875 0.65625 0.6890625 0.65625 0.7140625 0.7265625 0.778125 0.7890625 0.85625 0.8625 0.9234375
4 0.765625 0.8328125 0.653125 0.8125 0.6625 0.9609375 0.6484375 0.9703125 0.6109375 0.9625 0.5703125 0.684375 0.540625 0.678125 0.384375 0.9953125 0.9203125 1 0.765625 0.8328125
0 0.809375 0.7515625 0.8140625 0.740625 0.825 0.7390625 0.8421875 0.7484375 0.8546875 0.771875 0.8734375 0.7625 0.9140625 0.7640625 0.940625 0.7828125 0.953125 0.7765625 0.9625 0.759375 0.9671875 0.7390625 0.9546875 0.6921875 0.8890625 0.63125 0.8390625 0.625 0.815625 0.6296875 0.79375 0.6515625 0.78125 0.6796875 0.7609375 0.6796875 0.759375 0.709375 0.7890625 0.725 0.8015625 0.753125 0.809375 0.7515625
0 0.978125 0.7 0.9765625 0.7734375 0.9984375 0.8359375 0.9984375 0.6625 0.978125 0.7
0 0.7546875 0.6578125 0.7359375 0.634375 0.7046875 0.63125 0.6921875 0.69375 0.7078125 0.6890625 0.71875 0.7 0.7484375 0.6984375 0.7546875 0.6578125
0 0.7859375 0.7125 0.7890625 0.64375 0.7734375 0.64375 0.7578125 0.665625 0.759375 0.7109375 0.765625 0.715625 0.7796875 0.709375 0.7859375 0.7125
1 0.61875 0.9515625 0.628125 0.965625 0.653125 0.96875 0.65625 0.9171875 0.646875 0.846875 0.6515625 0.4390625 0.6453125 0.4203125 0.6375 0.4265625 0.6328125 0.4703125 0.6296875 0.8640625 0.625 0.903125 0.61875 0.9078125 0.61875 0.9515625
0 0.684375 0.6265625 0.665625 0.6375 0.6625 0.665625 0.6875 0.671875 0.7 0.6296875 0.684375 0.6265625
3 0.5171875 0.6546875 0.51875 0.66875 0.540625 0.678125 0.59375 0.6828125 0.5953125 0.665625 0.5171875 0.6546875
1 0.4515625 0.653125 0.45625 0.6984375 0.490625 0.68125 0.4890625 0.6515625 0.4515625 0.653125
4 0.5625 0.646875 0.5453125 0.65625 0.56875 0.6640625 0.5625 0.646875
1 0.1859375 0.965625 0.2109375 0.984375 0.2203125 0.984375 0.2265625 0.9984375 0.3796875 0.9984375 0.5203125 0.7125 0.521875 0.68125 0.50625 0.690625 0.478125 0.6890625 0.4546875 0.7046875 0.3953125 0.7578125 0.346875 0.7796875 0.3125 0.8109375 0.303125 0.834375 0.275 0.8578125 0.2625 0.853125 0.2265625 0.865625 0.196875 0.8953125 0.1640625 0.90625 0.1484375 0.9328125 0.146875 0.9546875 0.16875 0.9578125 0.1796875 0.9515625 0.1859375 0.965625
1 0.7125 0.7625 0.684375 0.7484375 0.6640625 0.7234375 0.6546875 0.7203125 0.6546875 0.7765625 0.7 0.815625 0.7625 0.8296875 0.7125 0.7625
1 0.121875 0.9390625 0.146875 0.928125 0.159375 0.9046875 0.175 0.89375 0.19375 0.890625 0.228125 0.8609375 0.2734375 0.85 0.29375 0.8375 0.303125 0.8296875 0.3109375 0.809375 0.34375 0.7796875 0.375 0.7671875 0.3828125 0.7578125 0.40625 0.753125 0.4515625 0.70625 0.4546875 0.6890625 0.45 0.6796875 0.440625 0.6796875 0.4078125 0.6859375 0.3765625 0.703125 0.3453125 0.7 0.3171875 0.7171875 0.2125 0.7515625 0.1984375 0.7609375 0.1578125 0.76875 0.128125 0.7890625 0.1375 0.8671875 0.109375 0.9 0.1125 0.9296875 0.121875 0.9390625
1 0.6203125 0.4546875 0.65625 0.4515625 0.6578125 0.484375 0.6703125 0.4859375 0.7171875 0.475 0.7375 0.4578125 0.7546875 0.4546875 0.7625 0.415625 0.7765625 0.4140625 0.79375 0.396875 0.834375 0.3484375 0.8453125 0.3265625 0.6625 0.35 0.6515625 0.3609375 0.634375 0.359375 0.61875 0.3484375 0.565625 0.3421875 0.571875 0.4765625 0.590625 0.4875 0.60625 0.48125 0.6203125 0.4546875
1 0.146875 0.9453125 0.0953125 0.94375 0.071875 0.9546875 0.046875 0.9796875 0.0328125 0.9734375 0.0015625 0.9765625 0 0.9984375 0.23125 0.9953125 0.1921875 0.9625 0.146875 0.9453125
1 0 0.9984375 0.0671875 0.9875 0.0703125 0.965625 0.078125 0.95625 0.090625 0.9546875 0.1125 0.88125 0.1296875 0.8671875 0.121875 0.834375 0.121875 0.784375 0.134375 0.7484375 0.13125 0.675 0.1375 0.65625 0.1359375 0.6171875 0.14375 0.5875 0.146875 0.5109375 0.14375 0.4296875 0.1296875 0.334375 0.13125 0.3078125 0.1421875 0.2859375 0.128125 0.253125 0.134375 0.2203125 0.115625 0.1796875 0.1171875 0.1015625 0.1046875 0.0875 0.0984375 0.059375 0.0859375 0.0578125 0.0765625 0.0421875 0.059375 0.04375 0.0578125 0.05 0.0296875 0.040625 0.0171875 0.009375 0.0078125 0.0078125 0 0.009375 0 0.9984375