3 0.7754665828125 0.7295485765625 0.707152753125 0.6951518437499999 0.6680412875 0.6626105890625 0.64483119375 0.6545579015625 0.6340623234375 0.6844358171875 0.621031125 0.6915013671875 0.6555853984375 0.746016884375 0.6555350109375 0.7598779703125 0.6190239203125001 0.7744583671874999 0.5497316828125001 0.7746095875 0.3858438 0.75620161875 0.2910791359375 0.7254877890625 0.2787061609375 0.7274340031250001 0.2666890859375 0.8074274062500001 0.27087570625 0.82874285 0.313278296875 0.835687425 0.3380746359375 0.8179339078125001 0.3580439921875 0.8377221875 0.356727540625 0.8479608578125 0.3918717953125 0.857480221875 0.46975668125 0.89825344375 0.56517956875 0.9238479390625001 0.6039026046875 0.9459409937500001 0.6733134781250001 0.9718055046874999 0.68052000625 0.9772518078125 0.9561373703125 0.9676270375 0.9739725234375 0.828914403125 0.9703982078125 0.8297751859375 0.9508172828125 0.8204351031250001 0.9483355437500001 0.799329184375 0.9554248578125 0.784599753125 0.84300355625 0.74304891875 0.8252965328125 0.7460730015625 0.7754665828125 0.7295485765625
4 0.5273131140625 0.6661163984375 0.5160550390624999 0.7132682906250001 0.5682480937500001 0.72488290625 0.5801643921874999 0.672611678125 0.573344871875 0.6717735765625 0.5621193250000001 0.6513264765625 0.5644141828125 0.6065398484375 0.55204120625 0.6084860640625 0.5273131140625 0.6661163984375
0 0.6006229515625 0.675125978125 0.6308719734375 0.6823103203125 0.633605646875 0.6341108015625 0.62106365 0.623902375 0.60891008125 0.6241421453125 0.6006229515625 0.675125978125
0 0.660833340625 0.6513242921875 0.6791482015625 0.6570419609375 0.6843636156249999 0.6299483593749999 0.674573153125 0.6252783187500001 0.664732303125 0.634469365625 0.660833340625 0.6513242921875
0 0.6848706796874999 0.6664122859375 0.701700071875 0.6702139828125 0.7126883484375 0.6386296234375 0.7011930078125 0.63375005625 0.6911327484374999 0.644647546875 0.6848706796874999 0.6664122859375
0 0.7284889453125001 0.6908403640625 0.73513944375 0.6795238218749999 0.73331593125 0.6532985671875 0.7175835796875 0.6409646453125 0.7037933796875 0.6808717046874999 0.7284889453125001 0.6908403640625
0 0.770384471875 0.661321009375 0.75547936875 0.65602239375 0.73513944375 0.6795238218749999 0.732725953125 0.6982947203125 0.7710605578124999 0.709939578125 0.7782002593749999 0.681349059375 0.770384471875 0.661321009375
0 0.8219193 0.6780549625 0.8001946765625 0.6719182453125 0.7796353421875 0.69712611875 0.7763442171875 0.7227227968750001 0.8315082140625 0.738169353125 0.8407916125 0.70637546875 0.8219193 0.6780549625
0 0.1190699515625 0.595143496875 0.0842458796875 0.5561955125 0.0254527171875 0.542036353125 0.0157684015625 0.54192479375 0.0185208984375 0.6365219984375 0.0304340546875 0.63798609375 0.0447995671875 0.6744197749999999 0.0672328015625 0.6615760703125 0.112606334375 0.6723525828125 0.129924928125 0.658880303125 0.1391579421875 0.6409475046875001 0.13991694062499999 0.60810599375 0.1190699515625 0.595143496875
0 0.984607734375 0.7461992093750001 0.9696034875 0.7551408890625 0.962294765625 0.771576765625 0.9617047875000001 0.81657291875 0.9756948796874999 0.8155188062500001 0.984607734375 0.7461992093750001
3 0.161339240625 0.6974092359374999 0.12388227031250001 0.678938596875 0.1159657078125 0.686632721875 0.043921934375 0.68124555625 0.0222495546875 0.7646675890625 0.0225298265625 0.7742999328125 0.085313590625 0.790337078125 0.1115954015625 0.77449953125 0.12864420000000001 0.7765947828125 0.1579652015625 0.8044659953125001 0.2435976265625 0.8253904500000001 0.2544168859375 0.781651446875 0.2591252359375 0.7180939203125 0.161339240625 0.6974092359374999
4 0.0904639515625 0.8984414624999999 0.02563411875 0.8809875 0.026974118749999998 0.9270403421875001 0.15007351875 0.9421689265625 0.164550646875 0.9283474359375001 0.0904639515625 0.8984414624999999
4 0.6361231078125 0.76269253125 0.6363929015625 0.747124996875 0.50538694375 0.7154240296875 0.5000528953125001 0.7165019 0.5095735640625 0.7367394734375 0.49863567187499996 0.7544627453125 0.50138720625 0.7600011328125 0.579372865625 0.773052178125 0.6177578578125 0.7708359515625001 0.6361231078125 0.76269253125
4 0.339883484375 0.9654960578124999 0.48974617499999995 0.9839137765625001 0.6659023421875 0.9777622687499999 0.6575307421875001 0.97333266875 0.5616690359375001 0.9511510624999999 0.5091379390624999 0.9152271640625 0.41822185312500004 0.8815194937499999 0.40628769374999996 0.8800528171875 0.39496137187499997 0.8873278921875001 0.3499941296875 0.9407374781250001 0.339883484375 0.9654960578124999
1 0.025135728125 0.746539771875 0.025455909375000002 0.7171111531250001 0.038318090625 0.6978909578125 0.03296618125 0.645230925 0.022129062499999998 0.6352320234375 0.0186019453125 0.6393073734375 0.021934621874999997 0.7538440546875 0.025135728125 0.746539771875