3 0.4921875 0.8625 0.490625 0.871875 0.5328125 0.8859375 0.5421875 0.903125 0.5671875 0.903125 0.6015625 0.9109375 0.6671875 0.921875 0.7578125 0.940625 0.8703125 0.965625 0.9984375 0.9984375 0.9984375 0.725 0.953125 0.7203125 0.93125 0.7 0.8671875 0.6984375 0.7390625 0.665625 0.7390625 0.715625 0.7984375 0.753125 0.75 0.775 0.621875 0.78125 0.4546875 0.7734375 0.45625 0.8609375 0.4921875 0.8625
3 0.04375 0.8296875 0.0671875 0.834375 0.3484375 0.8609375 0.4109375 0.8578125 0.4359375 0.8421875 0.4359375 0.775 0.4265625 0.765625 0.21197916718749998 0.7609375 0.1921875 0.7515625 0.1828125 0.7609375 0.125 0.7671875 0.0671875 0.7578125 0.003125 0.759375 0 0.8171875 0.0234375 0.8171875 0.0421875 0.8234375 0.04375 0.8296875
4 0.6828125 0.74375 0.6703125 0.7296875 0.6703125 0.68125 0.6546875 0.696875 0.646875 0.725 0.6328125 0.725 0.60625 0.7734375 0.6484375 0.778125 0.71875 0.771875 0.7859375 0.75625 0.6828125 0.74375
4 0.9328125 1 0.9453125 0.9953125 0.73125 0.94375 0.5359375 0.90625 0.46875 1 0.9328125 1
2 0.6453125 0.6421875 0.634375 0.6625 0.6375 0.7171875 0.6421875 0.71875 0.65 0.671875 0.6453125 0.6421875
0 0.9984375 0.71875 0.9984375 0.6390625 0.9703125 0.64375 0.953125 0.6703125 0.953125 0.7125 0.978125 0.709375 0.9875 0.7203125 0.9984375 0.71875
0 0.7640625 0.634375 0.75625 0.6390625 0.746875 0.6578125 0.765625 0.6640625 0.76875 0.640625 0.7640625 0.634375
0 0.778125 0.6359375 0.771875 0.6453125 0.7703125 0.66875 0.7859375 0.66875 0.79375 0.640625 0.778125 0.6359375
0 0.8234375 0.6515625 0.815625 0.6390625 0.8 0.6390625 0.790625 0.6546875 0.790625 0.678125 0.8140625 0.6796875 0.821875 0.6703125 0.8234375 0.6515625
0 0.828125 0.653125 0.825 0.6578125 0.821875 0.6859375 0.8609375 0.6890625 0.85 0.653125 0.828125 0.653125
0 0.871875 0.646875 0.8671875 0.653125 0.86875 0.684375 0.890625 0.6859375 0.8953125 0.65 0.871875 0.646875
0 0.9234375 0.6546875 0.903125 0.65625 0.8953125 0.6671875 0.8953125 0.690625 0.9390625 0.690625 0.9390625 0.6703125 0.9234375 0.6546875
0 0 0.7515625 0.0140625 0.753125 0.034375 0.740625 0.06875 0.740625 0.09375 0.7453125 0.1015625 0.7578125 0.1140625 0.7609375 0.1390625 0.7421875 0.171875 0.746875 0.1875 0.73125 0.19375 0.6890625 0.1828125 0.6375 0.15625 0.6265625 0.0953125 0.625 0.065625 0.63125 0.0296875 0.6640625 0 0.675 0 0.7515625