1 0.56571668125 0 0.649070846875 0.939510396875 0.6529009578125 0.963313834375 0.6993126078125 0.95843726875 0.612912709375 0.10474887968749999 0.6291164874999999 0 0.56571668125 0
1 0.6032135859375 0.47750109375000005 0.5867895062499999 0.46885285625 0.5838756921875 0.47434598906250003 0.596574059375 0.6545558203125 0.5935674750000001 0.7810880859375 0.613754578125 0.7927989156249999 0.621803403125 0.7867662359375001 0.6218299109375 0.7521836265624999 0.608505184375 0.4959639953125 0.6032135859375 0.47750109375000005
3 0.6980588640625001 0.6663694921875 0.6823141515625 0.6645658390625 0.6776754125 0.6875301265625 0.6832669359375 0.761289234375 0.7041201546875 0.79713595 0.708575796875 0.789751821875 0.6980588640625001 0.6663694921875
3 1 0.7082038234375 0.86286220625 0.68882006875 0.8520826593749999 0.6847657218750001 0.841486209375 0.66513121875 0.716887234375 0.6643911578125 0.7103802375 0.6685328421875 0.713750565625 0.7373383625 0.7224257453125 0.8073154828125 0.8800299359375 0.93944893125 1 0.9268434328125 1 0.7082038234375
1 0.548098015625 0.7063320609375 0.5470524609375 0.7306477953125 0.5405454625 0.73478948125 0.5479016703124999 0.739203521875 0.5521079531249999 0.8338560749999999 0.581587790625 0.97080685625 0.639894859375 0.9646804124999999 0.6422374203125 0.9229384859374999 0.633588746875 0.818378759375 0.6310278671875 0.8100028781249999 0.608959253125 0.7967607531249999 0.5935542234375 0.798379390625 0.5815857859375 0.782347025 0.591059609375 0.7035469890625 0.5830240375 0.6922883640624999 0.5667697984375 0.6853512765625001 0.548098015625 0.7063320609375
1 0.5265256734375 0.7155146734375 0.53730521875 0.7195690203125 0.5005158328125 0.261793909375 0.49502788437499995 0.27620246875 0.49788868906249995 0.33987455 0.5265256734375 0.7155146734375
1 0.55537715 0.5879958249999999 0.5736056703125 0.47542508124999994 0.5715675703125 0.45489133437499996 0.54375084375 0.34888765 0.516743565625 0.3033136078125 0.5232505625 0.2991719203125 0.5030767109375 0.27016978593749996 0.499300434375 0.284398496875 0.537581084375 0.5829497296875 0.5433291953125 0.6757112875 0.555990253125 0.6812969296875 0.55537715 0.5879958249999999
3 0.5614914515625 0.649597065625 0.5623274078125 0.6754441 0.593633740625 0.6946315640625 0.5928110375 0.651493228125 0.5614914515625 0.649597065625
1 0.3219877328125 0.7283609359375001 0.2987037203125 0.7377233999999999 0.28963584375 0.73348920625 0.27165668125 0.74402326875 0.259661740625 0.7625735140625001 0.2507637078125 0.760050465625 0.239108446875 0.7820230031250001 0.19869448125 0.8104752562499999 0.16873362812499998 0.8222682578124999 0.143921040625 0.8162304125000001 0.134826659375 0.846578828125 0.13771396875 0.8756683031250001 0.19843186875000002 0.9298032390625 0.2566021421875 0.95827099375 0.272191459375 0.9881759812500001 0.309349096875 0.9862286328125001 0.3543901859375 0.88056555 0.4304758046875 0.7584576609375 0.4546620375 0.688485709375 0.43840779999999996 0.6815486187500001 0.40656543593750005 0.6918103265625 0.3824189609375 0.709908365625 0.3392875265625 0.710982290625 0.3219877328125 0.7283609359375001
1 0.1749912671875 0.9201632546875 0.10572826875 0.8496362546875 0.058118545312500006 0.8578661562500001 0.07209346562499999 0.9986626734374999 0.26202173281249996 0.9887089546875 0.2610312796875 0.985469475 0.1749912671875 0.9201632546875
1 0.7164282734375 0.8165906046875 0.709241909375 0.8138877093750001 0.6885585359374999 0.7797521374999999 0.7047748078125 0.95786334375 0.878694884375 0.939589209375 0.7443245203125 0.8188464625 0.7277305968750001 0.8084870828125 0.7164282734375 0.8165906046875
0 0.6684774546875001 0.629710871875 0.6701626171874999 0.664113634375 0.6758071546875 0.6687075250000001 0.6763431843750001 0.639258353125 0.6684774546875001 0.629710871875
0 0.5579115234375001 0.6309543125 0.557728428125 0.646534471875 0.5698799609375 0.646986678125 0.5683513859375 0.6315863687500001 0.5579115234375001 0.6309543125
4 0.48943147031249995 0.6554395640624999 0.311199284375 0.98613166875 0.55966870625 0.9731099375 0.577631828125 0.971222515625 0.511853021875 0.6548126765625 0.48943147031249995 0.6554395640624999