0 0.6401064296875 0.7506799515625 0.6239331046875 0.756855896875 0.6071102875000001 0.754398759375 0.6006175359375 0.7654039359375 0.585419521875 0.8331975125 0.6014459203125 0.85603005 0.631963365625 0.8724409296875001 0.657595796875 0.865938934375 0.680100040625 0.8709335453125 0.7009369109375 0.8825151921875 0.7043312890625 0.896672125 0.7257878343749999 0.9032213515624999 0.7413414859375 0.9020778281249999 0.7736583203125 0.8760604296875 0.7746612953125 0.85400755625 0.7634751828125 0.8335896343750001 0.723277165625 0.8123495234375 0.7004918250000001 0.7748686250000001 0.681750353125 0.76017774375 0.6401064296875 0.7506799515625
0 0.3698787640625 0.706087615625 0.3208860390625 0.7006393906249999 0.29842651875000004 0.7161430390625 0.2757306265625 0.7196586578125 0.2656667515625 0.7318498796874999 0.2617123296875 0.750056378125 0.2710096015625 0.7719060625 0.3475683234375 0.7899187890625 0.3912480140625 0.7689763375 0.39266410625 0.7435685140625 0.3698787640625 0.706087615625
0 0.21882905625000001 0.75062343125 0.2129261625 0.7429306796875 0.20430819687500001 0.7433795859375001 0.1995275421875 0.7682959796875 0.2043678296875 0.7707105953125 0.21528775156250002 0.7654749828125 0.21882905625000001 0.75062343125
0 0.13796027500000002 0.6841671500000001 0.130317621875 0.7462336859375001 0.139585078125 0.7544178625 0.1698661484375 0.7588407109374999 0.17467661875 0.747589821875 0.17328818906250001 0.689327140625 0.16044961093750001 0.68232900625 0.14026223124999998 0.6793804406249999 0.13796027500000002 0.6841671500000001
3 0.9450634750000001 1 0.9572981234375 0.9006415437499999 0.94250615625 0.8955993843750001 0.9391117765624999 0.8814424515624999 0.9296377609375 0.8749357468750001 0.8924210078125 0.87120751875 0.8749487015625 0.8601172984375 0.875715303125 0.8260763921875001 0.837022825 0.8204249750000001 0.8276105953125 0.938585290625 0.90841974375 0.9777105625000001 0.9267485437499999 1 0.9450634750000001 1
0 0.8943098484374999 0.8697757578124999 0.93866884375 0.87113189375 0.9417672171874999 0.8459697859374999 0.9265670515625001 0.8164273515625 0.89292141875 0.811513075 0.882237871875 0.8287367203124999 0.8781067078125 0.8622862 0.8943098484374999 0.8697757578124999
0 0.9414435484375 0.8903212484375 0.957658840625 0.8977121312499999 0.9663479546874999 0.8271472187500001 0.964639853125 0.827111190625 0.9512114171875 0.8388109859374999 0.94513178125 0.8464612125000001 0.9414435484375 0.8903212484375
3 0.8039095734374999 0.8668177734375 0.7917503015625 0.882118228125 0.7801808890624999 0.8787207609375001 0.768021615625 0.894021215625 0.790953884375 0.9024936312499999 0.7907771421875001 0.917836609375 0.809725171875 0.9308500171875 0.824184246875 0.8134268453125 0.7743056578124999 0.787357503125 0.77392235625 0.80437795625 0.7684623968750001 0.8069957640625001 0.7754577109375 0.8336321546875001 0.8039095734374999 0.8668177734375
0 0.8367566359374999 0.7947714375 0.8346910546874999 0.811546178125 0.854258759375 0.819527165625 0.85567485 0.7941193421875 0.8445185531250001 0.7873669249999999 0.8367566359374999 0.7947714375
0 0.8628170921875 0.7917472484375 0.858449553125 0.8133086953124999 0.88011265625 0.8181804500000001 0.8792267921875 0.7975593359375 0.8628170921875 0.7917472484375
0 0.9436560578125001 0.8445380265625 0.9660122984375 0.8298731140625 0.9675614843749999 0.8172920593749999 0.957231421875 0.8038297468750001 0.9301083562500001 0.8015757984375 0.9206641578125 0.8087346015625 0.9436560578125001 0.8445380265625
0 0.7946697796875 0.7749630890625 0.79281075625 0.7900603546875 0.8026978859374999 0.7932121109375 0.8085411484374999 0.773573853125 0.7946697796875 0.7749630890625
3 0.232140384375 0.7815976250000001 0.3360287265625 0.8001868249999999 0.3307455078125 0.787461653125 0.268707646875 0.7766927703125 0.23630136249999997 0.7617136515625 0.232140384375 0.7815976250000001
3 0.5947167953125 0.8550471953125 0.5797530015625 0.8374927921875001 0.443664934375 0.8022469984375 0.44033018593750006 0.8154210781250001 0.44667601250000005 0.8334243859375 0.5400575515625 0.8538942515624999 0.5947167953125 0.8550471953125
4 0.7078885953125 1 0.7097555953125 0.9499744453125001 0.728149421875 0.9257656531249999 0.75863705 0.9285110265625001 0.781746059375 0.9216404640625001 0.7901276515625 0.9092035265625 0.7880024375 0.89864725625 0.76108593125 0.8947158359375 0.7302150046875 0.9089909125 0.7051873390625001 0.9036277343749999 0.684763584375 0.8886911390625001 0.6477533890625 0.8832854359375 0.577900075 1 0.7078885953125 1