4 0.4153848203125 0.7657069515625 0.3987680265625 0.7924747156249999 0.3858893796875 0.8469225890625 0.369642003125 0.839737325 0.345366040625 0.8434218187500001 0.3459238296875 0.8230931421875001 0.304092871875 0.81602450625 0.3102578828125 0.8372159921875 0.3207151625 0.8351580437499999 0.33136081875 0.8467244453125 0.3268820078125 0.8716499640625001 0.25873046875 0.947904453125 0.2549284875 0.9542165921875 0.5072248953125 0.986596478125 0.5116850281249999 0.9864667015625 0.542360859375 0.6970020375 0.53283628125 0.6906795796874999 0.54142265625 0.6594811421875 0.5143449140625 0.6577059890625 0.5158409078124999 0.67489820625 0.48334981718750003 0.69112854375 0.4551564984375 0.7300107453125 0.4153848203125 0.7657069515625
2 0.416681440625 0.6774722140625 0.42881758750000004 0.6603295328125001 0.4396442859375 0.624318553125 0.439263871875 0.5664689796875 0.42357245 0.523654603125 0.4093806890625 0.5286333140624999 0.3858563875 0.5715147828125 0.356006196875 0.8090869203125 0.354142621875 0.8411481671875001 0.3617999578125 0.8489310031249999 0.38831624374999996 0.8404339656250001 0.416681440625 0.6774722140625
0 1 0.7310272640625 0.988677225 0.730482265625 0.9776639875 0.7681693265625 0.966288665625 0.9010111515625001 0.9489427015624999 0.9737438031250001 0.973616090625 0.9730258812500001 1 0.7359647125000001 1 0.7310272640625
0 0.7838257 0.7636922578124999 0.771512175 0.8590131875000001 0.77469803125 0.9529232765625 0.789080003125 0.9768693531249999 0.7974835031249999 0.9779478640624999 0.8165289906250001 0.9599919109374999 0.830503353125 0.9771900359375 0.8949448140625 0.97531498125 0.8992527062500001 0.936608284375 0.893833859375 0.908712475 0.9214492249999999 0.7218541796875 0.920699396875 0.6979576375 0.9093057453125001 0.6777951265625 0.8926852875 0.6739620234375 0.8254591187500001 0.6806343703125 0.7838257 0.7636922578124999
3 0.65010853125 0.6785300249999999 0.65384118125 0.660308834375 0.6471183796875 0.6594460265625 0.635735728125 0.7310861156249999 0.6405931203125 0.7487097375 0.7166123640625 0.877467640625 0.7421996125 0.907951878125 0.7670370296875 0.914539571875 0.7735622921875 0.8252758609375 0.7849449453124999 0.7536357687499999 0.7939062328125 0.734385603125 0.77000151875 0.7194175015625001 0.7466582609375 0.714721590625 0.749083290625 0.692932534375 0.734703153125 0.6842868890625 0.702956396875 0.6785124671875 0.6839109046875 0.696468421875 0.6573927875 0.6896650234374999 0.65010853125 0.6785300249999999
3 0.603979803125 0.6488095265625 0.5976337515625 0.6751954234374999 0.6178021515625 0.6777838484375 0.62097334375 0.649290465625 0.603979803125 0.6488095265625
0 0.6951088515625 0.6418048453125 0.6700848921875 0.63689323125 0.6637370078125 0.6479786937500001 0.65776586875 0.6863128625 0.697543046875 0.69651795625 0.7027680203125 0.6648881140625 0.6951088515625 0.6418048453125
0 0.786248896875 0.7266027671875 0.80660200625 0.712214678125 0.8187363203125001 0.6797715609375 0.7972603015625 0.6736152718749999 0.796137390625 0.6530708921875 0.7832514125000001 0.64631703125 0.7558042578124999 0.6784949078125 0.7518869015625 0.7136926140625001 0.7584231609375001 0.71623150625 0.7681324468749999 0.705577446875 0.779526096875 0.7257399578125 0.786248896875 0.7266027671875
0 0.5838077390625 0.6156202328125 0.579515465625 0.6388696687500001 0.5892265859375 0.64351604375 0.593705396875 0.6185905265625 0.5838077390625 0.6156202328125
0 0.6082739078125 0.6408605234375 0.6200388078125 0.6423704390625 0.626384859375 0.6159845421875 0.6217158406250001 0.611985271875 0.61200655625 0.62263933125 0.6082739078125 0.6408605234375
4 0.1856958765625 0.79232925 0.17635967187499998 0.79963114375 0.18233630781250001 0.8071982765625 0.33397605625 0.853860175 0.34816598593750003 0.833581034375 0.336026171875 0.8201228484374999 0.27682675625000003 0.800625003125 0.2084776796875 0.7867529703125 0.1856958765625 0.79232925