3 0.6578773890625 0.8480805 0.6664884296875 0.8325756359375 0.68898048125 0.7176958546875001 0.6543813484375 0.7116117953125001 0.6215733140624999 0.6927051640624999 0.6129622765625 0.708210028125 0.60557399375 0.7611031296874999 0.6578773890625 0.8480805
3 0.72907339375 0.9382307375 0.73340474375 0.941828890625 0.7625491656250001 0.98143868125 0.915281253125 0.977883803125 0.9430214265625001 0.77929045 0.8467174 0.7419993171875 0.8103013375 0.7373872421875001 0.73159648125 0.7471352718750001 0.70761470625 0.9072865609375 0.710430503125 0.944805634375 0.714761853125 0.9484037890625 0.72907339375 0.9382307375
3 0.8069688562499999 0.772780146875 0.8388296828125 0.775396890625 0.827652565625 0.7631304437499999 0.81286741875 0.765158553125 0.8089838437499999 0.7583547562499999 0.8069688562499999 0.772780146875
3 0.6306407093749999 0.7777527531249999 0.64363475625 0.7885472140625 0.6393550671875 0.80765023125 0.64527945625 0.8113792234374999 0.652099396875 0.8086969296875001 0.655707425 0.7944023765625 0.6732308765624999 0.795841584375 0.6511263578125 0.78105645625 0.6306407093749999 0.7777527531249999
3 0.777596621875 0.7638829578124999 0.76141649375 0.7528268203125 0.7377447593750001 0.7492614421875 0.7320700859375 0.755280215625 0.74324720625 0.7675466609375 0.7669189375000001 0.7711120390625 0.777596621875 0.7638829578124999
3 0.5648007500000001 0.7415423140625 0.5964376890625 0.7457618781249999 0.605617071875 0.6800462078125 0.5967304859375 0.6744527203125 0.5712676546875 0.6837099109375 0.5648007500000001 0.7415423140625
4 0.4808173375 0.731402303125 0.4714571484375 0.7176638734375 0.4634919421875 0.7170096874999999 0.4412926828125 0.760580309375 0.3727746578125 0.847361821875 0.3550531453125 0.8588760203125 0.33942411093749997 0.8900165843750001 0.301044721875 0.922531071875 0.28245349062499997 0.9518071406249999 0.25818651406250004 0.9741322234374999 0.43887533906250004 0.9889722734375 0.4874143234375 0.9878425156249999 0.495516328125 0.8914880406249999 0.491830809375 0.8717308375 0.49703187968749996 0.8575671187499999 0.490857771875 0.8440903640625 0.5059615421875 0.7821036828125 0.5044890703125 0.73496768125 0.49149502343749996 0.7241732171875 0.4808173375 0.731402303125
3 0.5037140890625 0.6943737999999999 0.473497965625 0.7145890671874999 0.45505313125 0.7082105578125 0.45074761093750004 0.715962990625 0.4566720015625 0.71969198125 0.5304255062500001 0.7338554328125 0.5418006828124999 0.7331684703125 0.5467778640625001 0.7206075750000001 0.5471998078125 0.7060513484375 0.5037140890625 0.6943737999999999
3 0.6117911781250001 0.6935229625 0.6037570640625 0.7625751140625 0.6197133078125 0.7752340703125 0.6565513140625 0.76528991875 0.6779583421875001 0.7735329234375 0.68942825625 0.7144902125 0.656198278125 0.7101398109375 0.617241965625 0.689107009375 0.6117911781250001 0.6935229625
0 0.7642495375 0.6979383859375 0.743987775 0.6930318609375 0.73945836875 0.7023871140625 0.7327159171875001 0.7391211656250001 0.7636811953125 0.74814919375 0.7720425171875 0.7228965656249999 0.7642495375 0.6979383859375
0 0.5434884624999999 0.6749435593750001 0.5569302828125 0.682532378125 0.5659632671875 0.652471284375 0.5593413843749999 0.6422001734375 0.5495592499999999 0.6430179703125 0.5434884624999999 0.6749435593750001
0 0.647458090625 0.6688917437499999 0.6372023515625 0.6615646 0.630382409375 0.66424689375 0.6210997093749999 0.6845602203125 0.640689809375 0.6942752109375 0.646140596875 0.6898592578125 0.647458090625 0.6688917437499999
0 0.68091195625 0.671639325 0.6597546453125 0.673144084375 0.65500135 0.684102159375 0.65368385625 0.705069671875 0.6835038671875 0.7107612203125 0.6925885093749999 0.7034013015625 0.68091195625 0.671639325