3 0.9230783828125 1 0.9340192500000001 0.92234321875 0.9241001953125 0.9323821734375001 0.9065402140625001 0.9362902406250001 0.8951361140625 0.9327237937499999 0.8808472921874999 0.9134136156249999 0.84260895625 0.9071444671875 0.8146064484375 0.9127339937500001 0.7957703703125001 0.877407515625 0.7525444234374999 0.8703206484375 0.7405921453125 0.8344260109375 0.7265908921875 0.8372207765624999 0.710639534375 0.8176380265625 0.659568215625 0.805871409375 0.637901328125 0.7785645890625 0.6165489671875 0.7852444046875 0.612810496875 0.8117795421875 0.6780448109375 0.8920415546875 0.732863553125 0.9858667249999999 0.744303375 1 0.9230783828125 1
4 0.7408579234375 1 0.711430321875 0.9569014593749999 0.5947652078125001 0.91571649375 0.5882941875000001 1 0.7408579234375 1
4 0.5270803546875 1 0.5258104296874999 0.7652776218749999 0.49515685468750004 0.7534649734375 0.324892809375 1 0.5270803546875 1
0 0.761585025 0.8785898640625 0.7701313625 0.8782942765625 0.7767545499999999 0.8675028703125 0.788625959375 0.867752428125 0.8055119328125 0.8807013921875001 0.8153074109375 0.9077586546875 0.8366597734375001 0.9010788406250001 0.8796520640625 0.909824153125 0.9051113328125 0.9343592234375 0.9193462406249999 0.9299060140625001 0.9318916546875 0.9132985390625 0.93724173125 0.8994704828125 0.9391304359375001 0.8860647125 0.9336261046875001 0.8406225015625 0.8729120937499999 0.764495096875 0.8206455453125001 0.749139015625 0.7950065390625001 0.7500257765625 0.7684598703125001 0.769428015625 0.7509538015625 0.7970994703125001 0.729340828125 0.7935560359375 0.7232388624999999 0.8247939390625 0.7524905109375 0.8465572625 0.761585025 0.8785898640625
0 0.681414840625 0.8077563968750001 0.7132366875 0.8112768140625001 0.7259618437500001 0.7692475046875 0.7095162203125 0.7410999546875 0.6767328 0.7323316281250001 0.6540863406249999 0.79648889375 0.6714126671875 0.794239271875 0.681414840625 0.8077563968750001
0 0.728954390625 0.832518009375 0.7448518359375 0.8283373718749999 0.7510346718750001 0.8327445499999999 0.76464053125 0.7603180703125 0.7480151687500001 0.757592353125 0.72811864375 0.7780848796875001 0.7230052078125 0.826452384375 0.728954390625 0.832518009375
1 0.5826290140625 1 0.58297466875 0.95111201875 0.6489460375 0.5190753328125 0.64509974375 0.4980836953125 0.6358524421875 0.50335461875 0.6243225171875 0.548973390625 0.5621165734375 0.9663566359375 0.5531526921875 1 0.5826290140625 1
0 0.6267039249999999 0.7614580015625 0.652369890625 0.7724529343750001 0.6719788453125 0.729855465625 0.655820790625 0.72381285625 0.6342347734375 0.7321511171874999 0.6267039249999999 0.7614580015625
3 0.49515685468750004 0.7534649734375 0.550982128125 0.76770775 0.5552148609375 0.7497374171875 0.47372362343749996 0.72449970625 0.4732832703125 0.7396982921874999 0.49515685468750004 0.7534649734375
1 0.40413074687500006 0.7113932468749999 0.402342384375 0.7603058953125 0.44148838125 0.74805956875 0.44426527499999996 0.716276521875 0.40413074687500006 0.7113932468749999
4 0.5231054484375 0.724112059375 0.5034156234375 0.7310644453124999 0.5271853984375 0.74344525 0.5231054484375 0.724112059375
1 0.3210998 1 0.4684034890625 0.7864073515625 0.474739109375 0.7535110031250001 0.4567118203125 0.7607359625 0.4270198203125 0.7541712234375 0.39974523125 0.7666671078125 0.328624603125 0.8126965453125001 0.2738148171875 0.8274650640625 0.2325659328125 0.8546374046875 0.2190859 0.8778786625 0.18565543281250002 0.8978490640624999 0.1730561015625 0.8906931484375 0.13294853281250002 0.8976915671875 0.096920909375 0.9240231781249999 0.0603720671875 0.9299082921874999 0.03977458125 0.95537615625 0.038364953125000004 0.9619320625000001 0.27055823125 1 0.3210998 1
1 0.6441739906249999 0.9272105375 0.7085725578125001 0.9530394234375 0.665418525 0.8730039484375001 0.637595759375 0.8531716453125 0.6197212546875 0.8230930765625001 0.6102133453125 0.818140753125 0.6018017921875 0.8778448093750001 0.6441739906249999 0.9272105375
1 0.3153243140625 0.810515971875 0.340963321875 0.8096292093749999 0.396186503125 0.7677804109374999 0.4020817734375 0.7500826468749999 0.3984960890625 0.7393142562499999 0.38852087343749997 0.7376788265625 0.352672990625 0.738588603125 0.316852065625 0.7513800734375 0.2840686484375 0.7426117484375 0.2515727953125 0.7559483625000001 0.135042465625 0.774171865625 0.1186777125 0.7816693953125 0.0742834953125 0.7828747593750001 0.0396577984375 0.7992556953125 0.037950304687500006 0.8838134234374999 0.0031179109375 0.913734496875 0.002003553125 0.9457901156249999 0.0105768453125 0.9573762218749999 0.0388130078125 0.9501282468750001 0.0556181109375 0.92743213125 0.0738790546875 0.9185487265625 0.0942968 0.9185026953125 0.13531203125 0.892988803125 0.185161165625 0.8892842609375 0.2086433734375 0.879560125 0.21978686249999999 0.8729033265625 0.23113705 0.8527063859374999 0.27048974531250003 0.8269199203125 0.30560970625 0.8191037874999999 0.3153243140625 0.810515971875
1 0.673902084375 0.42645191406249994 0.66062875 0.436153034375 0.6425745046875 0.4314962984375 0.62758471875 0.4171614578125 0.5719930984375 0.401260234375 0.5585489796875 0.5449768765624999 0.5768638359375 0.559856859375 0.5944238171875 0.5559487937500001 0.6133587671875 0.5302083578125 0.6520644124999999 0.5331606156250001 0.648820209375 0.5682605546875 0.661886846875 0.5720995734375001 0.7133985171874999 0.5686676046875 0.7375816875 0.55396813125 0.7563368953125 0.553649528125 0.7704909343749999 0.5135512375 0.785687415625 0.5143459375 0.8065455140625 0.4991013203125 0.8570147406249999 0.4547763625 0.8719236531250001 0.4334661203125 0.673902084375 0.42645191406249994
1 0 0.9143879640625 0.009246834375 0.8943782875 0.0296376234375 0.882450565625 0.0262316796875 0.8462603390625001 0.033708615625 0.79319006875 0.052382954687500004 0.7572263859375 0.06003963125 0.67873428125 0.069493628125 0.6599232171875 0.07367244843750001 0.6181894953125 0.086424559375 0.5880418796875 0.1011986921875 0.5073231703125 0.110023640625 0.4205388359375 0.10931372343750001 0.316920484375 0.11494838125 0.288999475 0.1298572953125 0.26768923437500003 0.11980120624999999 0.230408721875 0.13135809062499998 0.1966716421875 0.11748266562500001 0.1502811859375 0.130827915625 0.06763145937500001 0.11963051250000001 0.050524871875 0.11718614218750001 0.01958255625 0.10411950625 0.0157435359375 0.099959909375 0.0058220015625 0.0497979765625 0.0029004015625 0 0.35635964531250003 0 0.9143879640625