3 1 0.6515334546875 0.8944054765624999 0.64339245 0.8697886734375 0.6751199234375 0.8204059921875 0.6803827890624999 0.8108659125000001 0.67007821875 0.803050715625 0.6745007859375 0.795916953125 0.6705116359375001 0.7826289828124999 0.6424372078125 0.8031784937499999 0.7609707375 1 0.894727765625 1 0.6515334546875
1 0.7391662718750001 0.7267047375 0.7312658937500001 0.71617019375 0.6642723937499999 0.6706797296875 0.6501965203125 0.6643377796875 0.642764628125 0.672033040625 0.6325431171875 0.6701401859375 0.6286035734375 0.6507339812499999 0.595617903125 0.6536971078125 0.6171682656249999 0.7238566421875 0.6824368984375 0.8826885546875 0.6936166781249999 0.8927631484375 0.7098366125 0.9503644671875 0.9948425109375 0.9103913984374999 0.9912330390624999 0.9009182687499999 0.9527745953125001 0.8713844046875 0.9390820296875001 0.8683151499999999 0.8096308249999999 0.773371603125 0.8010490140625001 0.771248775 0.8066282578124999 0.7904250078125 0.7949374078125 0.81867634375 0.7544346640625 0.8143776234375 0.742871578125 0.80103033125 0.7391662718750001 0.7267047375
1 0.29949444375 0 0.2952402375 0.0005966671875000001 0.3118643953125 0.0381825515625 0.29891714999999996 0.069936559375 0.304879703125 0.0923854859375 0.3126949015625 0.0879629203125 0.32097858437500004 0.101770159375 0.339398603125 0.1025131453125 0.3399735625 0.107422190625 0.3441260515625 0.10018687500000001 0.3847352671875 0.0911648359375 0.41026775468750004 0.1241748390625 0.43967589843750005 0.133356071875 0.46552780625 0.12640379531249998 0.5415077140625 0.1490119140625 0.563100659375 0.1626157125 0.5815206765625 0.163358696875 0.58767488125 0.187443975 0.6014526296875 0.20547033906249998 0.6378454812500001 0.2885172171875 0.6493872781250001 0.3301423765625 0.70004765625 0.42116755625 0.7348221140625 0.6042351218750001 0.7496220359375 0.8017467828125 0.793595834375 0.8072219046875 0.7986214078125 0.7932112234375001 0.778284840625 0.648036175 0.7749841328125 0.5487054078125 0.7764960546874999 0.46200548125 0.7899543703125 0.3919255421875 0.795938196875 0.258028021875 0.8251546718749999 0.137504325 0.8421479328125001 0.1118357640625 0.8517944843749999 0.10881957187499999 0.8479827046875 0.0478147390625 0.8644882125000001 0 0.29949444375 0
0 0.792744021875 0.6576508234375 0.80102770625 0.6714580609375 0.81212230625 0.6665755484375 0.8233020859375 0.67665014375 0.8507936953125 0.66946789375 0.8781788296874999 0.6756064046875 0.8843543265625 0.6714138125 0.8881235078125 0.6609058015625 0.8828423875 0.63004515625 0.8523907968750001 0.5977250765625 0.8352271734375 0.5934794203125 0.8040728578125 0.5978489203125 0.7968326218749999 0.60718053125 0.7889109515625 0.6249238578125 0.792744021875 0.6576508234375
3 0.7289021609375 0.6532990390625 0.6782843796875 0.6337867046875 0.6586079703125 0.636546390625 0.652432471875 0.64073898125 0.660034725 0.6629579375 0.7356100359375 0.7105712265624999 0.7289021609375 0.6532990390625
1 0.6159970375 0.6142478390624999 0.6198301093749999 0.6469748046875 0.6234076375 0.6348304453125 0.6211077953124999 0.615194265625 0.6159970375 0.6142478390624999
1 0.632521809375 0.570349475 0.6389102671875 0.6675839453125 0.64406360625 0.6119746328125 0.6389954328125 0.5544724703125 0.632521809375 0.570349475
0 0.71608268125 0.6434544171875001 0.73469435 0.64583375 0.7299030125 0.6049250421875 0.7213212 0.6028022156249999 0.71608268125 0.6434544171875001
0 0.6510057171875 0.6143274359374999 0.6529222515625001 0.6306909187499999 0.6722153546875 0.6246585359375 0.6602689625 0.608038546875 0.6510057171875 0.6143274359374999
0 0.719000065625 0.611443903125 0.7178501453125 0.6016258140625 0.7014531359375 0.6039255515625 0.6913168062499999 0.6169898078125 0.6926583796875 0.62844424375 0.706350946875 0.6315135 0.719000065625 0.611443903125
4 0.6571173546875 0.8230370296875 0.6383566140625 0.7624656125 0.614655478125 0.7308619828125 0.544063159375 0.725793746875 0.5288160734375 0.737911575 0.5112265593750001 0.786948959375 0.3670180640625 0.82214375625 0.34925819062499996 0.8412669234375001 0.4515797859375 0.8468747046875 0.5331815203125 0.8321033203124999 0.5767720109375001 0.8343057437500001 0.6571173546875 0.8230370296875
4 0.547747159375 0.7003286265625001 0.5484073031250001 0.7201947796875 0.5736629546875001 0.7366113265625 0.61648683125 0.7322683578125 0.5997491 0.6747396625000001 0.5776876671875 0.6429060578125 0.5694891625 0.6440559265625 0.5597361375000001 0.6603928796874999 0.547747159375 0.7003286265625001
4 0.5018355515625 0.8348364734375 0.48986786562500007 0.8464943546875 0.45901168906249995 0.9672480234374999 0.45787532343750004 0.9775286812499999 0.5509274984375 0.9726520234375 0.6988765046875 0.9519016609375001 0.694085165625 0.9109929546875 0.664826078125 0.831935225 0.6571173546875 0.8230370296875 0.6368659828125 0.8208876703125 0.578603365625 0.8357121187500001 0.5647191453125 0.8310065156249999 0.5018355515625 0.8348364734375
1 0.40982065 0.8460786546874999 0.343657653125 0.8503685609374999 0.25130204375 0.9298508906249999 0.20018086875000002 0.9910338765625 0.4483261984375 0.9780291296874999 0.4780918328125 0.8597885812499999 0.40982065 0.8460786546874999
1 0.397895546875 0.801180796875 0.3975974203125 0.8128652093750001 0.5134412203125 0.791628028125 0.5330537421875 0.7456333671875 0.5331602156249999 0.7323126078125 0.4860134875 0.713976675 0.471447834375 0.7176827859375 0.41043819218750005 0.7944319640625 0.397895546875 0.801180796875
1 0.49440364531250003 0.714463153125 0.542721584375 0.7143393078125 0.55935283125 0.6571201828125 0.54218920625 0.6528745265625 0.5232794109375 0.6621796046874999 0.5044547968749999 0.686441790625 0.4903576296875 0.7083777078125 0.49440364531250003 0.714463153125
1 0.44815129843749996 0.6610739859375 0.44112400625000003 0.6437640765625 0.42934797343750003 0.657058303125 0.41652849375 0.6472136828124999 0.38411778124999996 0.655085853125 0.400152790625 0.7493041328125 0.3963836078125 0.75981214375 0.4174015953125 0.768506896875 0.45513600624999995 0.73493963125 0.46305767500000006 0.71719630625 0.44815129843749996 0.6610739859375
1 0.3199777953125 0.66241848125 0.30560379375 0.6677609421875 0.294998975 0.6625953921875001 0.282669275 0.6427027062499999 0.274747603125 0.66044603125 0.1178261 0.6724754500000001 0.1099257234375 0.6619409046875 0.10230216249999999 0.5399312375 0.09365646250000001 0.4945734328125 0.0423572484375 0.4834728140625 0.014213375 0.4884820109375 0.0147314859375 0.5062883499999999 0.022084584375 0.5096013234375001 0.028153609375 0.5187294921875 0.023979829687500002 0.5542426734375 0.027455153125 0.6266046515625 0.070931440625 0.9978075515624999 0.1833544 0.9919157140625 0.2526649078125 0.9130274609375 0.27321440468749997 0.903492409375 0.2905909734375 0.88109654375 0.3212768015625 0.8584972359374999 0.33392592187500003 0.83842764375 0.33858948125 0.7928663968749999 0.324982078125 0.6766856703124999 0.3199777953125 0.66241848125