4 0.5597403140625 1 0.5584912640625 0.67252540625 0.547226171875 0.6716058453125 0.32786458125 1 0.5597403140625 1
1 0.8519583000000001 1 0.817917740625 0.9674859687499999 0.711900659375 0.8373301984375001 0.6902900359374999 0.8242259828125 0.6593848078125 0.786062721875 0.6315012624999999 0.7902666968750001 0.6315668125 0.7497714921874999 0.5963920593750001 0.7242198906249999 0.5851269671875 0.723300328125 0.5636806156249999 0.7280297671875 0.5615787625 0.7537785515625 0.5607908312500001 0.84281545625 0.5735014796875 0.9847949546875 0.5706058656249999 1 0.8519583000000001 1
3 0.9310315328125001 1 0.9482704265624999 0.81936438125 0.9010423843750001 0.8025490124999999 0.8905325796874999 0.7725307031249999 0.8639626937499999 0.7606416890625 0.78159280625 0.7377176734375 0.7665836515625 0.742972575 0.762576859375 0.7523656359374999 0.72664681875 0.7559127812499999 0.6874652718750001 0.7397542421875001 0.6889102968749999 0.722051953125 0.6785647640625 0.7098673 0.66059974375 0.711640871875 0.6557392046875 0.7711849328125 0.7040839890624999 0.8140118187500001 0.8759250921874999 1 0.9310315328125001 1
0 0.9519813140625001 0.7143658515625 0.94180005625 0.72001485 0.9051147281249999 0.7526607453125 0.9046550812499999 0.7979838484374999 0.949058621875 0.8097085890625 0.9613743765624999 0.7183726453125 0.9519813140625001 0.7143658515625
0 0.6922931671875 0.7401483390625 0.7558769296875 0.7550587703125 0.7646787125000001 0.726616853125 0.7509503093750001 0.6963358109375 0.732558284375 0.6834943296875 0.7014561390625 0.687435571875 0.6934425531249999 0.7062216968749999 0.6922931671875 0.7401483390625
1 0.66082850625 0.37145486875 0.670123109375 0.3965139140625 0.668382709375 0.47737296249999994 0.6368546234375 0.7842235984375 0.6452952171875 0.7800525328125001 0.6503529375 0.757785078125 0.6683174265625 0.597249278125 0.676725109375 0.5736352578125 0.6802390828125 0.510741234375 0.6972842765625 0.44085164062500004 0.7067757968749999 0.4238061796875 0.7028674625 0.412146990625 0.710618315625 0.396579465625 0.7225402375 0.3894525328125 0.7168912375 0.3792712734375 0.717252428125 0.355000425 0.7371221218749999 0.290201459375 0.7314731203125 0.2800202015625 0.736399475 0.2593620484375 0.7510800828125 0.21843983749999998 0.7407016421875 0.186812228125 0.7421466671875 0.1691099390625 0.752196559375 0.1650702390625 0.743854425 0.148189053125 0.7465146500000001 0.135446028125 0.7532145796874999 0.13275289375 0.7521307453125 0.12618432968749999 0.735085284375 0.11669281093749999 0.7356107484375001 0.11025561718750002 0.7441498 0.085032296875 0.7594216859375 0.07655879374999999 0.7482879578125 0.074029934375 0.7490761546875 0.06437414062499999 0.7359061234375 0.0470988578125 0.736300221875 0.042270960937500004 0.6413515828125 0.034520371875 0.639085453125 0.0424355 0.6477564015625 0.174365109375 0.6365244828125001 0.27226961250000004 0.64256758125 0.277622975 0.6336015234375 0.2882312359375 0.6340285296875 0.30284629375 0.6364589328125 0.31276481875 0.6515994515625 0.30590061875 0.6687762765625 0.31378283749999997 0.66082850625 0.37145486875
1 0.4818035515625 0.7586067125 0.5156643796875 0.7208701921875 0.5327753890625 0.6898665046875 0.5028555390625 0.6793240578125 0.486237084375 0.6844475937500001 0.4770082984375 0.69827445625 0.4714580203125 0.7464220593750001 0.4818035515625 0.7586067125
1 0.5696576328125 0.6151161078125 0.5601663796875 0.711542678125 0.564862909375 0.713546075 0.5787550546875 0.6028985453125 0.5696576328125 0.6151161078125
0 0.64348846875 0.66326344375 0.6291361453125 0.660471853125 0.62043281875 0.6678615171875 0.6180682328125 0.6968288984375001 0.638332290625 0.7065831515625 0.6440797500000001 0.6957121546875 0.64348846875 0.66326344375
0 0.74165570625 0.6712767671875 0.737517546875 0.682279125 0.7623796765625 0.7150890296875 0.7671091156250001 0.7365353781249999 0.7751556109375 0.7371922093750001 0.78661761875 0.6960072640625 0.78162545 0.6777795109375 0.77249511875 0.670554121875 0.74165570625 0.6712767671875
1 0.3221118015625 1 0.3298405078125 0.9730051953125001 0.3481996265625 0.9664037265625 0.35808524531249997 0.9445303703124999 0.370007165625 0.9374034375000001 0.3988758234375 0.8814391640625001 0.424033328125 0.8510923078125 0.4436731984375 0.80895489375 0.47109683125 0.770692909375 0.4500116703125 0.7511514984375001 0.4308314484375 0.7479658078125 0.42689020468749994 0.7168636625 0.41884370937500004 0.716206834375 0.41493537500000005 0.7045476421875 0.3972330859375 0.7031026171875 0.38636235625 0.776736271875 0.34547331875 0.8608797328125 0.3232387734375 0.875264965625 0.3090178140625 0.8708640734375 0.28517397031249997 0.8851179390624999 0.2877357375 0.8934271671875 0.27581381562499996 0.9005541015625 0.263070790625 0.8978938734374999 0.2445803046875 0.9061046421875 0.21206604375000002 0.947191128125 0.200406853125 0.9510994625 0.1708484578125 0.9956672796875001 0.17088836875 1 0.3221118015625 1
1 0 0.6107988390625 0.006862910937499999 0.6031960453125 0.027094059375 0.5935073421875 0.042398853125000004 0.604476796875 0.06558586875 0.5982694234375 0.079412728125 0.6074982125 0.092549853125 0.6053305421874999 0.1018115484375 0.6109466343750001 0.1327167765625 0.6491098953125001 0.1453284359375 0.6533794203125 0.181258478125 0.649832275 0.202869103125 0.662936490625 0.21216370625 0.6879955359375 0.2031321 0.73909900625 0.1965635375 0.7401828421875 0.18930550156249998 0.8092513296874999 0.218568525 0.8278402734375 0.2282901328125 0.8675143765625 0.24737189843750002 0.8917523171875 0.28770283124999996 0.8739842140625 0.29719435 0.8569387546874999 0.33420822499999997 0.859960171875 0.344652215625 0.851092571875 0.3820599234375 0.769904978125 0.399827496875 0.651473684375 0.4545436625 0.6559401265625 0.450963871875 0.6799482453125 0.46400253906250005 0.6988328265625 0.47605582812499997 0.6900965953125 0.48620417656250003 0.6650046421875 0.49451340312500003 0.662442871875 0.4989472015625 0.66766486875 0.505220125 0.6503566765625 0.5068291578124999 0.5711069296875 0.4976001046875 0.5055526765625 0.46446165468749995 0.4947474984375 0.44288394062499997 0.5010862375 0.4273164140625 0.49333538125 0.41749634531249996 0.47471353125000004 0.41621479843750003 0.2721061359375 0.422356353125 0.25640724531250003 0.42807063906250004 0.14671218125000002 0.43394946250000005 0.1342318890625 0.437535925 0.0203785625 0.0171556125 0.0007990359375000001 0 0.21096395625 0 0.6107988390625
1 0 0.941563684375 0.0227271375 0.9446957062499999 0.0327770296875 0.9406560046875001 0.038163296875 0.9540558609374999 0.0591497359375 0.9152684109375 0.0644372796875 0.87033940625 0.0833218609375 0.8573007421875 0.09534224218750001 0.8291215546874999 0.13005708124999998 0.820615146875 0.15738225625 0.8034054140625001 0.16861417343750001 0.705500909375 0.15032060625000002 0.6716071718750001 0.08759059062499999 0.60654574375 0.072581434375 0.6118006453125 0.021215234375 0.6059876375 0.00620608125 0.6112425390625 0 0.619084821875 0 0.941563684375
1 0.14625050312500001 0.9985194312499999 0.15620049375 0.97665133125 0.1886162984375 0.9566170968750001 0.1972538046875 0.910341525 0.074363640625 0.9926513578125 0.14625050312500001 0.9985194312499999