4 0.765704409375 1 0.7019007328125 0.9568088859375001 0.6000447703125 0.9066615546874999 0.43550869218750005 0.8471815078124999 0.331475165625 0.8147690187500001 0.29238504375 0.8132424859375 0.2837870203125 0.8432815109374999 0.21222519687500002 0.826312 0 0.7862031453125 0 0.8203974265625 0.15064918124999999 0.861302103125 0.23954992812499998 0.8836736953125 0.27968700156250004 0.9033309921875 0.288003403125 0.9289005906250001 0.27479513906249997 0.96982950625 0.255335478125 0.9936251984375 0.307254071875 1 0.765704409375 1
3 0.76513750625 1 0.7846320015625 0.8294955609375 0.769895140625 0.816230146875 0.7629930359375 0.7924707671875 0.7541113296875 0.784833971875 0.7568827734375 0.7622623546875 0.749811284375 0.7532112609375 0.728851928125 0.7506377750000001 0.7254008734374999 0.7387580859375 0.6721677734375 0.7191293625 0.56734240625 0.6931659078125 0.545195284375 0.7002659718750001 0.557301509375 0.7082986890625 0.5716710234375 0.7378846453125 0.5229359265625 0.7482663765625001 0.4423230078125 0.7383683546875 0.4140391125 0.7954484296875 0.41044725 0.8113730515625001 0.44979248125 0.8374793828125 0.56369751875 0.8694673765625 0.571362890625 0.8736816953125001 0.5717873875 0.8835532046875001 0.6634881515625 0.8964492078124999 0.6722862000000001 0.9580823734375 0.7303833515625 1 0.76513750625 1
4 0.40982273124999996 0.7098293499999999 0.41590441875 0.7269417359375 0.4665068828125 0.7413377624999999 0.5199093703125001 0.7462581968750001 0.5599892921875 0.7397234390625 0.558970915625 0.7346887046874999 0.528140046875 0.732539715625 0.48721113281250006 0.7193314515625 0.40982273124999996 0.7098293499999999
3 0.3561957734375 0.786709596875 0.4106166359375 0.7966647671875 0.4409087109375 0.7365581359375 0.3957654765625 0.7310152453125001 0.3547529015625 0.7718033484375 0.3561957734375 0.786709596875
4 0.48458049687500004 0.7140987562500001 0.48429681249999995 0.6764229312500001 0.4681742265625 0.674443328125 0.4430005515625 0.6795352125 0.45208021875000004 0.6855597515625 0.4480924359375 0.7047088921875 0.48458049687500004 0.7140987562500001
1 0.927353175 1 0.9817772781249999 0.5567512421874999 0.998539109375 0.07675518125 0.9150402468750001 0.0665028109375 0.9121532875 0.08415055 0.9113349359375 0.17078800624999999 0.9240259125 0.40064705937499995 0.9171677031250001 0.4431739453125 0.9147656671875 0.5427094671875 0.9172331093749999 0.8425037984375001 0.904522378125 1 0.927353175 1
3 0.9028047015625 1 0.90662896875 0.9688538343750001 0.911208571875 0.85158346875 0.8970941671875 0.846577309375 0.8918328953125 0.8361119140625 0.854750953125 0.8315588249999999 0.8273711359375 0.8412895265625 0.8131881359375001 1 0.9028047015625 1
0 0.7716767859375 0.801719821875 0.78417893125 0.8065280218750001 0.7898075484375 0.8006728703125001 0.7982341234375 0.6920576781250001 0.7875707703125 0.6989312078125 0.7769359921875 0.718900765625 0.7678012390625 0.7799686218749999 0.7716767859375 0.801719821875
1 0.8097283078125 1 0.8140220609375 0.910022753125 0.8927511031250001 0.1488674203125 0.906093678125 0.0654043109375 0.87743644375 0.06188564375 0.7683991265625 1 0.8097283078125 1
0 0.8883226296875 0.7047557203125 0.868551034375 0.6925086859375 0.841340603125 0.6875311 0.8253343828125 0.8312200531249999 0.8783123734375 0.8262689796875 0.894236996875 0.8298608421875 0.9007146031250001 0.8437487125 0.9120004125 0.8451344359374999 0.9152228656249999 0.75224590625 0.8883226296875 0.7047557203125
0 0 0.657523896875 0.0029397421875 0.6647800968750001 0.02208888125 0.6687678796875 0.035778790625 0.6639025296875001 0.06279126093750001 0.6704923734375 0.0744444171875 0.6555575515625 0.08632410625 0.6521065 0.0921506828125 0.644639090625 0.09364864218749999 0.592452940625 0.0812873078125 0.559840428125 0.035521615625 0.5460382828125 0 0.54552378125 0 0.657523896875
1 0.536027825 0.561668903125 0.51990524375 0.5596892984374999 0.513286825 0.5736057421874999 0.5064153578125 0.6562268390625 0.4959785421875 0.6745841390625 0.49464996875 0.7120620015625 0.513543996875 0.6914699875 0.522678753125 0.63040213125 0.54292993125 0.58542828125 0.536027825 0.561668903125
1 0.4956683453125 0.7170967375 0.507490884375 0.68745363125 0.5040112578125 0.6624779125 0.5119296765625 0.5979875796874999 0.51973585625 0.5743975828125001 0.5356319046875 0.56489341875 0.529182871875 0.5641015765625 0.51987666875 0.5465932718750001 0.5238358765625 0.514348103125 0.5175848046875 0.511944003125 0.5131725234375 0.5212216328125 0.49433770781249997 0.66129015 0.4908315703125 0.71650285625 0.4956683453125 0.7170967375
1 0.4968846828125 0.7205192140625 0.5029377953124999 0.7245355734375 0.5529178031249999 0.7306723468749999 0.5183807734375 0.69206386875 0.500278584375 0.7062068484374999 0.4968846828125 0.7205192140625
0 0.6210836640624999 0.668669771875 0.607365178125 0.6604390953125 0.598907965625 0.662673809375 0.591724240625 0.69452305625 0.6203489703125 0.7013108609375001 0.6249592109375001 0.6904209734375 0.6210836640624999 0.668669771875
1 0.3371220390625 0.3555876453125 0.33106892656250003 0.35157128437499996 0.320603534375 0.35683255625 0.28731760781250004 0.614595934375 0.2522479703125 0.7935851875 0.252870425 0.8018444406249999 0.26214805625 0.8062567203125001 0.2726134484375 0.8009954484374999 0.3206913234375 0.4894050890625 0.3371220390625 0.3555876453125
3 0.3796428921875 0.7290356390625 0.29478708125 0.7137069625 0.2855666015625 0.7354867375 0.2786094109375 0.778819753125 0.2961462921875 0.7826095765625001 0.3218852765625 0.7595848890625 0.3796428921875 0.7290356390625
1 0 0.7920423234375 0.0495850640625 0.8047057390625 0.0888731421875 0.8046200140625 0.163461525 0.8235977046875 0.261809284375 0.8356732906250001 0.2716807953125 0.8352487953125 0.276093075 0.825971165625 0.2942238359375 0.8249242140625 0.29238504375 0.8132424859375 0.27685634062500003 0.8064261046875 0.2649766515625 0.8098771578124999 0.2117435515625 0.790248434375 0.17485956875 0.7840830875 0.14747975156249998 0.7938137890625 0.1230979140625 0.792456640625 0.101318140625 0.7832361578125 0.0930303125 0.7707625890625 0 0.752006575 0 0.7920423234375
3 0.1774881390625 0.6960313328125001 0.1722289328125 0.7788503906249999 0.2492214125 0.791577009375 0.2623439515625 0.7113600109375 0.1774881390625 0.6960313328125001
3 0 0.748547546875 0.1051079640625 0.7656992781249999 0.12244482187500001 0.6778169093749999 0.0009315624999999999 0.6678066515625 0 0.6675896046875 0 0.748547546875
1 0.18073916875 0.61623883125 0.2006780859375 0.5204931328125 0.184526928125 0.5054175015625 0.15873079375000002 0.502250134375 0.156524653125 0.5068889484375 0.13788779843750001 0.64534520625 0.10411816250000001 0.77376056875 0.10858759062500001 0.7906749953125 0.1476777125 0.7922015296875 0.1669962375 0.7814810249999999 0.18073916875 0.61623883125
1 0.0209073109375 0.9582947796875001 0.00800924375 0.9567110953125001 0.0029180453125 0.9626322343749999 0.2551906015625 0.9936074093749999 0.2948769328125 0.9395639453125 0.29382998125 0.92143318125 0.2833074375 0.9005023968750001 0.24155810625 0.8806471390624999 0.1544675796875 0.8568612484375 0.07566487968749999 0.8455489296875 0.06969749374999999 0.880820653125 0.0353319109375 0.9207883421874999 0.028148184375000003 0.9526375890625 0.0209073109375 0.9582947796875001
1 0 0.9579032843749999 0.027497154687499997 0.9312823078125 0.046956490625 0.8927574921874999 0.0648607171875 0.8802267718750001 0.0716199484375 0.8385060140625 0.0641525375 0.8326794375000001 0.02828693125 0.8315488234374999 0 0.8426766328124999 0 0.9579032843749999