1 1 0.06686425781250001 0.9926897734375 0.066311334375 0.9914002953125 0.069428734375 0.987156165625 0.065892790625 0.9541850937499999 0.0633989578125 0.9381393296875 0.0654002390625 0.932050665625 0.061724778125000004 0.5730867484375 0.034573845312500004 0.56250729375 0.051455775 0.5610169390624999 0.1108192921875 0.5723147187500001 0.111673821875 0.59039710625 0.1242937828125 0.5959434375 0.14882527968749998 0.5821221453125001 0.17189186875 0.574146225 0.1745035265625 0.6114083890625001 0.18214432187500001 0.6133980515624999 0.19515454062499998 0.62996039375 0.2108744609375 0.6263864515625001 0.254005721875 0.6137095125 0.2610842078125 0.6140382437499999 0.27236133281249997 0.6223428953125001 0.28102680156250004 0.6161218296875 0.288593590625 0.6165914453125 0.3047037703125 0.6281709953125 0.31522440937499996 0.62190296875 0.321180178125 0.6289223828125 0.341000696875 0.6661375859375 0.3470304734375 0.6839036609375 0.459289403125 0.7123570140625 0.551459625 0.7173694937499999 0.6129224640625 0.712834196875 0.8440545374999999 0.7007332171875 0.9813813359375001 0.7190780890624999 1 0.7767122328125 1 0.7667353546875 0.9252898265624999 0.758576440625 0.7558887765625 0.769280990625 0.6811475312499999 0.7684059890625 0.5958856499999999 0.8029913359374999 0.5116984125 0.8656764656249999 0.2865720796875 0.8765046296874999 0.2713164296875 0.8941174000000001 0.26782620625 0.9302352125000001 0.29145510625000004 0.94139210625 0.28747658125000003 0.9738123640625 0.2947511484375 0.9910964015625 0.27998380156249997 0.9991662453125001 0.2805941796875 1 0.278768490625 1 0.06686425781250001
1 0.3924757421875 1 0.4136816078125 0.967706959375 0.42860029062500005 0.9270412468749999 0.46127262656249995 0.8877183656250001 0.4624639421875 0.873341278125 0.4765200421875 0.8583297765625 0.47923140000000003 0.84085273125 0.503739971875 0.7976974359375 0.5062634828125 0.7737763156249999 0.4690482828125 0.7677465390625 0.46044458749999995 0.8040675 0.4003520546875 0.78666255625 0.366646559375 0.790543040625 0.27956890625 0.8418255296874999 0.24567556562499998 0.839261940625 0.2366022546875 0.8594727234375 0.22696540625 0.8603512859375 0.20986921406249998 0.8815627078125001 0.193119025 0.859398715625 0.1318179078125 0.9110233984375 0.1027664734375 0.9088260375000001 0.086045975 0.9429256031250001 0.054330143750000004 0.9598163078124999 0.0448113625 0.9621179203124999 0.0461728046875 0.99134863125 0.1605530046875 1 0.3924757421875 1
1 0.0977367203125 0.9020157375 0.1444948484375 0.9039449140625001 0.16016491875 0.8890554906249999 0.1558099 0.8501469046875 0.1393884421875 0.839260040625 0.1137997546875 0.8453619187499999 0.0807047625 0.8701856375 0.0977367203125 0.9020157375
1 0.1846734890625 0.84590019375 0.1743791765625 0.8242245046875001 0.16118565625 0.8135817921875 0.1482739078125 0.8126051875 0.13098986875000002 0.827372534375 0.1312716390625 0.83703864375 0.1574238703125 0.8502689796875 0.1632519703125 0.8844665859375 0.18109955 0.8890314546875 0.1857536078125 0.8829536093750001 0.1846734890625 0.84590019375
1 0.0423532328125 0.9093408953125 0.0458376421875 0.9447067656250001 0.058796354687499996 0.9472943890625001 0.0905121875 0.930403684375 0.09441485937500001 0.89854955 0.0742488875 0.8696973359375001 0.048378428125 0.8661331078125001 0.04068143125 0.87344665625 0.0423532328125 0.9093408953125
1 0.2215129984375 0.839041825 0.195172921875 0.8193674156249999 0.1791271578125 0.8213686953125 0.1902198203125 0.8704316921874999 0.2129093046875 0.8753627875 0.2236905078125 0.8584961171875 0.2215129984375 0.839041825
1 0.2743513078125 0.8285711593749999 0.2968999078125 0.8286692015625 0.3287096625 0.8150005312499999 0.3501781421875 0.7780451578124999 0.33855163125 0.7659135015625 0.320985821875 0.7710147421875 0.3062722578125 0.7634719875 0.24559891406249998 0.781387365625 0.223707778125 0.8038435796875 0.227921909375 0.837919109375 0.254936721875 0.8254952328125 0.2761061625 0.8335262890624999 0.2743513078125 0.8285711593749999
1 0.26648658125 0.7797523140625 0.24721288281249998 0.7815094421875 0.223660815625 0.8022325609375001 0.22293912031250002 0.832719828125 0.2297237265625 0.8444852578125 0.2409275828125 0.8421177515625 0.253416678125 0.8285951953125 0.26950940156250003 0.8282049328125 0.275495659375 0.8125830531249999 0.26648658125 0.7797523140625
1 0.5915047796875 0.8252327562499999 0.6010477078124999 0.8211321546875 0.59224103125 0.2980395828125 0.5874288171875001 0.3539369125 0.5887858546875 0.5662250703125 0.5915047796875 0.8252327562499999
1 0.6057632828124999 0.31995942187500004 0.6092260296875 0.3282586640625 0.6018606109375 0.3518135578125 0.6007286781250001 0.478717759375 0.6092757046874999 0.771923046875 0.61758035625 0.7805885171875 0.6252275468749999 0.7666997328125 0.6255735484375 0.72332431875 0.6515897453124999 0.5661529671875 0.6494591984375 0.5483096921875 0.671837221875 0.48731112187500003 0.6735154234375 0.434391678125 0.6715257609374999 0.42138145781249997 0.6585200890625 0.41718281562500004 0.631992165625 0.391064334375 0.63304259375 0.3718541921875 0.6393106203125 0.365898421875 0.6276371468749999 0.3521557484375 0.6153531703125 0.31746983906250004 0.6057632828124999 0.31995942187500004
4 0.6187369078125 1 0.6112605171875 0.9505019046875001 0.586129025 0.8617978671875001 0.5774189875 0.7839806968749999 0.55636074375 0.7245191390625 0.5222153234375 0.768553 0.4677285015625 0.88820666875 0.44017984062500004 0.9375618843750001 0.41980874999999995 0.956918134375 0.3973641765625 1 0.6187369078125 1
1 0.8358785937500001 1 0.8150901812500001 0.981993615625 0.7830628890625 0.9329546546874999 0.7039784265625 0.9269729484375 0.7032912703124999 0.8481551375 0.6336261203125 0.7785872375 0.6095574765625 0.7815891578125 0.606987003125 0.8038992593750001 0.587273375 0.8458097640625001 0.621930521875 0.9850657375 0.6240107484374999 1 0.8358785937500001 1
1 0.6788630234374999 1 0.6850631468749999 0.996270759375 0.69869659375 0.966760096875 0.706847940625 0.859676415625 0.666703840625 0.8084160578124999 0.630304259375 0.77512105 0.612832375 0.7834443249999999 0.6030546390625 0.7794898359375 0.6057956890625 0.81827634375 0.5934944421874999 0.838242975 0.59277274375 0.8687302421875 0.6200817468750001 0.9768885703124999 0.6349173265625 1 0.6788630234374999 1
3 0.63102595625 0.74463378125 0.6334852343749999 0.7737541828125 0.7062844 0.8403442 0.70569116875 0.764748425 0.63102595625 0.74463378125
3 0.7694467125 0.907812778125 0.8508323015625001 0.992734371875 0.8518406187500001 0.8063445765624999 0.840308028125 0.7974349562499999 0.7672567859375 0.7774423890625 0.7694467125 0.907812778125
3 1 0.94385424375 0.9875672874999999 0.93234808125 0.9836349249999999 0.9079386578124999 0.9491310828125 0.8844318343750001 0.9351219437499999 0.901054353125 0.9188883328124999 0.8966115609375 0.9084061718750001 0.8684917984375 0.9033467296875 0.80541794375 0.8775701937499999 0.80507575 0.8676046109375 0.7946771874999999 0.8639367468750001 0.8345864125 0.8672265015624999 1 1 1 1 0.94385424375
1 0.58763665 0.7477818125 0.58407998125 0.736260534375 0.5710743078125 0.7320618921875 0.5664202484375 0.7381397375 0.5686447203125 0.7592050484375 0.5786572640625 0.771214628125 0.5884177265625 0.8298216578125001 0.5823548171875 0.7875689609375 0.5885758828125 0.7800021734375 0.58763665 0.7477818125
1 0.27851847812499997 0.861035671875 0.32198443593750004 0.9157622171875 0.3365101546875 0.9168608984375 0.3760907140625 0.9487890390624999 0.4301672984375 0.925552303125 0.445884328125 0.9122738984375 0.4930996546875 0.819397159375 0.484795003125 0.8107316890625 0.452233859375 0.7986240687499999 0.400211171875 0.781829503125 0.37604860156250003 0.7816093859375 0.3395847875 0.8013558984375001 0.335259459375 0.818710871875 0.315985759375 0.8204679984375 0.281182875 0.84194760625 0.27851847812499997 0.861035671875
1 0.3847634890625 0.6938579218750001 0.38726973125 0.7245893406249999 0.380092159375 0.7545883046874999 0.4066200828125 0.7807067875 0.42114580156250003 0.7818054671875 0.45428775625 0.7585927671875 0.45208055625 0.6828749171874999 0.457925928125 0.6624199875000001 0.4433062875 0.65809926875 0.43979658125 0.6481890078125 0.395374115625 0.6158946421875 0.3841232984375 0.6166511296875 0.37951619999999997 0.6243399921874999 0.3765058 0.686803471875 0.3847634890625 0.6938579218750001
1 0.51905161875 0.715267325 0.5146966 0.6763587421875 0.509760771875 0.672770478125 0.469223709375 0.6632745156250001 0.45839554531250004 0.678530165625 0.4511240515625 0.7053070953125 0.45809650468749996 0.7235165968749999 0.457280884375 0.7507818281249999 0.465585534375 0.759447296875 0.5036163578124999 0.738211840625 0.51905161875 0.715267325
0 1 0.7575812 0.9274326453124999 0.747763484375 0.909051215625 0.7801299562499999 0.909644446875 0.8557257296874999 0.9135768093750001 0.8801351531250001 0.9219753859375001 0.89202265625 0.9349340953124999 0.8946102796875 0.9442422140625 0.882454590625 0.962136753125 0.8886304765625 0.9834470796874999 0.9014945875 0.9939292390625001 0.9296143484374999 1 0.9343043765625 1 0.7575812