0 0.8011925812499999 0.8381156984375 0.8179506625 0.8387988156249999 0.8423851828125001 0.8532354078125 0.8581843093750001 0.904281525 0.868239159375 0.90469139375 0.8774964531249999 0.8882680578125 0.9162156921875001 0.8864862468749999 0.9694024265625 0.8970546703125001 0.97104059375 0.8978414765625 0.98001690625 0.7264935984374999 0.9424517890624999 0.6741868765625 0.8845011078124999 0.65838405 0.8155294984375001 0.6606127374999999 0.7963930046875001 0.6732732265625 0.78352061875 0.694589409375 0.7781490171875001 0.7330120453125 0.7741090500000001 0.8101305671875 0.7809072328125 0.8406489374999999 0.79563820625 0.8479696999999999 0.8011925812499999 0.8381156984375
1 0.6304760609375 0.2179312859375 0.656937690625 0.22573023124999997 0.6695537265625 0.24136512968749999 0.6811158578125001 0.27711790625 0.6808595093750001 0.3140689875 0.6495959874999999 0.5261634234375 0.656071371875 0.6910742062499999 0.6374025125 0.8230387015625 0.655748575 0.8254666203125 0.6719797046875 0.836208675 0.66704723125 0.866248865625 0.68027804375 0.8701483375000001 0.68670355 0.811607825 0.6816761265625 0.8114028890625 0.672141103125 0.76901246875 0.68597244375 0.6973332875 0.6884980015625 0.5529502500000001 0.6937889015625001 0.5481257140625 0.7031197703125 0.466182659375 0.7093553734375 0.34715189999999996 0.7343904171875 0.28600983750000003 0.7430186828124999 0.21747869999999997 0.7543909140625 0.192741228125 0.7882512515625 0.15547988906250002 0.8296123765625 0.13532500625 0.85066608125 0.13735927812499998 0.8297880281250001 0.1319720296875 0.7939812796875 0.1422729078125 0.77395940625 0.13977667968750002 0.7930009484375 0.0968710671875 0.8171648656249999 0.084415515625 0.83338886875 0.06323595625 0.8590529437500001 0.05420169375 0.86698573125 0.0310040859375 0.8668504296874999 0.0175580140625 0.6002293546875 0.006689618749999999 0.59938338125 0.010015275 0.581834871875 0.0244205640625 0.5657793921875001 0.0103255296875 0.5551097656249999 0.0216510859375 0.5837812812500001 0.051381020312500005 0.604790609375 0.13120070625 0.6326716953125 0.1760190453125 0.6440510515625 0.1832031859375 0.6317934421875 0.19278394062499998 0.6304760609375 0.2179312859375
1 0.694446434375 0.72791996875 0.6835940328125 0.7106768921875 0.6765394984374999 0.7171096046875001 0.6669594062499999 0.867925353125 0.68001456875 0.87517780625 0.6994881125 0.7919681328125 0.694446434375 0.72791996875
3 0.7124411984375 0.7370538453125 0.713758578125 0.711906503125 0.6970883234375 0.7095468953124999 0.7034616312499999 0.8122909421875001 0.7297476109375001 0.8234428671874999 0.7716428125 0.8251506609374999 0.7754193046875 0.7530616078125 0.767391565625 0.746014090625 0.7188809546875 0.7423565625 0.7124411984375 0.7370538453125
0 0.76614063125 0.6737201046875 0.73262446875 0.6723538718750001 0.7197520828124999 0.6936700515625 0.7191444296875 0.7373270921875 0.7726824671875 0.7411895578125 0.77999335 0.6978057640625 0.76614063125 0.6737201046875
3 0.46989526875000004 0.7506878140625 0.48780220781250005 0.7614981796875 0.6149951015624999 0.8019644625 0.6299895484375 0.804255759375 0.6370440828125 0.7978230468749999 0.6449626187499999 0.7107822125000001 0.6270556828125 0.6999718453125 0.6052701765624999 0.6990837921875 0.6033308921875 0.7040449515625 0.49299815625 0.7264285218750001 0.46459724218750004 0.7235907328125 0.464158115625 0.73197318125 0.475449646875 0.740833809375 0.46989526875000004 0.7506878140625
0 0.6434553359375 0.6754393078125001 0.6386106890625001 0.70380300625 0.6469019046875 0.7058210546875 0.6521856781250001 0.6690749078125 0.6434553359375 0.6754393078125001
4 0.6119805359375 0.7312786531250001 0.565672684375 0.7176304984375 0.5559620109375001 0.6785930578125 0.5258045921875001 0.7092850578125 0.506316796875 0.7286515046875001 0.6119805359375 0.7312786531250001
4 0.5739485906249999 1 0.563132875 0.7981703109375 0.631841009375 0.8009710921875 0.642422809375 0.791322025 0.567801871875 0.7731595890625 0.4513735546875 0.751612875 0.4839236390625 0.7714204953125 0.3508566171875 0.9978458343750001 0.40370215 1 0.5739485906249999 1
1 0.8945278734375 1 0.8244996234374999 0.9381898812499999 0.7403365359375 0.8457154140625001 0.7081377546875001 0.8192018359375 0.6963192703125001 0.82040014375 0.693413909375 0.8438026859375001 0.6632493625 0.8425730765624999 0.6604246984375 0.8323775156250001 0.6302601515624999 0.831147903125 0.6275233124999999 0.8192758515625 0.604501125 0.8099370406249999 0.5944462765625 0.809527171875 0.5731070234375 0.8321782843750001 0.5703915625 0.916071075 0.58192986875 1 0.8945278734375 1
3 0.96568886875 1 0.9714262218749999 0.8904802859375 0.8449463703125 0.8684604374999999 0.8407093734375 0.8531670953124999 0.8113352562499999 0.836849078125 0.788583671875 0.8544024125 0.77005483125 0.823405859375 0.7694258015625 0.7712980578125 0.7055694406249999 0.7720551921875 0.7090160078125 0.802436940625 0.7196049343750001 0.8247094859375 0.8305809515625 0.9182769421874999 0.9129659640625001 1 0.96568886875 1
1 0 0.983543709375 0.06045729062500001 0.9860081562499999 0.0755154609375 0.9698212828124999 0.1078827671875 0.9610602671875 0.155325221875 0.92099244375 0.20030143906250003 0.8959447171875 0.24987308125 0.9114059843750001 0.2818012609375 0.9110274171875 0.3032354640625 0.918621428125 0.322898909375 0.895902003125 0.34078446875 0.810947528125 0.377645121875 0.7805287734374999 0.388753875 0.76082076875 0.388044146875 0.742311071875 0.222058440625 0.7691463140625 0.20045571093749998 0.7968268968750001 0.165175915625 0.7970688406249999 0.158823984375 0.7900896359375 0.1387142875 0.78926989375 0.0245908078125 0.819899290625 0 0.8232584484375 0 0.983543709375
1 0.25287339375 0.918248565625 0.19995013749999999 0.9026506734374999 0.16555572031250002 0.9180493359374999 0.08027940624999999 0.9750556874999999 0.0669284875 0.9862719453125001 0.3700103609375 0.99862660625 0.4647942734375 0.8160025953125001 0.46549687500000003 0.8025906781250001 0.42289194375 0.782373190625 0.387699971875 0.78093864375 0.34210897500000004 0.8177217984375 0.3238721140625 0.9093822312500001 0.3010327046875 0.9286120546875001 0.2825988140625 0.9278606249999999 0.27315874375 0.9157153265625 0.25287339375 0.918248565625
1 0.46893631718749995 0.8010508125 0.4626722109375 0.7923951171875 0.40322137187499996 0.7731710015625 0.363360403125 0.7967471749999999 0.336642425 0.8258993125 0.326426178125 0.892685646875 0.330838821875 0.904626009375 0.367267475 0.914511315625 0.3976076734375 0.9123879484374999 0.43305599375000003 0.8768714109375001 0.46893631718749995 0.8010508125
1 0.40221253749999997 0.600082703125 0.3910088328125 0.5895455843749999 0.3818393640625 0.6042924328125 0.37181301875 0.7315690171875 0.38839544843749996 0.7356051124999999 0.394125475 0.7223981312500001 0.40221253749999997 0.600082703125
1 0.4346154734375 0.7509297578125 0.44123088125 0.7528794953125 0.4611150453125 0.53360091875 0.45555354374999996 0.51153330625 0.447979184375 0.5599465703125001 0.4346154734375 0.7509297578125
3 0.4464339546875 0.7497314484375 0.45966476875 0.7536309218749999 0.48779508125 0.7295765656250001 0.46636087656249997 0.72198255625 0.44766351093749995 0.7262605953125 0.4464339546875 0.7497314484375
3 0.3968623140625 0.73427018125 0.40436310156250005 0.7513766375 0.431527334375 0.745763665625 0.4327568890625 0.7222928109375 0.3992407265625 0.720926575 0.3968623140625 0.73427018125
3 0.40576830781249995 0.7245528015625 0.42437784843750004 0.7219512515625001 0.4043559765625 0.719455021875 0.40576830781249995 0.7245528015625
3 0.28863738906249997 0.716418003125 0.2951649703125 0.7200442296875 0.37031286093750004 0.728147725 0.36942748281250004 0.71299100625 0.29234030624999996 0.7098486687500001 0.28863738906249997 0.716418003125
1 0.3624740125 0.9983193984375 0.3824446984375 0.9453712453125 0.3447793671875 0.9270351796874999 0.314790471875 0.922452590625 0.29265366249999997 0.928270496875 0.19995013749999999 0.9026506734374999 0.167231528125 0.918117646875 0.112822365625 0.9629416921875 0.07154906562499999 0.9814200859375 0.0659338140625 0.9862313984375 0.3624740125 0.9983193984375