3 0.7340130703125001 0.6894814140625 0.7372531296875 0.7756800593750001 0.8199571640625001 0.8489540218749999 0.8303981859375 0.851622203125 0.8428713015625 0.8714254484374999 0.911462715625 0.9302067703124999 0.9255168125000001 0.946432709375 0.9828443874999999 0.942097509375 0.9871761031249999 0.6939337015625 0.87928139375 0.675038253125 0.86890076875 0.6758232515625 0.86562175625 0.686444453125 0.826664221875 0.6876616109375 0.801396521875 0.679199153125 0.7976041234375 0.6604683328125 0.7405710984375 0.66823900625 0.7340130703125001 0.6894814140625
0 0.9720728171875 0.63171488125 0.933980334375 0.6328666203125 0.9136116781249999 0.6568822828124999 0.912304359375 0.6811853703125 0.9176154671875001 0.6876992296875 0.9873204296875 0.6856651874999999 0.9880340609375 0.6447812749999999 0.9720728171875 0.63171488125
1 0.59450884375 0.7363372796875 0.629766540625 0.8702520265624999 0.63318779375 0.9668102109375001 0.6336216828125 0.9685062734375001 0.9197778187500001 0.946866703125 0.9062724031249999 0.9305992703125 0.754795759375 0.788184446875 0.739073828125 0.780728996875 0.7027416484375 0.7834764921875 0.7056582734375 0.7521362140625001 0.6842628484375 0.7174478296875 0.6596488046875 0.696833828125 0.6038022984375 0.67339505625 0.5986723859375 0.677240734375 0.59450884375 0.7363372796875
1 0.647234484375 0 0.6470168359375 0.07366582187500001 0.6525997359375 0.0957189859375 0.6478624109375 0.12201032812499998 0.6569659156250001 0.1472550078125 0.65019649375 0.1564112875 0.6311351546874999 0.15612386250000002 0.626035440625 0.16169613124999999 0.6455195687499999 0.186155809375 0.6636661796875 0.2331919875 0.71660875 0.4867905078125 0.7186622859375 0.6041985999999999 0.7081433546875 0.7951701203125 0.7221653796874999 0.804482990625 0.7303629125 0.7779299828124999 0.7387289531250001 0.5629170421875 0.8320902312499999 0.2550329640625 0.8573472093750001 0.21335890625 0.8984556703125 0.08750021875 0.9060190234375 0.024688828125 0.9004255750000001 0 0.647234484375 0
0 0.8525446578125001 0.63210941875 0.817942584375 0.6347260828125 0.8061640453125 0.6546343984375 0.8083773359374999 0.682129 0.86207095 0.681526353125 0.8633178703125 0.6537700859375 0.8525446578125001 0.63210941875
3 0.7092480343750001 0.660234465625 0.657707309375 0.684878534375 0.6771914375 0.7093382140625 0.706935390625 0.7261065343750001 0.7092480343750001 0.660234465625
0 0.687822409375 0.6238194921875 0.6635103578125 0.6204713875000001 0.6550108359375 0.6297585015625 0.6540961046875 0.676507253125 0.6939488921875 0.6769512703125 0.696865515625 0.6456109921875 0.687822409375 0.6238194921875
0 0.7692882828125 0.62630328125 0.751926846875 0.624158434375 0.7400275140625 0.6371603921875 0.73692969375 0.6581411359375 0.766522653125 0.666276509375 0.773231675 0.6536670499999999 0.7692882828125 0.62630328125
1 0 0.9992887609375 0.1842274515625 0.9917820671875001 0.1951695390625 0.9826450984375 0.20008806093749998 0.9667132921875 0.2309581359375 0.9488189890625 0.29355262187500003 0.8628284531249999 0.32281339062500003 0.85197134375 0.3431820484375 0.8279556796875 0.39818298125 0.8030499453125 0.40993131875 0.7814150390625 0.4389202984375 0.75501861875 0.45045724062500003 0.7212975859374999 0.443243590625 0.6060085843749999 0.4326213765625 0.5929808640625 0.36833574375 0.5822823859375 0 0.47819183593750003 0 0.9992887609375
1 0.4592889546875 0.7310029578125 0.399973484375 0.8063722921875 0.2970732265625 0.8660199671875001 0.28365518437500004 0.8912388859375 0.1841476890625 0.9917853171875001 0.42283359374999996 0.9820596125 0.4288241515625 0.9701623937500001 0.4651952875 0.870595046875 0.513918740625 0.7839245859374999 0.5185956703125 0.7541800656250001 0.5320137125 0.728961146875 0.5300722140625 0.7170058515625 0.5073694718749999 0.7066205546875 0.4592889546875 0.7310029578125
4 0.43383326718750004 0.95941035625 0.425725584375 0.981941771875 0.4912724796875 0.979270940625 0.6322360421875 0.9686110578125 0.6220911484375 0.8276106203125 0.58814076875 0.6693927859375 0.567379521875 0.6709627828125 0.5505314703125 0.6981699578125 0.4620370703125 0.888122609375 0.45736014375 0.9178671328125001 0.43383326718750004 0.95941035625
1 0.45042704218749996 0.719570996875 0.459137959375 0.7223700109375 0.4849385203125 0.7117745640625001 0.4933474484375 0.6973076828125 0.48953360625000003 0.578303834375 0.485922403125 0.569932553125 0.4616405515625 0.5683110375 0.45608785156250004 0.5479844625 0.43523600937499995 0.5443746890625001 0.4340796875 0.5773107265624999 0.44664340156250004 0.6022937359375 0.44876609375000004 0.6246085703124999 0.45042704218749996 0.719570996875