4 0.45844845312500004 1 0.4715347515625 0.8607465281250001 0.5464434328125 0.87591105625 0.5505111265625 0.857552521875 0.49395840625 0.83245746875 0.3452245859375 0.79369856875 0.28140331406249997 0.7985767046875 0.37413500625 0.8345323984374999 0.24643560781249998 0.999896990625 0.24736256562499997 1 0.45844845312500004 1
3 0.5526284421875001 0.8543677109375001 0.5653644718749999 0.76857041875 0.5502591359375 0.7532114109375 0.51261296875 0.740477678125 0.5008256671875 0.7391677984375 0.53457108125 0.782248975 0.41458074062500005 0.77233499375 0.33630425937499997 0.7567962171875 0.328602290625 0.79014134375 0.47315124375 0.821594990625 0.5526284421875001 0.8543677109375001
1 0.3950738296875 0.7513567046875 0.4521097328125 0.75940494375 0.4620461921875 0.7485387875 0.42798453593749997 0.7344933375 0.3974576203125 0.7328110437500001 0.3950738296875 0.7513567046875
4 0.4535095171875 0.7219393734375 0.4281017109375 0.7601571234375 0.4116463578125 0.76858880625 0.5162648859375001 0.7785046234374999 0.46514751875 0.764273884375 0.4638296265625 0.721376159375 0.4535095171875 0.7219393734375
3 0.9130749078125 1 0.9307905109375 0.8621744546875 0.778519921875 0.8110681515625 0.7508278578125 0.8404818046875 0.6690166328125 0.8125798671875 0.6701997093750001 0.776800265625 0.635487928125 0.7678127234375001 0.6267521828125 0.79591281875 0.62128470625 0.85173691875 0.6275371234375 0.8695322375 0.640692084375 0.9000649671875 0.72323345625 1 0.9130749078125 1
1 0.2537051203125 1 0.271903425 0.9787864203125001 0.3373235484375 0.8817432078125 0.3479599 0.8521442671875 0.343174675 0.83622204375 0.3259520234375 0.82404785 0.2784191640625 0.8085053953125 0.1460764421875 0.894691646875 0.1289388375 0.9748696546875 0.123633103125 0.9862504046874999 0.2473625625 1 0.2537051203125 1
1 0.2476081328125 0.769170409375 0.27074931874999997 0.77516210625 0.2947044203125 0.6153693031249999 0.2759648078125 0.6149968921875 0.268262840625 0.6483420203125 0.2476081328125 0.769170409375
3 0.28313697968749996 0.785088953125 0.30796206875 0.7912677765625 0.31724840625 0.785459528125 0.32179928125 0.7500541796875 0.3177813546875 0.754737834375 0.28095225625000003 0.748935103125 0.277484921875 0.7759106078125 0.28313697968749996 0.785088953125
1 0.31953266406249997 0.7942636249999999 0.327952165625 0.7951992531250001 0.36757767812500003 0.5533553484375 0.36686014375 0.5190745921875 0.3405036125 0.6443995109375 0.31953266406249997 0.7942636249999999
3 0.425117559375 0.7700858109375 0.34977546249999997 0.7582932203125 0.3366879078125 0.7670991578125 0.3336539921875 0.7907027203125 0.345658003125 0.7903266328125 0.3498428703125 0.797631884375 0.3745507828125 0.7781469203125 0.4094792734375 0.7854484953124999 0.40921279843749997 0.8008093421875 0.425117559375 0.7700858109375
1 0 0.9725115171875001 0.1187618203125 0.985709078125 0.12111969375000001 0.9825509968749999 0.14694327499999998 0.8879477703124999 0.2376893125 0.8330501031249999 0.25756223437500003 0.81131779375 0.26119651093749996 0.796331196875 0.2576617671875 0.7839680390625 0.24294008125 0.778911971875 0.0750011046875 0.8098410156250001 0 0.8151482968750001 0 0.9725115171875001
3 0.1506915734375 0.7259094640625 0.11614673125 0.7289108265625 0.11549660625 0.733968734375 0.12788426718749998 0.7438955843749999 0.2339202203125 0.7693593734374999 0.24489045781250002 0.7637382515625 0.24727424999999997 0.745192590625 0.23488658906249998 0.73526574375 0.1506915734375 0.7259094640625
1 0.5737663328125 0.7164925046875 0.5787682671875001 0.730728759375 0.5442763484375 0.8927707453125 0.5608488781250001 0.9100028484375 0.5808887390625 0.900259446875 0.5949747859375 0.7906714625 0.6059947890624999 0.7713754640625 0.615213715625 0.726228553125 0.622496753125 0.5765534046874999 0.6394850578125 0.5374000265625 0.664623234375 0.341827628125 0.7065859265625 0.2678284421875 0.718838771875 0.1990779640625 0.7343101187500001 0.1717263703125 0.769387909375 0.13800331562499998 0.7987141078125 0.1224516640625 0.8231555453125001 0.1183275484375 0.8566168421875 0.123756028125 0.855799778125 0.1168250265625 0.8219050625 0.11476848437500001 0.7690042609375001 0.127700375 0.759384040625 0.10953080468750001 0.7787063703125 0.06550664843750001 0.7928276984375 0.0619457484375 0.782340646875 0.0505200546875 0.6493125203125001 0.0357371328125 0.6407934859375 0.062151257812500006 0.59951304375 0.06440412031250001 0.6037974453125 0.04435961875 0.5987955109375 0.0301233640625 0.556698003125 0.025445225 0.5743219468749999 0.1009359 0.5961131171875 0.1307182875 0.587494546875 0.1844821671875 0.6280750953124999 0.2009620921875 0.6419475890624999 0.2657755765625 0.59980346875 0.4474878109375 0.5827830374999999 0.5533296062499999 0.585184471875 0.5877974859374999 0.5750489437499999 0.6533631515625 0.5737663328125 0.7164925046875
0 0.67195101875 0.81632605625 0.762014803125 0.8331747125 0.7714504375 0.7863418328125 0.747641484375 0.732394503125 0.6994585 0.7219099546875001 0.6768181359375001 0.7518849828125 0.6677661500000001 0.809020803125 0.67195101875 0.81632605625
1 0.4706326359375 0.7614633234375 0.5185989125 0.7736338421875 0.5194657453125 0.766889965625 0.494907134375 0.745350296875 0.47845177968749997 0.7537819812500001 0.4706326359375 0.7614633234375
1 0.4723165359375 0.76165045 0.476934821875 0.7655837640625001 0.5202828140625 0.7738209687500001 0.4951238421875 0.743664328125 0.4791019046875 0.7487240749999999 0.4723165359375 0.76165045
0 0.5160305375 0.7271770515625 0.51326309375 0.7354197703125 0.5244002734375 0.74178755625 0.5276011296875 0.7301729 0.5160305375 0.7271770515625
0 0.5599291203125001 0.7577061015625 0.5662313046875 0.76182654375 0.56741438125 0.72604694375 0.5599291203125001 0.7577061015625
1 0.6262015921875 0.7736209703125 0.6188656328125 0.7642554968749999 0.5998595453125 0.77924393125 0.5783556453124999 0.9598297375 0.583357578125 0.974065990625 0.59346098125 0.9751887453125001 0.601496834375 0.9658214328125 0.6099484609375 0.9000686421875 0.6264535828125 0.8779620828124999 0.6262015921875 0.7736209703125
0 0.6164642 0.729787615625 0.611696615625 0.766878934375 0.623867565625 0.778491753125 0.6282017343749999 0.7447723734375 0.6164642 0.729787615625
0 0.5362373421875 0.729422559375 0.5330364828125 0.741037215625 0.543139884375 0.74215996875 0.5444401359375 0.7320441546875001 0.5362373421875 0.729422559375
1 0.7194783515625 1 0.6685687296875 0.9356537625 0.630155265625 0.9023141499999999 0.623636371875 0.8998796796875 0.6156005203125 0.9092469890625001 0.6037810921875 0.974625528125 0.582707453125 0.9791238984374999 0.5734708875 0.9712572671874999 0.5734532453125001 0.9182437265625 0.5377076890625 0.904011153125 0.54475953125 0.8757239296874999 0.47593632656249996 0.8663658125 0.46643328281249996 0.8738600296874999 0.4527954375 1 0.7194783515625 1