1 0.9581794140625 1 0.9528121374999999 0.990707959375 0.9041995281249999 0.9584977640625001 0.8828197531249999 0.920457578125 0.8710754749999999 0.913266890625 0.841281575 0.87154261875 0.8355764171875 0.9069420921875 0.7441832546875 0.8969708515624999 0.73246855625 0.888086021875 0.701964728125 0.88702113125 0.664978075 0.8687781875 0.6513912375 0.8699990421875 0.6306918109375 0.79299361875 0.633303459375 0.7405344140625 0.6248301734374999 0.7402386109375 0.602355925 0.764881634375 0.6032814937500001 0.808988453125 0.5962366421875 0.8239990781250001 0.6169952296875 0.897616221875 0.6286297656250001 1 0.9581794140625 1
1 0.6324456296875 0.7896644968750001 0.641667 0.8442319671874999 0.6515687203125 0.8598341984375001 0.6902204484375 0.8798304421875001 0.7543511953125 0.8973258156249999 0.825556375 0.8981164250000001 0.8346212671875 0.8645294124999999 0.8312147984375 0.6711607203125001 0.7946422703125 0.62919980625 0.7828388328125 0.6253974 0.7607491296875 0.6280165921875 0.7453197328125001 0.637648990625 0.6859771546875 0.63727250625 0.6505668375 0.6258652859375 0.6419752296875 0.6323460453124999 0.6324456296875 0.7896644968750001
1 0.4308234390625 0.585985721875 0.42563830156250004 0.7858351734375 0.4325056703125 0.78098939375 0.43693029687499996 0.7218127875 0.44335780937499997 0.4508094234375 0.43473662187500006 0.45898432343750006 0.42499138125 0.531536571875 0.4308234390625 0.585985721875
1 0.44025187343749994 0.6286942046874999 0.4519961515625 0.6358848921875 0.453454165625 0.6494971796875 0.4538978703125 0.62408506875 0.4421240125 0.6185885203125 0.445631646875 0.6119302796875 0.4406364171875 0.606670375 0.44025187343749994 0.6286942046874999
1 0.46280628437500004 0.502343575 0.45834349999999996 0.4665891359375 0.44844178125 0.4509869046875 0.43827383906249995 0.450631940625 0.43452955937500004 0.470843309375 0.43185874999999996 0.5266907921875 0.433228025 0.5453855046875 0.44000665312500004 0.545622146875 0.43914882187500004 0.5947522296875001 0.4509226828125 0.6002487750000001 0.46280628437500004 0.502343575
1 0 0.99134863125 0.10590877031249998 0.9950459203124999 0.10664579375000001 0.9916813031249999 0.14457901875 0.9557117421875001 0.1720484953125 0.9363286234375 0.19410861875000002 0.935403571875 0.3749464890625 0.7755896484375 0.3807318109375 0.638482565625 0.28731860781249996 0.6470877140625 0.280818034375 0.6309261453125 0.2825218625 0.5333436375 0.28772415625000003 0.5267445562499999 0.28103426875 0.5214254921875 0.2521363578125 0.52550218125 0.25362395000000004 0.537420328125 0.27027471875 0.5549533421875 0.260018034375 0.5596808015625 0.251219365625 0.5780205453125 0.2674560078125 0.61927153125 0.2600561921875 0.6546118453124999 0 0.687472715625 0 0.99134863125
1 0.2597183828125 0.8681919062500001 0.2736306046875 0.8483355015624999 0.2733262234375 0.768651725 0.28298272343750003 0.701181896875 0.2891525890625 0.5420509828125 0.28243312187499997 0.5384260609375 0.2809751078125 0.5248137734375 0.2640581171875 0.522528025 0.25701326562500004 0.53753865 0.252736540625 0.5882445515625 0.26528806718750003 0.6463186249999999 0.25498937499999996 0.847684734375 0.2597183828125 0.8681919062500001
1 0.362926725 1 0.42008962031249997 0.9093891296875001 0.4626249546875 0.8040781156250001 0.4937795484375 0.7678719125 0.50450951875 0.7360382015625 0.50492364375 0.71232023125 0.4643701953125 0.704123809375 0.45741408281249996 0.7140520109375 0.4622614125 0.7277826203125 0.45682247656249997 0.7479348265625 0.4376488015625 0.77777859375 0.4174312390625 0.7702921015624999 0.4142489859375 0.7583147953125 0.359369190625 0.7936927500000001 0.302351034375 0.85442365625 0.190541821875 0.9454500953125 0.178265096875 0.968753940625 0.14568206718750001 0.98965371875 0.1438690890625 0.9963711203125 0.24781827656250002 1 0.362926725 1
1 0.962119459375 1 0.9545067953125 0.99076711875 0.9143083093750001 0.9622410109375 0.8945048718749999 0.9310365468749999 0.8395573390625 0.8731775984375 0.83765561875 0.884977421875 0.8152109515625 0.9079263046875001 0.695067778125 0.89356105 0.6615000203125 0.8737422890625 0.62231584375 0.8842405781249999 0.6169360687500001 0.901004503125 0.6298605109375 1 0.962119459375 1
1 0.6167787109375 0.1330854421875 0.6140191609375 0.19401535 0.62537889375 0.22322986875 0.623705240625 0.12485138124999999 0.6167787109375 0.1330854421875
1 0.6141670625 0.185544646875 0.622285384375 0.2061701390625 0.628256765625 0.155523396875 0.6252815765624999 0.1316871046875 0.618502946875 0.1314504625 0.6141670625 0.185544646875
1 0.6335143703125 0.4371057328125 0.6364809828125 0.3643168390625 0.6367767859375 0.3473754296875 0.6201851796875 0.326454134375 0.6043712390625 0.35811036406249996 0.6012863046875 0.43767581875 0.611069703125 0.4600546125 0.60277005 0.7411636625 0.6111841765625 0.744847746875 0.6195429875 0.46035041562499995 0.6335143703125 0.4371057328125
1 0.6367767859375 0.3473754296875 0.6167071234375 0.331418234375 0.6044304 0.35472208125 0.6012863046875 0.43767581875 0.611069703125 0.4600546125 0.60277005 0.7411636625 0.6111841765625 0.744847746875 0.6195134078125 0.4620445578125 0.63354395 0.4354115921875 0.6367767859375 0.3473754296875
3 0.9917900296875001 0.992024071875 0.9965427453125001 0.719824171875 0.929031625 0.70169829375 0.9207949843750001 0.6878493625 0.9106270406249999 0.6874944000000001 0.9103608171875001 0.7027416671875 0.8965077578124999 0.7192097875 0.8508999171875 0.709141746875 0.840643234375 0.7138692046874999 0.8368483718749999 0.8340940375000001 0.8433903578124999 0.8478838062499999 0.9917900296875001 0.992024071875
4 0.6252561156249999 1 0.59479963125 0.712067465625 0.527249990625 0.6961479109375001 0.3671773375 1 0.6252561156249999 1
3 0.4613062640625 0.685369940625 0.6033616578125 0.707280846875 0.6004752109375 0.6783621328125 0.459936990625 0.6666752312499999 0.4613062640625 0.685369940625
3 0.6394227421875 0.6814169703124999 0.6173922000000001 0.6806478796875 0.613440859375 0.7127182328125 0.635441821875 0.7151814640625 0.6394227421875 0.6814169703124999
4 0.5844752093750001 0.6235580203125 0.5657748218750001 0.626295534375 0.55489695 0.6665999484375 0.5972042171874999 0.6714672484374999 0.597440859375 0.657914121875 0.5873320765625001 0.6541708749999999 0.5844752093750001 0.6235580203125
2 0.567646959375 0.6161898484375 0.5731746375 0.5909552203125 0.564819671875 0.583882853125 0.567646959375 0.6161898484375
0 0.9356031937499999 0.7137939203125 0.9762453828125001 0.71690791875 0.9811814515625 0.7255561046875 0.9964826671875 0.7232649828125 0.9980867515625 0.6313949984375 0.9675268765625 0.63354005625 0.93292380625 0.6730162203125001 0.9356031937499999 0.7137939203125
0 0.8415602249999999 0.6613508390625 0.8361212890624999 0.681503046875 0.840850296875 0.70201021875 0.9017100499999999 0.7126107078125 0.9075039500000001 0.6721288109375 0.8863903984375 0.61884135625 0.8288607984375 0.6117474703125 0.8186632749999999 0.613086646875 0.8099829265625 0.6246498296875 0.80814036875 0.633061371875 0.8198550656249999 0.6419462015625 0.8334714828124999 0.6390312046875 0.8415602249999999 0.6613508390625
0 0.934795946875 0.6629105375 0.93509175 0.6459691296875001 0.9219781984375001 0.62008373125 0.8914743703125 0.6190188390625 0.9106862015624999 0.6841061171875 0.9276327734375001 0.684697725 0.934795946875 0.6629105375
0 0.6458378296875 0.6053581140625 0.643965690625 0.6154638 0.6693263859374999 0.6197394921875 0.66453821875 0.602620603125 0.6458378296875 0.6053581140625
0 0.69991895625 0.6157219625 0.6980468156249999 0.625827646875 0.7284027421875 0.6353632421875 0.7237328953125 0.611467790625 0.69991895625 0.6157219625