4 0.615625 0.9125 0.6234375 0.8796875 0.6140625 0.8734375 0.6078125 0.8578125 0.596875 0.7859375 0.653125 0.759375 0.6546875 0.7265625 0.621875 0.715625 0.609375 0.7234375 0.5859375 0.715625 0.5765625 0.690625 0.578125 0.675 0.5875 0.6671875 0.584375 0.6625 0.5375 0.6609375 0.5453125 0.690625 0.5328125 0.7234375 0.521875 0.73125 0.5234375 0.7578125 0.5171875 0.765625 0.5140625 0.7921875 0.5 0.8171875 0.478125 0.828125 0.4734375 0.8578125 0.4421875 0.9109375 0.4203125 0.975 0.409375 0.9859375 0.409375 0.9984375 0.6234375 0.9984375 0.6265625 0.98125 0.615625 0.9125
1 0.871875 0.7171875 0.878125 0.725 0.871875 0.7390625 0.8765625 0.746875 0.8828125 0.9578125 0.8875 0.9703125 0.8921875 0.91875 0.8875 0.4296875 0.884375 0.3609375 0.8765625 0.359375 0.8734375 0.3671875 0.878125 0.6786458328125 0.871875 0.6953125 0.8765625 0.7140625 0.871875 0.7171875
3 0.946875 0.9828125 0.965625 0.9828125 0.9703125 0.9984375 0.9984375 0.9984375 0.9984375 0.9046875 0.9875 0.8875 0.9859375 0.8546875 0.9984375 0.853125 0.9984375 0.8296875 0.975 0.83125 0.95625 0.8140625 0.9234375 0.8078125 0.9078125 0.8078125 0.9046875 0.825 0.90625 0.9203125 0.8953125 0.934375 0.9078125 0.9359375 0.946875 0.9828125
3 0.9984375 0.9984375 0.9984375 0.821875 0.9359375 0.8 0.9078125 0.778125 0.8953125 0.7875 0.8953125 0.95625 0.93125 0.95625 0.9703125 0.9984375 0.9984375 0.9984375
1 0.9265625 0.9796875 0.9046875 0.9609375 0.9046875 0.9734375 0.8953125 0.9828125 0.8875 0.984375 0.88125 0.978125 0.8765625 0.9421875 0.865625 0.915625 0.853125 0.909375 0.8171875 0.8671875 0.7328125 0.790625 0.6546875 0.7625 0.6265625 0.775 0.6015625 0.7765625 0.6015625 0.809375 0.6296875 0.9984375 0.9328125 0.9984375 0.9265625 0.9796875
3 0.86875 0.9046875 0.875 0.903125 0.86875 0.89375 0.875 0.884375 0.8765625 0.809375 0.86875 0.79375 0.8640625 0.73125 0.84375 0.7421875 0.8390625 0.7359375 0.7921875 0.7375 0.7765625 0.7203125 0.7546875 0.7296875 0.7390625 0.7125 0.7109375 0.721875 0.709375 0.7703125 0.8 0.8421875 0.8265625 0.871875 0.86875 0.9046875
3 0.8796875 0.9078125 0.878125 0.79375 0.8640625 0.728125 0.784375 0.7296875 0.7796875 0.71875 0.765625 0.7203125 0.7453125 0.6953125 0.74375 0.6765625 0.7140625 0.6796875 0.7109375 0.6875 0.7109375 0.771875 0.790625 0.8296875 0.825 0.8671875 0.8796875 0.9078125
1 0.6515625 0 0.6359375 0.0125 0.634375 0.2671875 0.6375 0.2828125 0.65 0.2828125 0.6609375 0.3125 0.6578125 0.3484375 0.6703125 0.4484375 0.6703125 0.653125 0.6640625 0.7578125 0.6796875 0.7671875 0.684375 0.571875 0.7125 0.465625 0.7125 0.453125 0.6953125 0.43125 0.7046875 0.3609375 0.703125 0.321875 0.7171875 0.3015625 0.740625 0.29375 0.7609375 0.2390625 0.7609375 0.2109375 0.7875 0.0625 0.7859375 0.05625 0.7796875 0.059375 0.7796875 0.075 0.765625 0.096875 0.7515625 0.1046875 0.7296875 0.08125 0.7359375 0.0125 0.73125 0.00625 0.7140625 0 0.6515625 0
3 0.690625 0.7515625 0.6875 0.7703125 0.7 0.775 0.7 0.75625 0.690625 0.7515625
3 0.7 0.7109375 0.6875 0.7125 0.6859375 0.7421875 0.7 0.759375 0.703125 0.7171875 0.7 0.7109375
1 0.603125 0.5375 0.590625 0.55625 0.59375 0.6703125 0.5875 0.734375 0.6015625 0.7390625 0.603125 0.5375
3 0.6953125 0.6859375 0.6875 0.6890625 0.6890625 0.715625 0.703125 0.7 0.7 0.671875 0.6953125 0.6859375
3 0.640625 0.6765625 0.6390625 0.6703125 0.6234375 0.66875 0.6265625 0.6921875 0.6609375 0.725 0.6625 0.6875 0.640625 0.6765625
0 0.9546875 0.7921875 0.96875 0.8125 0.9984375 0.8140625 0.9984375 0.6640625 0.9203125 0.6484375 0.9 0.659375 0.890625 0.671875 0.8921875 0.778125 0.9078125 0.771875 0.9546875 0.7921875
0 0.7828125 0.715625 0.7921875 0.7328125 0.82734375 0.728125 0.8453125 0.7390625 0.8546875 0.7359375 0.8609375 0.7171875 0.859375 0.6890625 0.821875 0.640625 0.803125 0.6328125 0.7734375 0.6328125 0.7609375 0.640625 0.7515625 0.659375 0.75 0.709375 0.7546875 0.725 0.771875 0.7140625 0.7828125 0.715625
0 0.6921875 0.6640625 0.68125 0.671875 0.68125 0.684375 0.6921875 0.684375 0.6921875 0.6640625
0 0.6234375 0.64375 0.6234375 0.6625 0.6421875 0.66875 0.64375 0.6421875 0.6234375 0.64375
0 0.659375 0.6328125 0.65 0.6421875 0.6453125 0.6796875 0.6625 0.684375 0.665625 0.6359375 0.659375 0.6328125
0 0.73125 0.6484375 0.7171875 0.6421875 0.7109375 0.646875 0.7109375 0.6734375 0.7328125 0.6765625 0.7375 0.6625 0.73125 0.6484375
1 0 0 0 0.9984375 0.021875 0.9984375 0.025 0.9890625 0.04375 0.9828125 0.04375 0.9765625 0.0609375 0.9640625 0.06875 0.934375 0.26875 0.7828125 0.309375 0.7703125 0.3125 0.7515625 0.321875 0.740625 0.35 0.734375 0.35625 0.7375 0.3546875 0.74375 0.378125 0.746875 0.396875 0.7296875 0.434375 0.73125 0.45625 0.6890625 0.46875 0.6859375 0.4734375 0.690625 0.48125 0.671875 0.48125 0.5625 0.4515625 0.4390625 0.4203125 0.3734375 0.3765625 0.3375 0.325 0.259375 0.309375 0.2453125 0.29375 0.196875 0.25 0.1546875 0.2328125 0.103125 0.203125 0.0734375 0.1921875 0.025 0.1765625 0 0 0
1 0.4265625 0.9140625 0.45 0.8921875 0.471875 0.8484375 0.478125 0.809375 0.471875 0.771875 0.4109375 0.7359375 0.384375 0.7625 0.3328125 0.7515625 0.2 0.8359375 0.1765625 0.8453125 0.146875 0.875 0.1296875 0.88125 0.1203125 0.8765625 0.10625 0.8875 0.0859375 0.9265625 0.075 0.93125 0.0734375 0.9453125 0.0765625 0.9984375 0.4 0.9984375 0.421875 0.9515625 0.4265625 0.9140625
1 0.478125 0.8015625 0.490625 0.8140625 0.5140625 0.7828125 0.5203125 0.715625 0.496875 0.696875 0.4859375 0.6953125 0.4609375 0.7015625 0.4390625 0.7359375 0.4375 0.7421875 0.45625 0.7515625 0.4703125 0.76875 0.478125 0.8015625
1 0.6046875 0.0890625 0.6375 0.24375 0.640625 0.2046875 0.63125 0.1859375 0.63125 0.1453125 0.6109375 0.0609375 0.6125 0.028125 0.575 0.00625 0.571875 0.0203125 0.5859375 0.03125 0.5890625 0.0703125 0.6046875 0.0890625
1 0.346875 0.6921875 0.34375 0.740625 0.371875 0.7484375 0.40625 0.721875 0.41875 0.6765625 0.41875 0.5328125 0.4078125 0.4953125 0.396875 0.4953125 0.3859375 0.4828125 0.3875 0.4703125 0.3703125 0.465625 0.3546875 0.4703125 0.34375 0.5015625 0.334375 0.509375 0.31875 0.54375 0.3140625 0.575 0.340625 0.6390625 0.340625 0.675 0.346875 0.6921875
1 0.534375 0.6734375 0.5140625 0.6734375 0.5015625 0.6890625 0.5 0.696875 0.53125 0.71875 0.54375 0.68125 0.534375 0.6734375