3 0 0.9984375 0.9984375 0.9984375 0.9984375 0.7484375 0.9375 0.734375 0.9046875 0.71875 0.8640625 0.7171875 0.85625 0.7078125 0.73125 0.6765625 0.596875 0.6578125 0.5953125 0.6921875 0.6046875 0.69375 0.6125 0.7078125 0.6328125 0.7234375 0.65 0.728125 0.6484375 0.7390625 0.65625 0.7421875 0.6578125 0.75625 0.6265625 0.7828125 0.5703125 0.7953125 0.503125 0.803125 0.371875 0.79375 0.3609375 0.7984375 0.2859375 0.79375 0.2578125 0.8 0.190625 0.7890625 0.178125 0.78125 0.1515625 0.7859375 0.090625 0.778125 0 0.778125 0 0.9984375
4 0.5640625 0.79375 0.6109375 0.7828125 0.6328125 0.7703125 0.6390625 0.7578125 0.50625 0.7375 0.434375 0.7328125 0.3890625 0.7359375 0.3765625 0.765625 0.371875 0.778125 0.3765625 0.7828125 0.4828125 0.8 0.5640625 0.79375
1 0.36875 0.775 0.3765625 0.7625 0.3734375 0.75625 0.3390625 0.75 0.0109375 0.7203125 0 0.721875 0.003125 0.75 0.353125 0.7765625 0.36875 0.775
4 0.29375 0.7484375 0.34375 0.7484375 0.3765625 0.75625 0.4046875 0.734375 0.009375 0.7015625 0 0.7015625 0.0015625 0.7203125 0.2375 0.7390625 0.29375 0.7484375
4 0.50625 0.6484375 0.49375 0.646875 0.4796875 0.65625 0.4703125 0.6796875 0.453125 0.696875 0.4390625 0.73125 0.5203125 0.7390625 0.5234375 0.7203125 0.50625 0.6484375
1 0.528125 0.725 0.534375 0.7265625 0.5390625 0.4626953125 0.5453125 0.403125 0.5390625 0.375 0.5296875 0.38125 0.528125 0.4203125 0.5328125 0.45 0.528125 0.4546875 0.5265625 0.7125 0.528125 0.725
1 0.621875 0.728125 0.578125 0.6953125 0.5671875 0.6796875 0.546875 0.703125 0.5484375 0.7375 0.578125 0.7484375 0.63125 0.7515625 0.621875 0.728125
1 0.6375 0.75 0.621875 0.725 0.5671875 0.675 0.559375 0.6765625 0.55 0.69375 0.540625 0.6890625 0.534375 0.7359375 0.5875 0.7515625 0.63125 0.7546875 0.6375 0.75
1 0 0.68125 0.040625 0.6890625 0.290625 0.7078125 0.3578125 0.7078125 0.3640625 0.696875 0.3640625 0.6875 0.3515625 0.678125 0.0171875 0.6453125 0 0.6453125 0 0.68125
1 0.1234375 0.696875 0.0546875 0.6953125 0.0015625 0.6859375 0 0.696875 0.0125 0.7 0.1609375 0.7078125 0.1234375 0.696875
1 0.4578125 0.7 0.4703125 0.671875 0.4265625 0.6625 0.4078125 0.6625 0.39375 0.671875 0.3609375 0.6671875 0.365625 0.6953125 0.340625 0.7140625 0.253125 0.7140625 0.2203125 0.70625 0.2140625 0.7125 0.2265625 0.7171875 0.428125 0.7296875 0.4578125 0.7
1 0.1984375 0.640625 0.1984375 0.659375 0.215625 0.6609375 0.2171875 0.6421875 0.1984375 0.640625
1 0.2703125 0.634375 0.2703125 0.6671875 0.290625 0.6703125 0.2953125 0.6375 0.2703125 0.634375
1 0.128125 0.621875 0.1265625 0.65 0.1484375 0.6546875 0.15625 0.6265625 0.128125 0.621875
1 0.44375 0.6 0.434375 0.584375 0.428125 0.5875 0.428125 0.646875 0.4390625 0.659375 0.44375 0.6546875 0.44375 0.6
1 0.559375 0.5625 0.5484375 0.503125 0.54375 0.5078125 0.540625 0.68125 0.5515625 0.6890625 0.5578125 0.671875 0.559375 0.5625