0 1 0.7652878375000001 0.9965767828125 0.726385525 0.9372176015625 0.661291490625 0.9064616484375 0.6513922328125 0.86260268125 0.6504640546875 0.8511422703125 0.6579084843749999 0.842626975 0.6914788515625 0.8405498234375001 0.7302900921875 0.843476046875 0.7580370984375 0.8498764031249999 0.7665201109375 0.871154628125 0.753157903125 0.8938109437499999 0.7609640109375 0.9065171921875 0.7860353796874999 0.9537180375000001 0.77904704375 0.9699173140624999 0.783233346875 0.976260990625 0.7965795640625 0.987645828125 0.7956194125 1 0.7766534921875 1 0.7652878375000001
0 1 0.683651265625 0.992215790625 0.6823334109375 0.9807175890625001 0.6930199796875 0.977337921875 0.7041786296875 1 0.7346035078125001 1 0.683651265625
1 0.737141603125 0.819984925 0.75972234375 0.8342753078125 0.76463125 0.8313164203125 0.774489125 0.5431437953125 0.82188004375 0.38043841562499997 0.8482383546875001 0.21002134374999998 0.8738220312499999 0.10606810468750001 0.8792410609375001 0.059340351562500004 0.8889903765625 0.0339525796875 0.8503166421874999 0.03170375 0.6961894375 0.0227414421875 0.697537096875 0.035797148437499995 0.705598946875 0.0411324390625 0.698971865625 0.05210225625 0.714320934375 0.1292366671875 0.73644823125 0.1824327078125 0.7450379640625 0.28188441875 0.74951118125 0.45571647187500003 0.7424862 0.6402350953125 0.746941659375 0.6761818625 0.737141603125 0.819984925
0 0.8025066546874999 0.6485917125 0.7749414328124999 0.64374449375 0.77161844375 0.6500399359375 0.76906895625 0.729377903125 0.812946815625 0.7286850109375 0.8290894124999999 0.737734521875 0.837415771875 0.7203748453125 0.83603768125 0.6992065296875001 0.8186114625 0.6608833609375 0.8025066546874999 0.6485917125
4 0.6646225421875 1 0.6547471 0.91901251875 0.633224396875 0.8139422671875 0.6415318625 0.7982036609375001 0.6512174203125001 0.8036333656249999 0.6853719359375 0.80075290625 0.7046674765625001 0.81809659375 0.7095952765625 0.8135166375 0.719280834375 0.8189463421875001 0.7294387296875 0.783849321875 0.7280039578124999 0.767544215625 0.7199798953125 0.7589667890625 0.6908098609375 0.7524040859375 0.6792171921875 0.771195996875 0.6662086484375 0.772061734375 0.6579578625 0.782937134375 0.6417019046875 0.7836140375 0.6223307890625 0.7727546265624999 0.60783079375 0.7621784625 0.608038621875 0.7443467015625 0.6179320109375 0.73194465 0.6083598125 0.7167885296875001 0.608907725 0.669777528125 0.58290953125 0.6698879328125 0.5742808734375 0.7131847140625001 0.5393328296875 0.784150075 0.513786940625 0.8848611749999999 0.48573048906249994 0.922161753125 0.46129931874999996 0.92722978125 0.45144371874999994 0.9363896953124999 0.44472217187499996 0.9554648578125 0.442994784375 1 0.6646225421875 1
1 0.64969045625 0.5164208953125 0.6139878109375 0.5127226625 0.6152714328125 0.541996321875 0.6281477234375 0.5524780687499999 0.634245784375 0.5868981843750001 0.6256537765625 0.7664591828125 0.6353204406249999 0.7735099578125 0.6467241718750001 0.7709287359375 0.6519353734375 0.7420327421875 0.65199319375 0.5976631796875 0.662113303125 0.5658082984374999 0.706217884375 0.545662578125 0.72766615 0.5177107515625 0.7244943109374999 0.5110376421875 0.692001290625 0.5107703796874999 0.64969045625 0.5164208953125
0 0.702893759375 0.6914643765624999 0.7385208296875 0.701646884375 0.7423161578124999 0.654824715625 0.7148076156250001 0.6451142890625 0.7033472046875 0.65255871875 0.702893759375 0.6914643765624999
0 0.667568984375 0.6553447625000001 0.6657374484374999 0.67308210625 0.6721944859375 0.6767019109375 0.6773490093750001 0.6526691234374999 0.667568984375 0.6553447625000001
4 0.7232273078125 0.759155621875 0.684352821875 0.748784278125 0.64859349375 0.7499492546875001 0.6304304296875001 0.7748477765625 0.622293003125 0.7759967640625 0.6395302859374999 0.8305306218749999 0.7142963531250001 0.8283895078124999 0.7323271640625 0.81483846875 0.736065809375 0.77287950625 0.7232273078125 0.759155621875
1 0.363537990625 0.8112376765624999 0.361819815625 0.8192486078125001 0.37805688125 0.820192771875 0.38277685156249996 0.8334445734375 0.3989950203125 0.8360098078125 0.4279950140625 0.8571621328125 0.4437597390625 0.898633025 0.4549745359375 0.9122624937499999 0.4793112375 0.9152998109375 0.5089725031250001 0.8797147187500001 0.527381184375 0.8337422984374999 0.5361232046875 0.7807191015625 0.5333292375 0.7416246109375 0.4962862875 0.713515928125 0.435982428125 0.7294753453125 0.42416303906249997 0.7677200859375 0.363537990625 0.8112376765624999
1 0.4354096703125 1 0.44003998749999995 0.9389709171874999 0.43588682187499994 0.8770870453124999 0.40705687343749997 0.8413450984375 0.3811720390625 0.8317290890625 0.37480946875 0.8200039390624999 0.3568731234375 0.8254496328125001 0.3358971953125 0.812874734375 0.2936808296875 0.8104199046874999 0.272345925 0.8286453187499999 0.2639817765625 0.8492471343749999 0.245894284375 0.8676613812499999 0.20836010312500003 0.881700490625 0.19542713437499998 0.8760819515625 0.18885673281249998 0.8821885625 0.1918207421875 0.9066934312500001 0.21051169218750002 0.9759113296875 0.2203505453125 0.994327290625 0.3179056546875 1 0.4354096703125 1
1 0.2119842484375 0.9889742984375 0.132215946875 0.86267329375 0.0673243703125 0.8540334250000001 0.01956175625 0.8404528171875001 0.0228759578125 0.9828443874999999 0.21253645781250002 0.9938729109375 0.2119842484375 0.9889742984375
1 0.9638655109375 1 0.9272652593749999 0.957569459375 0.8452497625 0.884669315625 0.8228201703125 0.85741038125 0.7322326968749999 0.8229438124999999 0.6491591624999999 0.8408235375 0.6457039203125 0.8584664640625 0.6712050328125 1 0.9638655109375 1
1 0.06760777500000001 0.8297173890625 0.0967967015625 0.834659025 0.101554459375 0.8446686890624999 0.15190825 0.8459745328125001 0.1678996984375 0.8679925953125001 0.2231057140625 0.8712027578124999 0.2609233 0.8328476109375 0.259639678125 0.80357395 0.2729505171875 0.776771109375 0.2908490765625 0.7745675546874999 0.3686358328125 0.7920680984375 0.38664774999999996 0.7801381296875001 0.3933315125 0.764305103125 0.39978855 0.76792490625 0.41124896250000004 0.7604804781250001 0.41661131406249996 0.7186159328125 0.44126920468749997 0.694095075 0.47699074531249996 0.6961722375 0.48529821249999994 0.6804336296875 0.48750761875000004 0.6302749078125001 0.47969138281249996 0.6038657187500001 0.48682858749999997 0.5491270390625 0.47944690312500005 0.48543326249999996 0.4556581171875 0.43538494375000003 0.4418004984375 0.369692434375 0.41642579218750003 0.316307559375 0.3855753703125 0.31451364531250003 0.375097421875 0.2376624859375 0.3531023796875 0.173118959375 0.3387157453125 0.152816384375 0.308110940625 0.129948571875 0.30186173125 0.108497009375 0.212661615625 0.0049497546875 0.0171556125 0.00039930156249999994 0.01143449375 0.49127245625000004 0.015427871874999999 0.66284425625 0.0224285359375 0.6632513359375001 0.055751735937500005 0.7316979140625001 0.050691681249999995 0.74762535625 0.056921996875000005 0.7706979890625 0.057752174999999996 0.8388773046875 0.06760777500000001 0.8297173890625
1 0.5307242046875 0.6863194312500001 0.5060474187499999 0.7124613578125001 0.5381436749999999 0.74677106875 0.5594596859375 0.7301667234375 0.572751634375 0.7049849515625 0.57294056875 0.6887742609374999 0.5649353984375 0.678575765625 0.5470746281250001 0.6775371828125001 0.5307242046875 0.6863194312500001
1 0.5260042312500001 0.6730676296875 0.50982385 0.6672602578125 0.4950215578125 0.6826212 0.4882433265625 0.70655956875 0.5028189000000001 0.71065145625 0.520868603125 0.695479346875 0.5260042312500001 0.6730676296875
1 0.5295161546875 0.6505614953125 0.5307619906250001 0.68307729375 0.5584594671875001 0.6765770296875 0.5539095374999999 0.64873560625 0.5295161546875 0.6505614953125