3 0.6350442828125 0.6727189250000001 0.6101773359375 0.6802300234375 0.6409065859374999 0.7053971046874999 0.6535010421874999 0.7230479453124999 0.649539053125 0.7330079828125 0.6187452515625 0.74593549375 0.56192495 0.7522195468749999 0.53889401875 0.7627015421875 0.45392124687499996 0.775273075 0.4247380625 0.7689787328125 0.4027701171875 0.772995259375 0.4094054515625 0.81510980625 0.43597958124999997 0.80899688125 0.5289083531250001 0.8352198812499999 0.5503286671875001 0.8439597375 0.5719743859374999 0.8748923453125 0.6084050828125 0.8724502640624999 0.613913140625 0.8813629625000001 0.6450934578124999 0.8731536375 0.655723059375 0.8862608484375001 0.6636147671875 0.8853880640625 0.6670614031250001 0.8691371109375 0.6924437078125 0.8679169265625 0.7000454640625 0.88294598125 0.7187278874999999 0.8777058406249999 0.7493605734375001 0.8822528999999999 0.7660458625000001 0.8915164265625 0.8285030593749999 0.8957178015625 0.8854199250000001 0.9100537718749999 0.9351858406250001 0.9537461953124999 0.955961959375 0.954622409375 0.961601665625 0.953998684375 0.9721832375 0.6943083109375 0.86989496875 0.6816590671875 0.8099179828124999 0.688292234375 0.7736484 0.6732597499999999 0.7611505046875 0.676228934375 0.6770153140625 0.660142246875 0.6437735765625 0.64318791875 0.6327251828125 0.64440981875 0.6350442828125 0.6727189250000001
4 0.5456584859375 1 0.6164007953125 0.992176240625 0.611819184375 0.9530085156249999 0.5941677328125 0.893068571875 0.598516240625 0.887826715625 0.5470108703125 0.86178341875 0.54453065625 0.8509488796875001 0.5344164124999999 0.8441325796875001 0.45988010937499996 0.828571278125 0.43053581249999995 0.8397515015625 0.40247990468749995 0.866659009375 0.34723794531249996 0.8727685046874999 0.346142684375 0.8982812687499999 0.35638576875 0.906670296875 0.4162016390625 0.917511696875 0.42898935624999995 0.9375216296875 0.42476955624999996 0.9832171687500001 0.4389564765625 1 0.5456584859375 1
4 0.538572053125 0.719888765625 0.530809184375 0.7223342796875001 0.536961434375 0.7391106187500001 0.5332571234375 0.7522161140625 0.53995700625 0.7562360734375 0.6124318843750001 0.746633721875 0.6461246890625 0.7302116421875 0.63575276875 0.7202498859375 0.538572053125 0.719888765625
4 0.54118110625 0.732296034375 0.540891153125 0.748197875 0.556803409375 0.7480250328125 0.55538618125 0.730725021875 0.54118110625 0.732296034375
4 0.5393773609375 0.7102778390625 0.5431782390625 0.717792365625 0.571588390625 0.714650340625 0.5675298328125 0.7039903578125 0.5393773609375 0.7102778390625
4 0.5624085515624999 0.6220339328125 0.5485899937500001 0.6283231312499999 0.545143359375 0.6445740843750001 0.54491769375 0.70014324375 0.5654361359375 0.6978740015625 0.5709764703125 0.6877394046874999 0.5624085515624999 0.6220339328125
0 0.8273765671875 0.6292302203125 0.794102553125 0.6313231890625 0.780509396875 0.659805140625 0.784020321875 0.6832215046875 0.84634868125 0.685850153125 0.8485069281250001 0.6538719171875 0.8273765671875 0.6292302203125
0 0.603219771875 0.6730646109375 0.6301804203125 0.67166986875 0.6241892796874999 0.6374189625 0.6047338250000001 0.633222734375 0.60064299375 0.6416100453125 0.603219771875 0.6730646109375
0 0.65968583125 0.643015078125 0.6758557640625 0.6459876921875 0.6786582078125 0.6218730984375 0.6657737953125 0.6201240984374999 0.6602334609375 0.6302586953125 0.65968583125 0.643015078125
0 0.70706835625 0.618731071875 0.6978559843750001 0.6229238703125 0.694151671875 0.6360293671874999 0.6976625953125 0.659445734375 0.72108004375 0.653681921875 0.72111231875 0.634634625 0.70706835625 0.618731071875
0 0.72697461875 0.6673128046875 0.7622134921875 0.6697634625 0.7610862171874999 0.6365616140625 0.7538709781249999 0.6262507453125 0.7299381734375 0.6257236421875 0.723206015625 0.6407509828125 0.7217242374999999 0.6615455625 0.72697461875 0.6673128046875