3 0.9941821703124999 1 0.9954098312499999 0.7889830515625 0.9852847125 0.7813559328124999 0.96665050625 0.7796610171875 0.9547367953125001 0.7881355937500001 0.927706896875 0.77288135625 0.9124428 0.774576271875 0.8854523437499999 0.7525423734375 0.8855410906250001 0.7372881359375001 0.8787811515625 0.7338983046875 0.8567768359375 0.728813559375 0.85672753125 0.7372881359375001 0.8380440218749999 0.744067796875 0.7872655890625 0.7322033890624999 0.76535001875 0.7118644062499999 0.717902253125 0.7101694921874999 0.71719228125 0.8322033890625 0.732288746875 0.859322034375 0.7811947703125 0.901694915625 0.87095725 1 0.9941821703124999 1
0 0.9836292406249999 0.774576271875 0.9954352406250001 0.784615384375 0.9959373796875 0.698305084375 0.96378329375 0.6898305078125 0.9298849875 0.6898305078125 0.9094671203125 0.70338983125 0.8940846921875 0.725423728125 0.8972181453125 0.7694915250000001 0.9328212265625 0.7677966109375001 0.944587025 0.7847457624999999 0.9836292406249999 0.774576271875
0 0.833403009375 0.6677966109375 0.7927447625 0.6644067796875001 0.773952784375 0.6898305078125 0.7754307640625 0.72711864375 0.84148315625 0.7355932203125 0.845129365625 0.6915254234375 0.833403009375 0.6677966109375
3 0.6361913343750001 0.771186440625 0.6598511234375 0.7830508468749999 0.700312153125 0.8203389828125 0.704382375 0.70338983125 0.63840886875 0.6813559328125 0.6361913343750001 0.771186440625
0 0.7145715859374999 0.7 0.7382806796875 0.70338983125 0.7417691171875 0.686440678125 0.7351176453125 0.6644067796875001 0.7164932984375 0.6610169484374999 0.7145715859374999 0.7
0 0.574199303125 0.6474576265625 0.5723071734375 0.6813559328125 0.5994159578125 0.683050846875 0.596223340625 0.6491525421875 0.574199303125 0.6474576265625
0 0.631757396875 0.6593220343749999 0.6401826703125 0.6677966109375 0.6588168765625 0.669491525 0.6589549265625 0.6457627125000001 0.64374013125 0.6389830515625 0.631757396875 0.6593220343749999
0 0.6655275125 0.6813559328125 0.6875416890625 0.6847457625 0.6877290421875 0.6525423734375 0.6793037703125 0.644067796875 0.6657050046874999 0.6508474578125 0.6655275125 0.6813559328125
0 0.6993370718749999 0.69661016875 0.70612659375 0.6949152546875 0.7028452296875 0.6762711859375 0.6993370718749999 0.69661016875
3 0.51435465 0.7372881359375001 0.42284894843750004 0.7338983046875 0.42106528593750003 0.7491525421875 0.5142165999999999 0.7610169484375 0.6040175265625 0.7661016953125 0.6025691296875 0.7237288140625 0.51435465 0.7372881359375001
4 0.5534528437499999 1 0.5553667515625 0.9711864406249999 0.5446461890625 0.774576271875 0.531185475 0.75762711875 0.48374757031250004 0.7542372875 0.46506405781250004 0.7610169484375 0.4684045859375 0.7694915250000001 0.461486875 0.7932203390625 0.42903696562500004 0.8355932203125 0.344382478125 1 0.5534528437499999 1