1 0.6055186859374999 0.7207107875000001 0.6034938890625 0.6974236609375 0.5788178171875 0.6987054078125 0.5538040718749999 0.9298182390624999 0.5591630203125 0.9832221265625 0.7623725609374999 0.9773093328125 0.7293068078125 0.9064770671875 0.6825877546875 0.8109090203125 0.66252873125 0.78824253125 0.6642865640625 0.7622300281250001 0.6535097921874999 0.7589964578124999 0.651221684375 0.745522484375 0.6385091046875 0.7354350000000001 0.6055186859374999 0.7207107875000001
3 0.7360711703125 0.75312741875 0.698593528125 0.7278884703124999 0.68500203125 0.7308072375 0.6766913421874999 0.7739140625 0.6813120484375 0.8090786124999999 0.6943769265624999 0.8257861515625 0.7622464421874999 0.977313003125 0.8398589265625 0.9750547109375001 0.862889175 0.8555988187500001 0.862184578125 0.8423587078124999 0.8440613656249999 0.8265461343749999 0.8467871015625 0.8039605875 0.79580695 0.7980736187499999 0.7754846203125 0.785220284375 0.7743832328125 0.757143509375 0.7360711703125 0.75312741875
3 0.76140734375 0.756869178125 0.759471534375 0.7500152640625 0.706863378125 0.7356778265624999 0.7017605484375 0.7283561890625 0.7070377 0.7094314625 0.698504540625 0.7114552609375 0.6856176390625001 0.7276141390624999 0.6742734109375 0.7949030578125 0.680080834375 0.8154648078125 0.7588260671875 0.9774125265625001 0.8405985734374999 0.9750331890625 0.8632414718750001 0.8622188749999999 0.8634602859375 0.844189115625 0.841202146875 0.824481865625 0.8470949046875 0.8023640390625 0.7942234390625 0.7978397578124999 0.772888709375 0.773342859375 0.7749988390625 0.7539504125 0.76140734375 0.756869178125
1 0.8919561703125 0.730173025 0.8721196171875001 0.7485895640625 0.8863712156249999 0.750694303125 0.8431344953125001 0.9749594015625 0.8563844078124999 0.97457386875 0.891741009375 0.8073155703125 0.9319297625 0.57351783125 0.982587484375 0.3445502125 0.9774401609375 0.32901196875 0.970798315625 0.329673078125 0.9654766703125001 0.34038120312500003 0.9406780828124999 0.4943514890625 0.8919561703125 0.730173025
0 0.8722122640625001 0.824135559375 0.88944925 0.7347288125 0.8610795359375001 0.7551691484374999 0.848767403125 0.8190311093749999 0.8500876046875 0.8290781218750001 0.8592808671875 0.83207783125 0.8722122640625001 0.824135559375
0 0.9462632609374999 0.744145615625 0.9359866703125 0.738317653125 0.9058999625 0.7338743140624999 0.8834748156250001 0.8586389984375 0.9230625859374999 0.8644854984375 0.9462632609374999 0.744145615625
0 0.7856421296875 0.732534165625 0.7782993453125 0.7790679484374999 0.78938391875 0.7807049671875 0.799897384375 0.7937516890625 0.848018315625 0.7975743921875 0.8645098671874999 0.7458237140625 0.8469577656249999 0.7186014390625 0.8079856 0.7095618406249999 0.7856421296875 0.732534165625
3 0.6652099734375 0.75744038125 0.6745330625 0.72597711875 0.644094059375 0.7149137234375 0.639695825 0.7208322 0.6438752437499999 0.7329434828125 0.6585681265625001 0.758101490625 0.6652099734375 0.75744038125
1 0.6536323046875 0.60630791875 0.65648786875 0.549259403125 0.649274909375 0.5613302140624999 0.6326535296875 0.6475438625 0.6105770234375 0.71981581875 0.621045990625 0.7246459359374999 0.6536323046875 0.60630791875
0 0.6557942406249999 0.7133576453125 0.6773477859375 0.719824784375 0.6869341828125 0.67854836875 0.6739138 0.67005743125 0.6638416203124999 0.680063975 0.6557942406249999 0.7133576453125
0 0.753089340625 0.6817504328124999 0.729952284375 0.675049434375 0.7142061640625 0.6891440453125 0.7065110812500001 0.7290577703125 0.730616040625 0.7391857265625 0.7320660703125 0.714769771875 0.753089340625 0.6817504328124999
0 0.780361321875 0.6923461078125001 0.749614515625 0.6828792609375001 0.7339128890625 0.7051904765625 0.7300004343750001 0.7423788250000001 0.77719795625 0.7509911734375 0.790963775 0.7218260437499999 0.780361321875 0.6923461078125001
3 0.8829037015625 0.870048703125 0.8648648874999999 0.9743271109375 0.9020947500000001 0.9732438328124999 0.9211815640625 0.8742421874999999 0.8917446671875 0.8664283546875 0.8829037015625 0.870048703125
3 0.9020947500000001 0.9732438328124999 0.9209652281249999 0.875364309375 0.8803522875 0.866387884375 0.8629232328124999 0.9743836078125 0.9020947500000001 0.9732438328124999
4 0 0.6811077 0.0195788421875 0.68507876875 0.0677887625 0.7053346796875 0.07100027812500001 0.714019003125 0.0975676640625 0.7113745671875 0.131218184375 0.7311222890625 0.2420639421875 0.747492490625 0.3064612671875 0.7767070578124999 0.33074420312499997 0.819701434375 0.3497499890625 0.8816205390625 0.371789315625 0.91935755 0.381598184375 0.9191641609375001 0.40921880625 0.8772671078125001 0.412956940625 0.8663251234375 0.3522496 0.7588391828125001 0 0.642087090625 0 0.6811077
1 0 0.6249924609375 0.0015409609375 0.6265866203125 0.029120746875 0.6355857484375 0.0351914796875 0.6463343421875 0.080805490625 0.6547128296875 0.11445601093749999 0.6744605531250001 0.3379535078125 0.7485178359375 0.359551546875 0.7632015812499999 0.4189831796875 0.8688571125 0.4272085375 0.8684298640625 0.5135007375 0.733393271875 0.508045609375 0.7194515796875 0.49093479531249995 0.7152825703125 0.4799800453125 0.67918258125 0.48626959531249997 0.6719014140625 0.4814300734375 0.6547666249999999 0.44874745781250003 0.6384458609375 0.42380807656249997 0.6495407640625 0.40955647968750003 0.6474360234375001 0.40027422812499996 0.628003103125 0.377444978125 0.61970555625 0.3049557765625 0.615568053125 0.3075961796875 0.63566208125 0.2985364015625 0.6573121875 0.287144021875 0.6572717171875 0.2307532375 0.6456596593749999 0.22881743124999998 0.63880574375 0.1670160140625 0.621468596875 0.1280883453125 0.6206456046875 0.11220874218750002 0.6100903984375 0.0916231 0.6070502203125 0.08462895625 0.601091271875 0.084232165625 0.5862546109375 0.1003305828125 0.5787800578125 0.103453109375 0.571031171875 0.0337786328125 0.5607413328125 0.0072112453125000005 0.56338576875 0 0.5743243328125 0 0.6249924609375
1 0 0.9219202703124999 0.3492388359375 0.97349743125 0.35111834218750004 0.9589969437500001 0.3696791875 0.9387499984375 0.3702502984375 0.9273402953125001 0.3427113515625 0.8674449875000001 0.32691708125 0.8142102078125 0.3061534640625 0.7783036078125 0.2820040109375 0.7599590453125 0.2395570203125 0.7520482765625001 0.23256287812499998 0.7460893296875 0.2347175 0.7349134859374999 0.22526092812499998 0.74172693125 0.20722670468749999 0.7423475703125 0.19768114375 0.7327278046875 0 0.6796519546875001 0 0.9219202703124999
4 0.40253246562499995 0.8697116125000001 0.39289791875 0.8436586359374999 0.37965871875 0.853197459375 0.3782531859375 0.8858300187499999 0.382695915625 0.8881281484375 0.376892146875 0.9266791859374999 0.3508550328125 0.9688100984375 0.3509872984375 0.973755653125 0.4388006 0.986724315625 0.55723025 0.9832783656249999 0.555561903125 0.9038057343749999 0.5660235609375001 0.7904102828124999 0.5774567765625 0.7395545734375 0.574549409375 0.6701609140625 0.5463540171875 0.6643548859374999 0.5373832265625 0.7024382015625 0.4284842453125 0.8702602718750001 0.40253246562499995 0.8697116125000001
1 0.505097403125 0.7009540984375 0.509714453125 0.6770058640625 0.4496300296875 0.6845523953125 0.4476088890625 0.7203780531249999 0.4536796234375 0.7311266468750001 0.4631806890625 0.7325298078125 0.505097403125 0.7009540984375