0 0.7831103640625 0.7191354125 0.7696344984375 0.7497383921874999 0.7615332968749999 0.7862978171874999 0.7599886375 0.8131044187500001 0.7648172390625 0.8221354953125 0.7874042421875 0.8126692984374999 0.8079902734375001 0.8235243203125 0.8162823171875001 0.8492730453125 0.8628252640625 0.84979680625 0.8777635984375 0.85623269375 0.8817731046875 0.8698757125000001 0.8928852140625001 0.8706912796875 0.908822146875 0.8533951953125 0.912367778125 0.806267378125 0.8654507078125 0.735412765625 0.8373955093750001 0.7213398015625 0.7953146015625 0.71380171875 0.7831103640625 0.7191354125
0 0.948707459375 0.791803615625 0.9287572421875 0.7683139515625 0.915094315625 0.7637515046875001 0.9023440140625001 0.7721598281250001 0.8973359125 0.782248778125 0.9153749078125 0.81649964375 0.91118968125 0.849119378125 0.95199518125 0.8547840203125 0.9619062328125001 0.798979496875 0.948707459375 0.791803615625
1 0.7170470515625 0.511608284375 0.681276115625 0.6858537796874999 0.6799147375000001 0.7206830796875 0.6478727140625 0.8558234578125001 0.66736661875 0.8728277359375 0.6725580015625 0.8707614843749999 0.7273514078125001 0.598463975 0.7985569609375001 0.45106940156249997 0.8507249203124999 0.2931559328125 0.89169858125 0.198272365625 0.904261821875 0.1546986171875 0.9226560375 0.123566703125 0.9212871 0.10411055 0.9147305578125 0.1138633734375 0.9075344218750001 0.109108115625 0.9033454140625 0.1145851234375 0.8940547765625 0.11256836875000001 0.8920500234375 0.1057468578125 0.8807584109375 0.12405131875 0.85680246875 0.11406136250000001 0.862446384375 0.0913377671875 0.775733753125 0.072514721875 0.768085084375 0.08841680625000001 0.740029884375 0.07434384375 0.735474315625 0.06377545 0.7330208109374999 0.1047540109375 0.7399439140624999 0.111046584375 0.7318389328125 0.1204632828125 0.734490840625 0.19607833125000002 0.7474319828125 0.24997815937499998 0.7400676875000001 0.3457711109375 0.7170470515625 0.511608284375
0 0.7377492953125 0.702902378125 0.71197188125 0.6941136109375 0.707782875 0.6995906187500001 0.6928558812500001 0.7745829109375 0.7352098203125 0.780583678125 0.749329059375 0.7916315093749999 0.7600746093749999 0.7764016781249999 0.7620755796875 0.7560804609375 0.751322471875 0.7170248390625 0.7377492953125 0.702902378125
4 0.5504043265624999 1 0.552976690625 0.9374053046874999 0.5487725625000001 0.83431140625 0.55924508125 0.8206188859375001 0.5677166234375 0.827247584375 0.60105295625 0.8296942828124999 0.6169039171875 0.8491009406250001 0.6223683328125 0.8454973734375001 0.630839875 0.8521260734375 0.6461372125 0.8203219046875001 0.647319090625 0.8046126328125001 0.64094205 0.7952454296875 0.613889228125 0.7845832203125 0.59977376875 0.800678115625 0.5871132171875 0.7995264234375 0.577459796875 0.8086069984375 0.561702365625 0.8067830546874999 0.544759278125 0.79352565625 0.532461509375 0.7812766359375 0.5354648578125001 0.7643661749999999 0.5469397515625001 0.7540844124999999 0.540106396875 0.7382318265625 0.5480243171875 0.6936497 0.522976246875 0.6898090015625 0.5078621921875001 0.72963586875 0.4630585265625 0.7917563875 0.42263093124999995 0.8835653234375 0.389754690625 0.9147467375 0.3654359671875 0.9158541093749999 0.3545071375 0.92306124375 0.345036996875 0.940164515625 0.3343310265625 0.9921243421874999 0.3706120328125 1 0.5504043265624999 1
1 0.61139791875 0.5541345109375 0.577605275 0.5452024296875 0.5742391437500001 0.57321021875 0.5849884703125 0.5851231125 0.5854485656249999 0.618751225 0.5489482828125001 0.78804865 0.5571467953125 0.7962146640625 0.5685319375 0.7954929140625 0.578091828125 0.7688296296875 0.6008432125 0.6316724953125 0.6155944875 0.6029429578125 0.66122480625 0.59049595 0.686269096875 0.5671939218750001 0.68426434375 0.5603724109375 0.653022515625 0.5551872078125 0.61139791875 0.5541345109375
0 0.6351035125 0.72851814375 0.66780403125 0.7435994859374999 0.6788188296875 0.6996896125000001 0.6538605109375 0.6862889 0.6416562734375 0.6916225921875 0.6351035125 0.72851814375
0 0.6067715015624999 0.6888397671875001 0.6022197125 0.7054141031250001 0.6078674078125 0.7098332359375 0.6166082046875 0.68778189375 0.6067715015624999 0.6888397671875001
4 0.6440389296875 0.79591768125 0.60824153125 0.780164090625 0.573629790625 0.77584395 0.55222844375 0.7967436 0.5442132140625 0.7966002859375 0.5522360046875 0.8510290546875 0.6245563656249999 0.8603415828125 0.644046490625 0.8502031359375 0.65424219375 0.81090520625 0.6440389296875 0.79591768125
1 0.2895472921875 0.7908130375 0.28663369375 0.7981634843750001 0.3021180921875 0.8015247437499999 0.304579159375 0.8148316375 0.319790525 0.8197302093750001 0.3443860609375 0.8442282499999999 0.3530446671875 0.8860223749999999 0.36169949218749997 0.9006737734374999 0.3846530578125 0.9072529765624999 0.41880470625 0.877945003125 0.4437554640625 0.8370602609375 0.46050771093750004 0.78800950625 0.46396359218749994 0.7504417015625 0.43271798281249996 0.7181137734374999 0.3721493265625 0.7241248953125 0.3547574859375 0.7586675656249999 0.2895472921875 0.7908130375
1 0.187720603125 0.8118168578124999 0.167411384375 0.8265672500000001 0.1290669515625 0.8342095031250001 0.1174985265625 0.8269085531249999 0.110212640625 0.83171330625 0.10921404531250001 0.8554452796875 0.1163279890625 0.9240460046875001 0.12410154531249999 0.946489015625 0.3267597875 0.9904808234375 0.3431219953125 0.9237829906249999 0.34885188125 0.86435665625 0.326713628125 0.8260227828125 0.30330375 0.8129581968749999 0.2990212125 0.8008524921875001 0.280896246875 0.803304365625 0.2626777515625 0.788173528125 0.222418315625 0.77943425625 0.199012215625 0.793512396875 0.187720603125 0.8118168578124999
1 0 0.919549815625 0.11529479218750001 0.9445773015625001 0.1156921765625 0.9366806484374999 0.058747562499999996 0.8045757578125 0 0.7872192546875 0 0.919549815625
1 0.796572284375 1 0.7417890421875 0.9336872156249999 0.7244793921875 0.90438441875 0.64268133125 0.857889709375 0.5598884546875 0.8622696968750001 0.553788225 0.87850790625 0.5558100687499999 1 0.796572284375 1
1 0 0.764596328125 0.0017245390625 0.7634590625000001 0.029050392187500003 0.7725839546875 0.032057521875 0.7828162203125 0.080332190625 0.79169880625 0.0922671765625 0.8150451562500001 0.14491413125 0.8264734328125 0.187354040625 0.7957714593749999 0.190720171875 0.7677636703124999 0.20774923125 0.7443183265625 0.2253281328125 0.74494108125 0.2974689921875 0.7733736375 0.316686084375 0.7647725046875 0.3256101609375 0.7507438609375 0.3312578578125 0.75516299375 0.3434620953125 0.7498293015625 0.355206240625 0.710867496875 0.38280134375 0.69131235 0.416867021875 0.6987071171875 0.4273395390625 0.6850145999999999 0.4373519625 0.6376939703125 0.43397827031249997 0.61141630625 0.449455109375 0.5604921109375 0.45236114687500006 0.4988562109375 0.43732550156250005 0.4476948828125 0.43431081093749996 0.3831771625 0.41827278906250004 0.3286050796875 0.38885243125 0.3222186890625 0.39084584218749996 0.2476120203125 0.379815921875 0.1829509859375 0.36915634375 0.16147807812499998 0.3432853984375 0.1351065953125 0.34064105312500004 0.11377700312500001 0.2768992453125 0.0112827796875 0.080450184375 0.00327809375 0 0.4562556703125 0 0.6497330578125 0.0057189234375000005 0.6685311734375 0 0.6796693312500001 0 0.69887184375 0.000714603125 0.7057628515625 0 0.710438790625 0 0.764596328125
1 0.470149790625 0.6975007515625 0.44228165468749997 0.718593215625 0.4677898171875 0.7560620250000001 0.49092288437500003 0.7435211984375 0.507678909375 0.7216131703124999 0.510409228125 0.7062400234374999 0.50430521875 0.69533550625 0.48727237968750003 0.6916381234375 0.470149790625 0.6975007515625
1 0.467688725 0.6841938562500001 0.45302342187500005 0.67622065625 0.436357146875 0.68856866875 0.4260679109375 0.7102838874999999 0.43945780624999997 0.716383646875 0.4592209609375 0.704707884375 0.467688725 0.6841938562500001
1 0.47460804999999995 0.6633437046874999 0.47069585468749997 0.6944261218750001 0.4983844921875 0.6924536890625 0.4983807109375 0.6653109609375 0.47460804999999995 0.6633437046874999