3 1 0.830896490625 0.7938198328125 0.7509440359374999 0.6735389031250001 0.7122978578125 0.614454971875 0.690599240625 0.5702049984374999 0.6928355500000001 0.6331812218749999 0.7857192296875 0.573135221875 0.7941615484375 0.4569135046875 0.7863568453124999 0.0364458484375 0.69542820625 0.048982582812499995 0.93464336875 0.517444375 1 0.9870511484375 1 1 0.8530761124999999 1 0.830896490625
4 0.617689378125 0.7797352921875 0.5199833968750001 0.7523425765625 0.52148499375 0.6653963093749999 0.5108337859375001 0.663910325 0.44443582187499997 0.7356864937500001 0.3473195859375 0.71907939375 0.0343449546875 0.65247955625 0.39924440156249996 0.741614078125 0.393082125 0.7591029390624999 0.46796408281249996 0.7833114 0.58136131875 0.7899575296875 0.617689378125 0.7797352921875
1 0.5267296921875 0.7439565781249999 0.53539136875 0.741801090625 0.5399938343749999 0.7088041296875 0.560787625 0.4728677765625 0.5497200109375 0.483097371875 0.5418329984375 0.5341375796875 0.5221477125 0.7382714703125 0.5267296921875 0.7439565781249999
1 0.54340433125 0.727781425 0.5380067171875 0.75057573125 0.54273513125 0.7545993156249999 0.5954168859375 0.7720408390625 0.61579489375 0.771519934375 0.607509546875 0.7501805781249999 0.588595890625 0.734086246875 0.5676526281250001 0.7025711796875 0.54340433125 0.727781425
1 0.5406425484375 0.72066830625 0.53786028125 0.7522372546875 0.5954168859375 0.7720408390625 0.6174686546875 0.7717534453125 0.6091833078125 0.750414090625 0.5710001499999999 0.703038203125 0.562777778125 0.7002091187499999 0.5599325359375 0.7132677953125001 0.5406425484375 0.72066830625
1 0.1209882171875 0.6183901781250001 0.03744658125 0.605053059375 0.032618365625 0.6223955078125 0.03265360625 0.6230679359375 0.03707025 0.6285479015625001 0.0996481375 0.64905201875 0.3192667328125 0.6948293046875 0.376174621875 0.7027687109375 0.38498273437499997 0.6989516984375 0.383245996875 0.6802079156249999 0.35843244687500003 0.6733821890625 0.1209882171875 0.6183901781250001
1 0.03182151875 0.607190734375 0.0605423625 0.4198964625 0.0525294015625 0.433916128125 0.029870190624999998 0.569957203125 0.03182151875 0.607190734375
1 0.036338071875 0.63685551875 0.037279659375 0.64539665 0.09054715625000001 0.6561920781249999 0.072867953125 0.645315828125 0.036338071875 0.63685551875
1 0.315898725 0.7330443484375 0.311609615625 0.7240361937500001 0.2569612296875 0.7096842062500001 0.0348012171875 0.6640467812499999 0.0355553109375 0.6784357562500001 0.0360247171875 0.678860634375 0.315898725 0.7330443484375
1 0.1584391984375 0.6740736843749999 0.4415142921875 0.7303859453125 0.479591984375 0.7020592234375 0.48637049374999997 0.6828214765625 0.38397817343749996 0.671900296875 0.38862312656250003 0.696095675 0.37071403125 0.70705274375 0.29037348281250003 0.6958441718749999 0.16448552968750002 0.66314355625 0.15902493906249998 0.6674275890625 0.147747915625 0.6608084359374999 0.1104858578125 0.66065574375 0.09768150625000001 0.6521415546875 0.09389467812499999 0.656659103125 0.1584391984375 0.6740736843749999
1 0.5571677187499999 0.437041734375 0.5543854500000001 0.4686106828125 0.563339996875 0.46313214687500004 0.5652436546875 0.4415323421875 0.5571677187499999 0.437041734375
1 0.468398421875 0.675268275 0.47720653593750006 0.6714512640625 0.4776663265625 0.6277846265625 0.4865578984375 0.6037958203125 0.48147363906249996 0.5845850125000001 0.4623300875 0.5903240000000001 0.4566820921875 0.6736336921875 0.468398421875 0.675268275
1 0.2455787390625 0.6273624421874999 0.24244062500000002 0.6437441671874999 0.2575044796875 0.6458457734375 0.255914178125 0.6254404671875 0.2455787390625 0.6273624421874999
1 0.30947454375 0.6329128484375001 0.30545782187500004 0.6592637140625001 0.3253965234375 0.6637273796875001 0.331087009375 0.6376100265625 0.30947454375 0.6329128484375001
1 0.119607325 0.61483361875 0.1329974171875 0.6167017140625 0.137516421875 0.6038765500000001 0.1265322671875 0.5939343484374999 0.1212181125 0.5965568609375 0.119607325 0.61483361875
1 0.1867876796875 0.6023407781250001 0.18262451875000002 0.630353165625 0.20256322187500003 0.634816834375 0.20657994687499998 0.60846596875 0.1867876796875 0.6023407781250001
1 0.0498950859375 0.598380025 0.071361115625 0.6047387265624999 0.0755242734375 0.5767263375 0.07108873125000001 0.5693797078125 0.0574057671875 0.570834659375 0.0498950859375 0.598380025