1 0.8796875 0.978125 0.79375 0.8578125 0.73125 0.7734375 0.7078125 0.7546875 0.7046875 0.7296875 0.69375 0.728125 0.6890625 0.715625 0.675 0.7078125 0.640625 0.6984375 0.634375 0.6765625 0.6109375 0.68125 0.6296875 0.9046875 0.6578125 0.9984375 0.8875 0.9984375 0.8796875 0.978125
3 0.8890625 0.99375 0.9125 0.9984375 0.9125 0.790625 0.909375 0.778125 0.8890625 0.765625 0.8875 0.74375 0.8375 0.7453125 0.815625 0.7359375 0.809375 0.709375 0.771875 0.7109375 0.73125 0.6921875 0.71875 0.696875 0.71875 0.7390625 0.7296875 0.771875 0.7453125 0.7859375 0.8890625 0.99375
3 0.9125 0.9984375 0.9140625 0.796875 0.9109375 0.7796875 0.8859375 0.7640625 0.8875 0.7421875 0.8359375 0.7453125 0.8109375 0.725 0.809375 0.70625 0.796875 0.7109375 0.79375 0.7046875 0.740625 0.6984375 0.734375 0.6921875 0.7359375 0.6734375 0.728125 0.6765625 0.71875 0.69375 0.7203125 0.759375 0.7296875 0.778125 0.8921875 0.9984375 0.9125 0.9984375
1 0.915625 0.6875 0.915625 0.9828125 0.9171875 0.9984375 0.9265625 0.9984375 0.93125 0.740625 0.9265625 0.5125 0.9328125 0.2875 0.925 0.2734375 0.91875 0.275 0.915625 0.2859375 0.9203125 0.4359375 0.9171875 0.6671875 0.9015625 0.6875 0.915625 0.6875
0 0.915625 0.759375 0.915625 0.671875 0.8921875 0.6953125 0.8921875 0.7578125 0.8953125 0.7671875 0.9046875 0.76875 0.915625 0.759375
0 0.9609375 0.66875 0.93125 0.66875 0.9328125 0.790625 0.9984375 0.790625 0.9984375 0.6828125 0.9609375 0.66875
0 0.8875 0.7375 0.89375 0.6859375 0.871875 0.6625 0.8328125 0.659375 0.815625 0.684375 0.8171875 0.7296875 0.828125 0.7296875 0.840625 0.740625 0.8875 0.7375
3 0.7046875 0.725 0.7078125 0.69375 0.6765625 0.6875 0.6734375 0.69375 0.6796875 0.7046875 0.6984375 0.7265625 0.7046875 0.725
1 0.665625 0.5828125 0.6578125 0.528125 0.653125 0.540625 0.653125 0.625 0.6453125 0.696875 0.65625 0.7 0.665625 0.5828125
0 0.696875 0.640625 0.6890625 0.6515625 0.6875 0.684375 0.709375 0.6875 0.7109375 0.646875 0.696875 0.640625
0 0.775 0.640625 0.7515625 0.6375 0.7390625 0.653125 0.7390625 0.6921875 0.7640625 0.6984375 0.7609375 0.675 0.775 0.640625
0 0.803125 0.646875 0.771875 0.6421875 0.7609375 0.665625 0.7640625 0.7015625 0.8109375 0.703125 0.81875 0.6734375 0.803125 0.646875
3 0.9984375 0.9984375 0.9984375 0.803125 0.9421875 0.796875 0.934375 0.8015625 0.9375 0.9620535718750001 0.93125 0.9890625 0.9359375 0.9984375 0.9984375 0.9984375
3 0.9984375 0.9984375 0.9984375 0.803125 0.93125 0.7984375 0.9359375 0.95 0.9296875 0.99375 0.934375 0.9984375 0.9984375 0.9984375
4 0 0.7390625 0.0125 0.74375 0.071875 0.746875 0.121875 0.759375 0.1265625 0.7671875 0.1515625 0.7609375 0.1875 0.775 0.296875 0.775 0.3640625 0.79375 0.3953125 0.83125 0.425 0.8875 0.453125 0.9203125 0.4625 0.91875 0.48125 0.875 0.4828125 0.8640625 0.4046875 0.7703125 0.0125 0.703125 0 0.7046875 0 0.7390625
1 0.04375 0.69375 0.071875 0.6984375 0.0796875 0.7078125 0.125 0.709375 0.1609375 0.7234375 0.3890625 0.7625 0.4125 0.7734375 0.4890625 0.865625 0.496875 0.8640625 0.5546875 0.7234375 0.546875 0.7109375 0.5296875 0.709375 0.5125 0.6765625 0.5171875 0.66875 0.509375 0.653125 0.475 0.6421875 0.453125 0.65625 0.4390625 0.65625 0.4265625 0.6390625 0.403125 0.634375 0.3328125 0.640625 0.3390625 0.659375 0.334375 0.68125 0.3234375 0.6828125 0.2671875 0.6796875 0.2640625 0.6734375 0.2015625 0.665625 0.1640625 0.6703125 0.146875 0.6625 0.1265625 0.6625 0.11875 0.6578125 0.115625 0.64375 0.1296875 0.634375 0.13125 0.6265625 0.0625 0.6265625 0.0375 0.6328125 0.028125 0.6546875 0.003125 0.646875 0 0.665625 0.009375 0.6765625 0.0203125 0.6765625 0.04375 0.69375
1 0 0.9984375 0.4203125 0.9984375 0.4421875 0.9859375 0.440625 0.9609375 0.4546875 0.9390625 0.453125 0.928125 0.415625 0.875 0.390625 0.8265625 0.3640625 0.7953125 0.3375 0.78125 0.2953125 0.7796875 0.2875 0.775 0.2875 0.7640625 0.2796875 0.771875 0.2625 0.775 0.2515625 0.7671875 0.0046875 0.7390625 0 0.740625 0 0.9984375
4 0.4421875 0.9703125 0.4484375 0.9984375 0.6515625 0.9953125 0.6265625 0.8796875 0.615625 0.7703125 0.6171875 0.7203125 0.6015625 0.6546875 0.5734375 0.653125 0.571875 0.690625 0.4984375 0.865625 0.4734375 0.86875 0.459375 0.8453125 0.4484375 0.85625 0.453125 0.8875 0.4578125 0.8890625 0.459375 0.9265625 0.4421875 0.9703125
1 0.540625 0.69375 0.540625 0.6703125 0.484375 0.6859375 0.4890625 0.7203125 0.496875 0.7296875 0.50625 0.7296875 0.540625 0.69375