1 0.54727669375 0.006368140625 0.5509478765625 0.0415186171875 0.6934682640625 0.9374889109375 0.7042077375 0.9837494906250001 0.744783378125 0.9777840859375001 0.6072634171875 0.1767576109375 0.6156948609375 0.0766497484375 0.6050835 0.007040784375 0.54727669375 0.006368140625
1 0.6221783890625 0.5174144984375 0.60664320625 0.510130571875 0.604335103125 0.51525385625 0.627408621875 0.6792998156250001 0.632732328125 0.79492655 0.6518957984375 0.8048663484375 0.6588542234375 0.7990593765625 0.6566737078125 0.7674869625 0.62818300625 0.5340728484375 0.6221783890625 0.5174144984375
3 0.7207473046875 0.6863076703125001 0.7062682671875 0.6852470687500001 0.703500315625 0.70638445625 0.7133037796874999 0.7735130921875 0.73461365625 0.8054624203125 0.7382078296875 0.7985554078125 0.7207473046875 0.6863076703125001
3 1 0.713373225 0.8725302046875001 0.700669590625 0.862437453125 0.6973694703125 0.8515184781249999 0.679838975 0.73779848125 0.6838008171875 0.7321261265625 0.6878240625 0.7395873749999999 0.7505131 0.7519629828125 0.8140742828124999 0.932488171875 0.9501878515625 1 0.94026230625 1 0.713373225
1 0.6021811734375 0.7085231328125 0.5864842921875 0.7283720234375 0.5870805906250001 0.7506094515624999 0.581408234375 0.7546326953125 0.5884007734375001 0.7583886078125001 0.5982724640625 0.8446430093749999 0.6409351875 0.993051778125 0.6799697 0.98731295 0.6868762125 0.9735403640625 0.6861775765625 0.9226142875000001 0.6716214546875 0.8274806890624999 0.6687511640625 0.8199294296874999 0.6477735515624999 0.8086616984375 0.6338225890625 0.8107127609375 0.6218815796875 0.796521821875 0.6255010046875 0.7242304625 0.6174523203125 0.714251225 0.6021811734375 0.7085231328125
1 0.567389046875 0.7375579937500001 0.5774817984375 0.7408581109375 0.51473456875 0.3243117125 0.510646434375 0.3376699453125 0.5173155734375 0.39569148906249996 0.567389046875 0.7375579937500001
1 0.5855809828125 0.6200686515625 0.5950344609375 0.5166212296875 0.591866021875 0.49795125625000003 0.5597306484375 0.4022128515625 0.5321862328125 0.3616122203125 0.5378585874999999 0.357588975 0.517604859375 0.331862971875 0.51506683125 0.344993309375 0.569023765625 0.616124284375 0.5801815265625 0.7005949593749999 0.592088421875 0.7052230125000001 0.5855809828125 0.6200686515625
3 0.5950862984375 0.6760785734375 0.5974967390625 0.6996439375 0.6272810359375 0.7159955140625 0.6237803343749999 0.67664394375 0.5950862984375 0.6760785734375
1 0.3813646890625 1 0.3855591546875 0.9955147015625 0.42087049062500004 0.8946442749999999 0.48249953437500004 0.7803367359375 0.500104034375 0.7155571984375 0.4848328890625 0.7098291031249999 0.4564370015625 0.720382446875 0.4355617265625 0.7378033625 0.39628097812499996 0.7403890921875 0.38160613125 0.7568984249999999 0.3609607765625 0.766312290625 0.352418134375 0.762784275 0.3366871375 0.7730702859374999 0.3269266484375 0.7904517609374999 0.3186480390625 0.7884795765625 0.3094156234375 0.8089727171875 0.274359459375 0.836451746875 0.24777771718750002 0.848333025 0.224756034375 0.8437444078125 0.21839390781249998 0.871788809375 0.22288252968750003 0.8982379390625 0.2817272328125 0.9453993671875001 0.336611390625 0.9692233265624999 0.35518825 1 0.3813646890625 1
1 0.344709021875 1 0.34238608125000003 0.99388873125 0.2597275859375 0.9374711921875001 0.1920420890625 0.8756630375000001 0.1230793828125 0.8905858359375 0.110218678125 0.9084231062500001 0.0693878234375 0.91123673125 0.0844516359375 1 0.344709021875 1
1 0.7470827359375 0.8227650203125 0.7403542359374999 0.8205649390625 0.719308396875 0.79017144375 0.7494804859374999 0.9770935218749999 0.9296865656250001 0.950599740625 0.772676559375 0.82378618125 0.756877340625 0.8149464265624999 0.7470827359375 0.8227650203125
0 0.6914228578125 0.6539419890625 0.6951534828125 0.68528650625 0.7005959125000001 0.6892703140625 0.6992075046874999 0.66236539375 0.6914228578125 0.6539419890625
0 0.5906317890625 0.6591923265624999 0.5914580109375 0.673422703125 0.602572796875 0.6733832625 0.60019646875 0.6593807828125 0.5906317890625 0.6591923265624999
4 0.5936745953125 1 0.6371759906250001 0.9936044531249999 0.5501331953124999 0.68268755 0.52971776875 0.6840943625 0.38481467812500003 1 0.5936745953125 1