4 0.685721740625 1 0.6857260296875001 0.9808083875 0.68060506875 0.9743562953125 0.655709909375 0.772706321875 0.651675965625 0.7870421109375 0.637316484375 0.7868746484375 0.6190134578125 0.772278365625 0.6054901421875 0.7881015796875 0.51383034375 0.9867941874999999 0.5089066203125 1 0.685721740625 1
3 0.9824736640625 1 0.9811711171875 0.8675931468750001 0.9627844765625 0.8513977953125 0.9467594515625001 0.7888853046875 0.924088015625 0.782228540625 0.9214823328125 0.7933848 0.8403627921875 0.797233053125 0.8331446359375001 0.7811679515625001 0.8103895828125 0.772912115625 0.80678050625 0.764879565625 0.790825528125 0.764693496875 0.797277565625 0.8270943468749999 0.965319575 1 0.9824736640625 1
3 0.986557984375 1 0.981003884375 0.8643950125 0.958506465625 0.8305727031249999 0.952298490625 0.8033327343750001 0.927864325 0.7934592265625 0.928449640625 0.8046526999999999 0.9129127453124999 0.8124619703124999 0.896539684375 0.8042805640624999 0.8694162203125 0.8039642468749999 0.8369209468750001 0.7923986359375 0.8250835296875 0.7794758484375001 0.7977928359375001 0.775961396875 0.7988730640624999 0.8271129531250001 0.9813885718750001 1 0.986557984375 1
3 0.7555505578124999 0.7914496875 0.78015195625 0.8045213312499999 0.7811689234375 0.7629827890625 0.7746197 0.7597102265625 0.7653879625 0.7356311765625 0.7201287062499999 0.7239167140625 0.723306134375 0.7846812812499999 0.7555505578124999 0.7914496875
0 0.5523437999999999 0.7475294703124999 0.6019714656249999 0.7513044171875001 0.6187626093749999 0.7674811609375001 0.6347175875 0.7676672296875 0.6498364015625 0.751862621875 0.6487493875 0.73107474375 0.6360758046874999 0.7021612796875 0.6106314562499999 0.7034626375 0.595268578125 0.684106365625 0.5804910140625 0.6759435671875 0.5421990640625001 0.675497003125 0.53018763125 0.6897397562500001 0.5278328 0.70569321875 0.52925428125 0.7328773671875 0.5523437999999999 0.7475294703124999
0 0.393476515625 0.6977339734375 0.3985138578125 0.7025869984375 0.40918064374999996 0.6931228390624999 0.40658174843749995 0.6739154218750001 0.39390138124999996 0.6753656343750001 0.393476515625 0.6977339734375
0 0.3029580046875 0.6743050453125 0.302198671875 0.6902771140625 0.313952471875 0.7016008359375 0.340908703125 0.6987190156249999 0.37961873281249997 0.7071609171875 0.37492942500000004 0.6479768109374999 0.34772234375 0.646061428125 0.3087546796875 0.6631859984374999 0.3029580046875 0.6743050453125
0 0.86446249375 0.8007102921874999 0.9059454375 0.8011940687499999 0.9158528890625 0.8077019796875 0.9186325875 0.7693801796875 0.8973962015625 0.72918020625 0.87287841875 0.7177076328124999 0.8412193125 0.7221326984374999 0.8417210109375001 0.7317271046875 0.8166043421875001 0.769788409375 0.8416238234375 0.790855390625 0.8574951875 0.789442390625 0.86446249375 0.8007102921874999
0 0.9739801 0.7300733359375 0.9632296953124999 0.7379384265625 0.9566736875 0.765029540625 0.9632929593749999 0.8306285234375 0.9704275000000001 0.8450945593749999 0.98016771875 0.8484043359375001 0.9739801 0.7300733359375
0 0.8049409437499999 0.7297000796875001 0.7997363656250001 0.7216489203124999 0.788735115625 0.7247168078125 0.7888955640625 0.7582786203125 0.8066968890625 0.7632804984375 0.8110653015624999 0.75534098125 0.8049409437499999 0.7297000796875001
0 0.770007221875 0.7324888640625 0.76958235625 0.754857203125 0.7825135734375 0.7582041937499999 0.7790785109375 0.7230061 0.770007221875 0.7324888640625