4 0.5569054703125 0.6511106890625 0.44897632343750005 0.9777333765625 0.505866375 0.9750836796875 0.6619163968749999 0.9460030515625 0.5676714515625 0.6458956078125 0.5569054703125 0.6511106890625
1 0.7062310968750001 0 0.81217719375 0.9180012734374999 0.869159146875 0.9073824296874999 0.7553767515625001 0 0.7062310968750001 0
1 0.34880959218749996 0 0.26825845625 0.01501106875 0.2470790765625 0.028584317187500003 0.2550157125 0.07042398125 0.2705450625 0.078760790625 0.2751321390625 0.0907411359375 0.30036625 0.113313378125 0.304248153125 0.11900755156250001 0.29877615 0.12804926562500002 0.312718865625 0.12224218437500001 0.330896071875 0.1252723640625 0.346071103125 0.144905975 0.35153444375 0.2080636953125 0.34535553750000003 0.22525912187500002 0.3559417640625 0.24735227499999998 0.38364916875 0.24860645781250001 0.3951220546875 0.23523766093749998 0.41753375000000004 0.24710510000000002 0.4217682390625 0.255942359375 0.456181696875 0.2591556328125 0.47983090625 0.2531441015625 0.493951646875 0.2344686765625 0.509659021875 0.22993713906250002 0.5447741859375 0.268316359375 0.5611867312500001 0.2700709953125 0.5707151984375 0.28273488750000003 0.595589796875 0.359923590625 0.615704490625 0.39468063125 0.622054490625 0.422376409375 0.6562847281249999 0.4817776875 0.664223096875 0.509177465625 0.660868340625 0.522637809375 0.6683236359375 0.53127595625 0.671629125 0.5607423875 0.661039434375 0.5675290125 0.663331240625 0.5879590734375 0.6762127359375001 0.6016025093749999 0.6859140312500001 0.6447177171875 0.6938385421875 0.7876365921875 0.7316050265625 0.791829409375 0.7346072 0.77522598125 0.7205003171875 0.6783823078125 0.716627075 0.6004886984375 0.725104715625 0.54596378125 0.7226383484375 0.509522290625 0.732350040625 0.465998178125 0.737481584375 0.35273416874999997 0.7434841984375 0.333967196875 0.74190449375 0.2620637609375 0.706538978125 0 0.34880959218749996 0
3 0.872254103125 0.845838621875 0.9206068125 0.8721245890624999 0.9470886859375 0.8928599078125 0.9728046562499999 0.8880676203125001 0.9792707140625 0.6658435875000001 0.8403329968750001 0.6624685312499999 0.872254103125 0.845838621875
3 0.8433282406249999 0.70362465 0.8701368593750001 0.841419990625 0.9485178078125 0.892593584375 0.9728046562499999 0.8880676203125001 0.9793107937500001 0.66446614375 0.8419213624999999 0.66217253125 0.8433282406249999 0.70362465
1 0.8710165906249999 0.8637175921875 0.8779207890625 0.9057496578125 0.917603484375 0.8983546078125 0.8759579828125 0.8644011375 0.8710165906249999 0.8637175921875
1 0.8708402984375001 0.86214605 0.8779459718749999 0.9057449640625 0.9213793390625 0.8976509593750001 0.8824877421874999 0.8647886843749999 0.8708402984375001 0.86214605
1 0.62890565625 0.6858250109374999 0.6229047750000001 0.69015209375 0.606670253125 0.6755291140625 0.5787865562500001 0.6727033875 0.6017184656250001 0.761484890625 0.653413809375 0.875389725 0.6699734546875 0.944501584375 0.805444296875 0.9192559796875001 0.7886082062499999 0.794041778125 0.7418438625 0.7674598109375 0.74272359375 0.789757415625 0.728073975 0.8037182093749999 0.7210153375 0.7986160359375 0.7136023828125 0.8048106609375001 0.6970135421875 0.8014844812499999 0.690661809375 0.788228590625 0.6846695875 0.7203562390625 0.62890565625 0.6858250109374999
1 0.79090174375 0.8000319515625 0.7762555890625 0.7851129718750001 0.74202015625 0.7690313546875001 0.74642920625 0.7938800453125 0.7374278828125 0.8003706703125 0.7063674515625 0.7981369421875 0.6387728515625 0.8171510859375 0.6685111781249999 0.9447740843749999 0.8070127062499999 0.9189636999999999 0.79090174375 0.8000319515625
1 0.442724553125 0.6306745234375 0.2081872765625 0.5781178421875001 0.1970687109375 0.5801898375000001 0.1931868046875 0.5744956625000001 0.1600073953125 0.5822831921875 0.1418284578125 0.5936929 0.04141223125 0.5803179968750001 0.0027625515625 0.5827073515625 0.0061138453124999995 0.59812678125 0.04599930625 0.59229834375 0.051645870312499995 0.5992680609375001 0.055348018750000005 0.6322704640625 0.036111323437499995 0.6342509140625 0.0392845921875 0.6625386890625 0.04987255 0.6701919515625 0.046517790625 0.68365229375 0.0551647953125 0.6884584703125001 0.07086697343750001 0.7272465953125 0.060277284375 0.7340332203125 0.00760261875 0.7414962671875001 0.036259603125 0.996955965625 0.2261361328125 0.988112325 0.23849403281249998 0.9783822390625 0.257910484375 0.9490935593750001 0.4425309390625 0.7735018515625 0.463006878125 0.7392025421875 0.46283578125 0.6943113375000001 0.45313102031249997 0.680075903125 0.451017240625 0.6467775 0.442724553125 0.6306745234375
1 0.4619231375 0.946371590625 0.4809956640625 0.8417403875 0.45593611562499997 0.8351795765625001 0.36839965 0.8498879984375 0.3168615453125 0.896393465625 0.235100684375 0.98769479375 0.452216846875 0.9775824453125 0.4619231375 0.946371590625
1 0.5025518796874999 0.62915180625 0.4737867171875 0.6184683640624999 0.455078903125 0.625163440625 0.46566512656250003 0.6472565921875 0.455249996875 0.6700546468749999 0.46724483125000005 0.719160028125 0.471303028125 0.7264257453125 0.48559832968750005 0.72376175 0.5108393687499999 0.68857444375 0.5025518796874999 0.62915180625
1 0.4871849640625 0.7379056375 0.5320118171875 0.73276074375 0.54260670625 0.68265445625 0.5157807625 0.689257990625 0.484715134375 0.7303439218750001 0.4871849640625 0.7379056375
1 0.6139121140625 0.6244432828125001 0.6195517484375 0.68917255 0.62238109375 0.642117803125 0.6165634328125 0.5902568828125 0.6139121140625 0.6244432828125001
3 0.7280895671875001 0.673759225 0.736727909375 0.7507648359375 0.789315109375 0.7858880640625 0.7792698859375 0.6674303328125 0.7280895671875001 0.673759225
3 0.73849256875 0.75204038125 0.789138815625 0.7843165187500001 0.7778578140625 0.669297875 0.7630336343749999 0.6672472390624999 0.7284421531249999 0.6769023109375001 0.73849256875 0.75204038125
3 0.6370237828125 0.68591655625 0.6874937359375 0.7166211546875 0.6822049546875 0.6694748609375 0.6403802734374999 0.6580163265625 0.629438 0.661659865625 0.6370237828125 0.68591655625
0 0.6649109453125 0.659862509375 0.6814997843749999 0.6631886890625001 0.6809743703125 0.6295942859375 0.669679509375 0.6300947375 0.6643838 0.64070799375 0.6649109453125 0.659862509375
0 0.7356840109375 0.62581648125 0.724036565625 0.623173846875 0.7208581 0.6382057328124999 0.724560246875 0.6712081375000001 0.743796940625 0.6692276890625 0.7482111875 0.6507567171875001 0.7356840109375 0.62581648125
0 0.62696816875 0.65409815 0.6414397609375 0.6530057 0.64002941875 0.6404333531249999 0.633147075 0.6369027218750001 0.6255578265625 0.6415258046875 0.62696816875 0.65409815