4 0.604817765625 1 0.5994943312500001 0.9550173015625001 0.6096252734375 0.9186851218750001 0.599526634375 0.91176470625 0.593311184375 0.8944636671874999 0.5844432890625 0.8148788921874999 0.6479254625 0.785467128125 0.651135990625 0.7491349484375001 0.615297284375 0.7370242218749999 0.601103971875 0.7456747406249999 0.575504896875 0.7370242218749999 0.5662522156249999 0.7093425609375 0.56868728125 0.692041521875 0.5794203859375 0.683391003125 0.5761716671875 0.6782006921875 0.52433905 0.6764705875 0.5316501390624999 0.7093425609375 0.5163288859375 0.7456747406249999 0.503865678125 0.7543252593750001 0.50439734375 0.783737025 0.4971244453125 0.79238754375 0.49246580156249997 0.8217993078125 0.4757669265625 0.84948096875 0.4510519984375 0.8615916953125 0.44452225624999997 0.8944636671874999 0.4075233046875 0.953287196875 0.389669190625 1 0.604817765625 1
1 0.9004295921875001 1 0.9054407203125001 0.961937715625 0.9223157593750001 0.420415225 0.921957390625 0.3442906578125 0.9133773671875 0.342560553125 0.909564678125 0.3512110734375 0.900702721875 0.69607843125 0.8930303453124999 0.714532871875 0.8973747015625 0.7352941171875 0.892043396875 0.738754325 0.8986113296875 0.7474048437499999 0.891056446875 0.7629757781250001 0.895894278125 0.771626296875 0.8933553906249999 1 0.9004295921875001 1
3 0.959253121875 1 0.965648146875 0.84305486875 0.9450480359375 0.8391003453125 0.927746996875 0.8391003453125 0.92351133125 0.8581314875 0.9209411578125 0.9636678203125 0.9081959640624999 0.9792387546875 0.9219662984375001 0.9809688578125 0.9370501234375 1 0.959253121875 1
3 0.959253121875 1 0.9660630671874999 0.832871971875 0.959241346875 0.8304498265625 0.9290864265625001 0.8062283734375001 0.91482261875 0.8166089968750001 0.9073500078125001 1 0.959253121875 1
1 0.8881684218749999 1 0.8870822374999999 0.9878892734375 0.8761699484375001 0.958477509375 0.862611103125 0.95155709375 0.824722115625 0.9048442906249999 0.73475083125 0.8200692046875 0.649514575 0.7889273359375 0.617808734375 0.802768165625 0.590056578125 0.8044982703124999 0.5885761546875 0.84083045 0.6057686062500001 1 0.8881684218749999 1
3 0.7451960609375 0.7335640140625 0.713631215625 0.7439446359375 0.709715725 0.7975778546875001 0.806818915625 0.8771626296875 0.8348912500000001 0.9100346015625 0.88012363125 0.9463667812500001 0.887114540625 0.944636678125 0.8806171046875001 0.9342560546875 0.887960496875 0.9238754328125 0.893074425 0.84083045 0.8851288703125 0.8235294124999999 0.8827584109375 0.7543252593750001 0.8597735875 0.7664359859375 0.8548652609375 0.7595155703125 0.80289165 0.761245675 0.7863660718750001 0.7422145328124999 0.761721640625 0.7525951562500001 0.7451960609375 0.7335640140625
3 0.833372634375 0.9048442906249999 0.8920933640625 0.9498269890625 0.8955094921875 0.8235294124999999 0.8828994031249999 0.7508650515624999 0.7945936125 0.7525951562500001 0.7898967765625 0.7404844296875 0.7742553453125 0.7422145328124999 0.7528919375 0.714532871875 0.7520077890625 0.6937716265625 0.7189948234375 0.6972318343749999 0.715182134375 0.705882353125 0.7113753328125 0.7993079578125 0.7970022640625001 0.8633217999999999 0.833372634375 0.9048442906249999
1 0.660644915625 0 0.6493705609375 0.2404844296875 0.6521258046875 0.2577854671875 0.6659666343749999 0.2577854671875 0.6767379328125 0.29065743906249997 0.671656309375 0.3304498265625 0.6809853734375 0.44117647031249996 0.6717503546875 0.66782006875 0.6601066859375 0.783737025 0.676984746875 0.794117646875 0.6909870984375 0.5778546718750001 0.7269227171875 0.4602076125 0.7274866875 0.44636678124999996 0.70944249375 0.42214532812499994 0.722995453125 0.3442906578125 0.72302775625 0.3010380625 0.7395151421875 0.27854671249999996 0.7658191828125 0.26989619375 0.7907779015624999 0.2093425609375 0.7920468359374999 0.1782006921875 0.828155753125 0.0138408296875 0.8267076328125 0.006920415625 0.8196462265625 0.0103806234375 0.8189412640624999 0.0276816609375 0.80238338125 0.0519031140625 0.7864599640625001 0.0605536328125 0.76329595625 0.0346020765625 0.7678515265625 0 0.660644915625 0
3 0.6898004359375001 0.776816609375 0.685494271875 0.7975778546875001 0.6991236125 0.802768165625 0.69996956875 0.7820069203125 0.6898004359375001 0.776816609375
3 0.6850331015625 0.7664359859375 0.6998285765625 0.785467128125 0.7051921859375 0.738754325 0.7020139624999999 0.7318339093749999 0.6881026359375 0.7335640140625 0.6850331015625 0.7664359859375
1 0.5861998093749999 0.6868512109375 0.57638904375 0.7577854671875001 0.5917484890625 0.7629757781250001 0.60257261875 0.5397923875 0.5878858328125001 0.5605536328125 0.5861998093749999 0.6868512109375
3 0.689691746875 0.7370242218749999 0.7059676453125 0.7197231828125 0.7037763703125 0.688581315625 0.69795159375 0.7041522484375 0.6891600812500001 0.70761245625 0.689691746875 0.7370242218749999
3 0.6378209375 0.6937716265625 0.63637281875 0.6868512109375 0.619142278125 0.6851211078125 0.6215450406249999 0.7110726640625 0.6581269015625 0.7474048437499999 0.6615489171875 0.705882353125 0.6378209375 0.6937716265625
0 0.948778453125 0.6626297578125 0.9257936296875 0.674740484375 0.9148490359375 0.688581315625 0.9117853890625 0.8062283734375001 0.9293684125 0.7993079578125 0.96675863125 0.8158016140625 0.9728025171875 0.6674740484374999 0.948778453125 0.6626297578125
0 0.75744778125 0.73010380625 0.7619331296875 0.7474048437499999 0.7814577453125 0.7352941171875 0.7934979765625 0.7370242218749999 0.8031031390625 0.7560553640625 0.8422419640625 0.7508650515624999 0.8616446828125 0.7629757781250001 0.8721663 0.7595155703125 0.8799326703125001 0.738754325 0.8794715 0.70761245625 0.84013439375 0.6539792390625 0.8197256312500001 0.6453287203125 0.786853659375 0.6453287203125 0.7726603453124999 0.6539792390625 0.76143376875 0.674740484375 0.75744778125 0.73010380625
0 0.695478334375 0.6799307953125 0.6830151250000001 0.688581315625 0.6824511546875 0.7024221453124999 0.6945618812500001 0.7024221453124999 0.695478334375 0.6799307953125
0 0.62027021875 0.657439446875 0.6194242625 0.6782006921875 0.6399035234375 0.6851211078125 0.6428320656250001 0.6557093421875 0.62027021875 0.657439446875
0 0.6428702562499999 0.6972318343749999 0.6616899093749999 0.7024221453124999 0.667335503125 0.6487889265625 0.66055608125 0.6453287203125 0.6497524796875 0.6557093421875 0.6428702562499999 0.6972318343749999
0 0.7394358921874999 0.6626297578125 0.72414694375 0.6557093421875 0.7170150390625001 0.6608996546875 0.7158166015625 0.69031141875 0.7398970625 0.6937716265625 0.745721840625 0.6782006921875 0.7394358921874999 0.6626297578125
1 0 0 0 0.9740716796875001 0.22126248125 0.811418684375 0.26680915 0.7975778546875001 0.2711153140625 0.776816609375 0.2819894125 0.7647058828125 0.313413265625 0.7577854671875001 0.3201926890625 0.761245675 0.3181805984375 0.7681660906250001 0.3439911640625 0.771626296875 0.36552786875 0.7525951562500001 0.4069798640625 0.7543252593750001 0.43310471718750004 0.70761245625 0.4470865421875 0.7041522484375 0.45206536406250003 0.7093425609375 0.4615618375 0.688581315625 0.46649658125000004 0.5674740484374999 0.43919381875 0.43079584843749996 0.4075525875 0.3581314875 0.360731096875 0.3183391 0.3071624890625 0.231833909375 0.2904959171875 0.21626297499999997 0.275380265625 0.1626297578125 0.228840759375 0.1159169546875 0.212135996875 0.0588235296875 0.1806034546875 0.025951557812499998 0.1758008703125 0 0 0
1 0.38232117187500003 1 0.3831990515625 0.998269896875 0.390081275 0.9567474046875001 0.41701978124999994 0.9325259515625 0.44321513125 0.8840830453124999 0.45189795468750005 0.84083045 0.4466694515625 0.7993079578125 0.38081681875 0.7595155703125 0.350206615625 0.7889273359375 0.2936066640625 0.776816609375 0.1427410390625 0.8702422140625 0.116366503125 0.8806228375 0.0821551015625 0.9134948093749999 0.0628419734375 0.920415225 0.052672840624999995 0.9152249140625001 0.0366084328125 0.9273356406250001 0.0123546734375 0.9705882359375 0.0000324578125 0.9757785468750001 0 0.975992284375 0 1 0.38232117187500003 1
1 0.46552729531250003 0.8460207609375001 0.4928887796875 0.811418684375 0.5028405359375 0.7370242218749999 0.4777349359375 0.716262975 0.46569470625 0.714532871875 0.437731059375 0.7214532874999999 0.41195868750000003 0.7595155703125 0.40994659687499996 0.7664359859375 0.4302848640625 0.776816609375 0.44508033906250005 0.7958477515625 0.4522504359375 0.83217993125 0.46552729531250003 0.8460207609375001
1 0.60719723125 0 0.6080800875000001 0.02249135 0.6245351703125 0.043252595312499996 0.6538882125 0.214532871875 0.6591108296875 0.1712802765625 0.6495761609375 0.15051903125 0.651409065625 0.10553633281250001 0.63272451875 0.0121107265625 0.63379469375 0 0.60719723125 0
1 0.316996803125 0.5 0.3062636984375 0.50865051875 0.2874117421875 0.5467128031249999 0.2808115046875 0.5813148781249999 0.30733291875 0.652249134375 0.305711503125 0.692041521875 0.311856459375 0.7110726640625 0.306210865625 0.7647058828125 0.3370002515625 0.7733564015625001 0.3762609734375 0.7439446359375 0.392146196875 0.6937716265625 0.398631859375 0.5346020765625 0.3882130453125 0.49307958437500005 0.37610231875 0.49307958437500005 0.3645555625 0.4792387546875 0.36684963593750003 0.46539792343749997 0.3480299828125 0.4602076125 0.33051745625 0.46539792343749997 0.316996803125 0.5
1 0.5203148718749999 0.69031141875 0.4978235234375 0.69031141875 0.48327772812500003 0.70761245625 0.48119514375000005 0.716262975 0.5148102703124999 0.7404844296875 0.5303430125 0.6989619375 0.5203148718749999 0.69031141875