3 1 0.7516966375 0.8388673750000001 0.730574603125 0.8279335968750001 0.74169710625 0.814548446875 0.7238634640625 0.7527126843749999 0.6990380843749999 0.7305174531249999 0.7100296421875 0.7377311343749999 0.7920751671875 0.85073253125 0.9171351390625 0.88200149375 0.94160509375 0.9279901921875 0.9948720812499999 1 0.994453140625 1 0.7516966375
0 0.83872694375 0.7257516984375 0.8521120921875 0.7435853390625 0.8792740953125 0.7374728078125 0.8890672000000001 0.7424079546875 0.8909100328124999 0.7504648390625 0.9005158968750001 0.7489694421875 0.9063424718749999 0.7281450078125 0.9049381515625001 0.679915946875 0.8996437078125 0.663783471875 0.8814790312499999 0.6475013453125 0.8413999890625 0.6518565875 0.82885743125 0.662960384375 0.8216561296875 0.6918042890625 0.8229200171875 0.7352104453125 0.83872694375 0.7257516984375
1 0.6004404046875 0.7165525890625 0.6353137890625 0.8648104734375 0.6533504140625 0.9871591234375 0.6570904234375 0.9964481296875001 0.698721221875 0.996205928125 0.6966986609375 0.8189185984374999 0.6782063109375 0.791383025 0.6799727359375 0.741583740625 0.647001375 0.7138798078125 0.6373487015625 0.71376756875 0.619137215625 0.6958778078125001 0.6045645828125 0.692494178125 0.6004404046875 0.7165525890625
3 0.6480952375 0.696214525 0.6517809031249999 0.7123282921875 0.6814410843750001 0.736779540625 0.680317628125 0.698196290625 0.655951890625 0.6898775171875 0.6480952375 0.696214525
0 0.66826039375 0.67073554375 0.6672133421875001 0.6900084625 0.6817391640625 0.69178445625 0.6826457828125 0.6676886296875 0.66826039375 0.67073554375
1 0.6807281781250001 0 0.7034959859375001 0.9961781500000001 0.7372433765624999 0.9959818140625 0.7098092734375 0 0.6807281781250001 0
0 0.730142965625 0.697168559375 0.7447624125 0.7021598234375 0.7457158390624999 0.679671634375 0.74065545 0.6715773375 0.729347184375 0.66983875625 0.730142965625 0.697168559375
1 0.4392891828125 0.9814558828125 0.482667025 0.8694638921875001 0.49744411718750003 0.8246371671875 0.49697600937499997 0.8085608125 0.47261026875 0.8002420359375 0.4017303734375 0.79620368125 0.136932346875 0.9811543265625 0.1372600203125 0.9924077734375001 0.42812727031250003 0.9957899156250001 0.4392891828125 0.9814558828125
1 0.270542246875 0.8750328093749999 0.280335353125 0.879967953125 0.3888601390625 0.796054028125 0.404339390625 0.7753418328125 0.4040757421875 0.7110551234375 0.375743475 0.6769767671875 0.377024578125 0.665742025 0.368793440625 0.65921795 0.2849965 0.65342230625 0.2771398484375 0.6597593140625 0.27339015624999996 0.696678809375 0.2771522265625 0.7706487453124999 0.26855898125 0.8621530187499999 0.270542246875 0.8750328093749999
1 0.16803128125 0.9445528421875 0.1931163953125 0.92234525 0.19908340468750002 0.9063437234375 0.21521800624999998 0.9081384234375 0.259702090625 0.88937058125 0.2674871734375 0.659647075 0.24155946562500002 0.6529172296875 0.0821031 0.644634740625 0.0763061171875 0.7217077078125 0.07314775 0.8341673609375 0.087966815625 0.9564785984374999 0.112519796875 0.9712279140625 0.16803128125 0.9445528421875
1 0.73815243125 0.8065438859375 0.74523273125 0.9959353328124999 0.9183785203125 0.994928 0.91212978125 0.982132696875 0.7925996484375 0.853782628125 0.73815243125 0.8065438859375
4 0.598597571875 0.7084957046875 0.5885704140625 0.6955223828125 0.56774990625 0.69849446875 0.549568015625 0.736853240625 0.5553305671875 0.76906206875 0.5833819703125 0.7934946125 0.6139019593749999 0.7922424 0.61301255625 0.761697328125 0.6045941765625 0.748742709375 0.598597571875 0.7084957046875
4 0.542212290625 0.9971164703125 0.6499880421875 0.99648945 0.622507584375 0.8116275578125001 0.5364465140625 0.783306309375 0.5300582078125 0.7848391171875 0.5303390734375 0.79448493125 0.5096121874999999 0.8006722875 0.442506740625 0.981493296875 0.441480134375 0.9959451796875 0.542212290625 0.9971164703125