3 0.6302250796875 0.6883562921874999 0.6864951765625 0.7404287578125001 0.6929260453125 0.68243869375 0.6688102890625001 0.6796442015624999 0.6543408359375 0.647742425 0.6302250796875 0.6449479328125001 0.6254019296875 0.6498552734375 0.6302250796875 0.6883562921874999
3 1 0.7230841390625 0.9662379421875 0.7210763765625 0.9630225078124999 0.9831903796875 1 0.982544934375 1 0.7230841390625
3 0.7459807078125 0.7988759640625 0.8665594859375 0.898057428125 0.9469453375000001 0.97382470625 0.9453376203125 0.715010325 0.9244372984375 0.7121597078125 0.9196141484375 0.686520421875 0.9131832796875001 0.6834172390625 0.9035369781249999 0.6819778999999999 0.8987138265624999 0.6949238249999999 0.8408360125 0.7039726703125 0.8167202578125 0.6995704625 0.8070739546875 0.6788385171875 0.74115755625 0.663911921875 0.7395498390624999 0.7491489875 0.7459807078125 0.7988759640625
4 0.467845659375 0.7796150734375 0.4469453375 0.786410759375 0.43247588437499995 0.8397179859375001 0.43247588437499995 0.8943803656249999 0.4131832796875 0.9124020078124999 0.38263665625 0.9772438812500001 0.37892654062500003 0.9933858125 0.5795201578125 0.9898844375 0.585209003125 0.952807646875 0.57717041875 0.8677389578125 0.578778134375 0.81626395 0.56430868125 0.7618541343749999 0.5578778140625 0.657464778125 0.5514469453124999 0.6463230109375 0.5273311890625 0.66121340625 0.467845659375 0.7796150734375
0 0.9340836015624999 0.7119913296875 0.9437299031249999 0.70217665 0.950160771875 0.7036721171875 0.9469453375000001 0.65549673125 0.94051446875 0.654001265625 0.926045015625 0.667115565625 0.9244372984375 0.704121121875 0.9340836015624999 0.7119913296875
0 1 0.6378980375000001 0.964630225 0.6358954359375 0.964630225 0.7162812875 0.9919614140625 0.7093733515625 1 0.7132523296875 1 0.6378980375000001
0 0.8167202578125 0.6658084046875 0.8167202578125 0.6963550281249999 0.850482315625 0.70380429375 0.8665594859375 0.698700515625 0.8922829578125 0.7062900953125 0.897106109375 0.6692284140625 0.8794212218749999 0.642205915625 0.8360128625 0.638140459375 0.8167202578125 0.6658084046875
0 0.667202571875 0.6732413953124999 0.6929260453125 0.676007825 0.6961414796875001 0.6277201875 0.676848875 0.6248415078125 0.667202571875 0.6410870546874999 0.667202571875 0.6732413953124999
0 0.75884244375 0.6652109484375 0.7781350484375 0.6664819109375 0.7861736328125 0.635794971875 0.773311896875 0.6328040421875001 0.7604501609375001 0.6442825640625001 0.75884244375 0.6652109484375
0 0.8215434078125 0.6319621578125 0.802250803125 0.627475759375 0.7829582 0.6503205515625 0.7813504828125 0.6680335015625001 0.8102893890624999 0.6771746750000001 0.826366559375 0.641524271875 0.8215434078125 0.6319621578125
0 0.6157556265624999 0.617869309375 0.6045016078125001 0.619673465625 0.6012861734375 0.6277681765625001 0.602893890625 0.64703271875 0.620578778125 0.6419008765625 0.6221864953125 0.6290110765625 0.6157556265624999 0.617869309375