3 1 0.606594328125 0.9987060578125 0.6033060171875 0.9078118109375 0.5998037515625 0.8410403093750001 0.609805784375 0.7816792125 0.605003565625 0.77674156875 0.595996146875 0.7057929671875 0.5918421984375 0.669700475 0.5957181421875 0.652793078125 0.604090959375 0.712622125 0.6587666546875 0.6655076078125 0.694823665625 0.39994268593750004 0.724534665625 0.4072437375 0.813017225 0.5339457609375 0.8110348343749999 0.628829925 0.8087436859375 0.7605631828125 0.825743409375 0.87558016875 0.84274996875 0.9867008281249999 0.875524634375 1 0.8785680906250001 1 0.606594328125
0 0.793177071875 0.5660652265625 0.78757246875 0.5721810640625 0.7940272671875 0.5992067390625 0.8009618406250001 0.5911597625 0.8219527453125 0.586968228125 0.83315800625 0.603051928125 0.8447455125 0.602403659375 0.855954715625 0.590171984375 0.8697263328125 0.5924187140625 0.8746639796875 0.60142613125 0.8875814562500001 0.598846725 0.897175975 0.586937475 0.9084827125 0.5563651203125 0.8882681234375 0.44214659218749996 0.8257712484375 0.447963921875 0.7954705390625 0.4656734171875 0.78966693125 0.536785990625 0.793177071875 0.5660652265625
0 0.931177946875 0.59014123125 0.9281397015625 0.5824201 0.936501778125 0.5541013078125 0.928050053125 0.544130028125 0.9113337796875 0.5441368625 0.8984123578125001 0.57503164375 0.8993600859375 0.5898324734375 0.931177946875 0.59014123125
0 0.9654646328125001 0.5949537015625 0.994244246875 0.587541325 0.9960539953125 0.5505375390625 0.9805741046875 0.5386385406249999 0.9474262703124999 0.5402609203125001 0.9280461109375 0.5724454046874999 0.936876140625 0.594000090625 0.9654646328125001 0.5949537015625
4 0.620589028125 0.6488295453124999 0.6020748328125001 0.6008940375 0.596946065625 0.6002526015625 0.570350559375 0.6105599749999999 0.5586615796875 0.6578642968749999 0.5611264593749999 0.6906833828125001 0.60377128125 0.695492434375 0.6777620718749999 0.679052140625 0.7036945609374999 0.6555526484375 0.6858394390625 0.6491246359375 0.620589028125 0.6488295453124999
4 0.5677802640625 0.6527123203125 0.6154602625 0.6481881109375001 0.59561609375 0.602183740625 0.5719652453124999 0.6102375484375 0.5656936859374999 0.63147664375 0.5677802640625 0.6527123203125
2 0.56285444375 0.5587587765625 0.5753857375 0.6012267140625001 0.573111978125 0.56004164375 0.5655143890625001 0.5548965 0.56285444375 0.5587587765625
0 0.6528906109375 0.5857502796875 0.6660928 0.5847795859375 0.6618221140625 0.5606489109374999 0.653463978125 0.560652328125 0.6484288 0.5699855875 0.6528906109375 0.5857502796875
0 0.6882225531249999 0.5870228984375 0.7049388296875 0.5870160656250001 0.6996228796875 0.5664252390625 0.6893653453125 0.5651423703125 0.686990115625 0.5706133546875 0.6882225531249999 0.5870228984375
0 0.7413160328124999 0.584748834375 0.7612616765625 0.584097146875 0.75347690625 0.5590026124999999 0.7451187703125 0.5590060296875 0.741413565625 0.566408153125 0.7413160328124999 0.584748834375
4 0.528341159375 0.8171506718750001 0.5181732734375 0.854157875 0.5007900421875 0.8692879640625 0.3435025953125 0.8873711406250001 0.11070720468749999 0.903876353125 0.0883863296875 0.909999025 0.08410775781249999 0.9424991015625 0.08647904687499999 0.9653434921875 0.0935072125 0.9672712109375 0.19342655312499998 0.9556468015625 0.38433372656250003 0.95749935 0.4316314796875 0.9697071078124999 0.4452852765625 0.9825672546875 0.5568059234375 0.9780231359375 0.9941228921875 0.8906982125 0.9316143640625001 0.8665377171875001 0.8184031828125 0.8408427484375001 0.7804112953125 0.8434324046875 0.73121414375 0.8299383625000001 0.569371296875 0.82228215 0.536414584375 0.81553854375 0.528341159375 0.8171506718750001
3 0.373538303125 0.7264760531250001 0.110539734375 0.742350084375 0.1111988078125 0.783857578125 0.1227784296875 0.8398400609375001 0.24511223593749998 0.8320676765625 0.29668856093749996 0.8117753578125001 0.3288847265625 0.823667525 0.3868222578125 0.82042618125 0.39024274999999997 0.811415346875 0.373538303125 0.7264760531250001