4 0.53477175625 0.649836909375 0.513552590625 0.6497133203125001 0.3305141484375 0.993576259375 0.4432287890625 0.994232746875 0.5572664390625001 0.9929057984374999 0.5356050375 0.6612849062499999 0.53477175625 0.649836909375
1 0.228629871875 0.8948987687500001 0.1729739484375 0.9436166500000001 0.1602927328125 0.9615248718749999 0.1209089640625 0.992355446875 0.3305898515625 0.9935766984375001 0.365430234375 0.9234860312500001 0.3399991625 0.9135295031249999 0.228629871875 0.8948987687500001
4 0.40522027187500004 0.8681368031250001 0.2664452515625 0.84444224375 0.2308328015625 0.8867379281250001 0.36880885937499996 0.921870975 0.40522027187500004 0.8681368031250001
1 0.861459475 0.9893661921874999 0.6192948234375 0.7255269953125 0.6006553171875 0.735226840625 0.560419915625 0.726818821875 0.5420086875 0.7332505281249999 0.543858021875 0.8002854203125 0.5532292484375 0.8297652265625001 0.5689653906250001 0.99276966875 0.861459475 0.9893661921874999
3 0.6620412515625 0.6979854765625 0.642077596875 0.67988711875 0.6209725671874999 0.6781294609375 0.618347403125 0.7157130703125001 0.6672692078125 0.7634053109375001 0.6734669546875 0.6980520234375 0.6620412515625 0.6979854765625
3 0.7546345265625 0.8685371765625 0.788717684375 0.8948914421874999 0.7923589015625 0.91289473125 0.7988878765625 0.9129327578125 0.866007246875 0.9893132734375 0.9389408515625 0.9884646140625 0.9578926671874999 0.7171377718749999 0.8596568578125 0.6975017218749999 0.7702258734375 0.6920766406250001 0.684207834375 0.7079229875 0.6795281921874999 0.774919853125 0.6844592406250001 0.797834859375 0.7033613375 0.8077533609374999 0.7546345265625 0.8685371765625
1 0.6789000546875 0.667023709375 0.665055090625 0.8418596796875001 0.6755676953124999 0.8549987859374999 0.684059378125 0.6866705734375 0.6789000546875 0.667023709375
0 0.73705581875 0.652649815625 0.707675434375 0.65247869375 0.695108353125 0.6687528453125 0.6896752515625 0.699781159375 0.7383001453125 0.7049685718750001 0.7427060109375 0.6886468859375 0.73705581875 0.652649815625
0 0.7800648390625 0.644726640625 0.7540630796875 0.6429404640625 0.75045618125 0.647823659375 0.7527277453125001 0.6854357875 0.7851443421875001 0.6888940609375 0.7883745125 0.6660265890625 0.7800648390625 0.644726640625
1 0.5533538109375 0.5240705671875 0.541141090625 0.6989160453125 0.5545869546875 0.64668285 0.5580222671875 0.5273672281249999 0.5533538109375 0.5240705671875
0 0.6294761984374999 0.673274784375 0.6586283078124999 0.6767140453125 0.6596212296874999 0.6391209328125 0.6470198296875 0.6325085984375 0.63654154375 0.642255978125 0.6294761984374999 0.673274784375
1 0.4687516859375 0.7066680984375 0.4358785390625 0.7097461046875 0.29977494843749997 0.8348279609375 0.2960539109375 0.8413452265625001 0.300722365625 0.8446418859374999 0.3972873265625 0.8648211296874999 0.42648493906249996 0.8208533499999999 0.48507412031249997 0.7067631671875 0.470726340625 0.701775396875 0.4687516859375 0.7066680984375
1 0 0.99165123125 0.110412384375 0.9922943109375 0.11253543437499999 0.990671940625 0.1134485359375 0.9775993812499999 0.1365282203125 0.9744643359375 0.1591170375 0.9549790843749999 0.1719123953125 0.9354367953124999 0.22069692968750002 0.891583096875 0.227648134375 0.8621983578125001 0.2314258625 0.7379805265625 0.2174204953125 0.7280905468750001 0.20436254687500002 0.7280144921875 0 0.778299403125 0 0.99165123125
1 0.3079585375 0.6942884421875 0.2840798890625 0.7088619781250001 0.277345771875 0.8052721 0.264550415625 0.8248143921875 0.26841990781249997 0.839549540625 0.2829959609375 0.841269171875 0.306988746875 0.82506156875 0.43994198906250004 0.698326628125 0.43148386250000004 0.6557742640625001 0.40381554218750004 0.63109209375 0.40632656875000006 0.59514255625 0.3942958578125 0.580359875 0.37634117968749997 0.5802552999999999 0.3759644484375 0.562271025 0.36290650156250004 0.5621949703125 0.3607035703125 0.5703558140625 0.3492211765625 0.6879898296875 0.3079585375 0.6942884421875
1 0.2926058921875 0.56342025 0.29162415468749997 0.530719840625 0.2801641328125 0.50776680625 0.26299723125 0.5665172703125 0.240648634375 0.746207915625 0.2315974484375 0.8524129531250001 0.23649417968750003 0.852441471875 0.253957990625 0.8361958406250001 0.2621192078125 0.8362433749999999 0.2708167984375 0.8052340734375001 0.2926058921875 0.56342025
1 0.0693533078125 0.4166285671875 0.054320703125 0.42144521562500004 0.031378287500000004 0.516126203125 0.006552982812499999 0.7546528718750001 0.019610931249999998 0.754728925 0.041743196875 0.7417799546875 0.09735361718749999 0.7404691125 0.1410474625 0.72274151875 0.2087684109375 0.7116928062500001 0.22974735468750002 0.5516109984375 0.230363546875 0.49603360781249994 0.1727553390625 0.40905714218749994 0.161672046875 0.40408838593749996 0.15476634375 0.3860660828125 0.131309928125 0.3712168515625 0.1139602546875 0.3858284140625 0.112818878125 0.40216911250000004 0.08859781718750001 0.4216448578125 0.0693533078125 0.4166285671875
1 0.3156057546875 0.5848057609375 0.30526473906249996 0.6860990796875 0.3395418515625 0.6862987203124999 0.3496777265625 0.681453553125 0.35964201406249996 0.56217595625 0.34560232968750004 0.5293994921875 0.33334334375 0.51788495 0.3246114390625 0.5260077640625 0.3156057546875 0.5848057609375
1 0.385815359375 0.6783945625000001 0.39607655625 0.6016217968750001 0.39592810156249997 0.5803693812499999 0.3850387671875 0.549246 0.37782496718749997 0.559012390625 0.372049453125 0.594942915625 0.3661142984375 0.67991455 0.385815359375 0.6783945625000001
1 0.45949459375 0.6755542234374999 0.4525090703125 0.6820524765625 0.46396909218750004 0.7050055093750001 0.47693527500000005 0.56612858125 0.458969409375 0.636317534375 0.45949459375 0.6755542234374999