0 1 0.6570129640625 0.9794294562499999 0.650373484375 0.9235447406249999 0.6471766484375 0.8867031031250001 0.6551687375 0.8556390171875 0.715908615625 0.8407385312500001 0.7606643140625 0.8378765265625001 0.8693567249999999 0.8572484296875 0.9708770156250001 1 0.9658920203125 1 0.6570129640625
3 0.795351421875 0.6791450046875 0.7904465640625 0.6887355125 0.769694165625 0.68713709375 0.7599216359375001 0.7031212734375 0.7040926953125 0.695129184375 0.69151505625 0.6775465875 0.6997455921875 0.65676715625 0.666285409375 0.6487750671875 0.6667119015625 0.7494753890625 0.7155920140625 0.8054200125 0.773724090625 0.890136153125 0.816417640625 0.9284981828125 0.82412760625 0.9524744500000001 0.8396109328125 0.9714929296875001 0.8531982125 0.9710184515625 0.852775890625 0.9620649546875001 0.8434309734375001 0.941285525 0.8367063671875 0.832593115625 0.8408314906250001 0.752672225 0.8589275125 0.7079165265625 0.8431543343750001 0.6903339296875 0.8065543921874999 0.6775465875 0.795351421875 0.6791450046875
3 0.667938953125 0.6439798125 0.667436978125 0.6871370953125 0.6962154015625 0.6855386765625 0.70138054375 0.65357031875 0.667938953125 0.6439798125
0 0.70468763125 0.6439798125 0.702587884375 0.6871370953125 0.71687484375 0.695129184375 0.7583610515625 0.6999244375 0.7618726484375 0.672751334375 0.755834815625 0.6423813968750001 0.7415850421875 0.6311924703125 0.7144415671875 0.629594053125 0.70468763125 0.6439798125
0 0.7641025359375 0.618405128125 0.754404371875 0.6279956359375001 0.763377459375 0.6807434234375 0.776178196875 0.6791450046875 0.78407408125 0.68713709375 0.7923418 0.6631608265625 0.7909857234375 0.6423813968750001 0.7815664390625 0.6279956359375001 0.7641025359375 0.618405128125
3 0.616475709375 0.672751334375 0.6354816046875 0.6871370953125 0.6406839296875 0.6519719015625001 0.624743428125 0.6487750671875 0.6198943453125 0.6535703203125001 0.616475709375 0.672751334375
0 0.6279947390625 0.6439798125 0.6391419359375 0.6471766484375 0.641037171875 0.6216019640625 0.6346646890625001 0.620003546875 0.629778425 0.6279956359375001 0.6279947390625 0.6439798125
4 0.5075671625 0.6951291828125 0.4722675203125 0.7079165265625 0.48179835468750004 0.712711778125 0.4816310296875 0.7270975390625 0.47014918437500003 0.7526722234375 0.43620561562500004 0.786238996875 0.36467674687499996 0.8917345734375001 0.3534179984375 0.8981282421874999 0.32148122031250004 0.896529825 0.3225398296875 0.9428839437500001 0.3097845078125 0.9828443874999999 0.5145477234375 0.9828443874999999 0.5524144265625 0.9815220531250001 0.5603493 0.690333928125 0.56222594375 0.6663576625000001 0.575026684375 0.6647592453125 0.5751940109375 0.650373484375 0.55130185 0.6439798125 0.52402823125 0.6535703203125001 0.5205724125 0.67594816875 0.5075671625 0.6951291828125
4 0.3159442453125 0.9604665375 0.3109278375 0.979647553125 0.3106001515625 0.9828443874999999 0.5145477374999999 0.9828443874999999 0.55225386875 0.981527659375 0.557023621875 0.7015228546875 0.517153771875 0.6951291828125 0.491366375 0.7143101984375 0.4799774859375 0.7318927921875 0.481352153125 0.7510738046875 0.45077144999999996 0.7702548203124999 0.43455207187499995 0.7910342499999999 0.3159442453125 0.9604665375
2 0.270579084375 0.4649570203125 0.2761707140625 0.533688984375 0.24846948906250002 0.5800431015624999 0.23124615781250002 0.6871370953125 0.2378034375 0.810215265625 0.21957203593750002 0.9828443874999999 0.2471796328125 0.9828443874999999 0.25045432500000003 0.9588681203125 0.28404597656249997 0.9555571109375001 0.283728590625 0.9828443874999999 0.3051789484375 0.9828443874999999 0.31628001562499997 0.7942310859374999 0.3376831265625 0.73988488125 0.345245478125 0.6391845593750001 0.330364703125 0.5448779078125 0.3100709015625 0.5038518515625 0.3122140265625 0.45696493125000004 0.3044296921875 0.439382334375 0.2901241421875 0.4329886625 0.2804631625 0.439382334375 0.270579084375 0.4649570203125
4 0.320942059375 0.9428839437500001 0.3549971765625 0.8997266609375 0.31992063593750003 0.893332990625 0.320942059375 0.9428839437500001
4 0.25706850000000003 0.9396871078125001 0.2794372609375 0.9396871078125001 0.2800507875 0.88693931875 0.2640545109375 0.8885377359375 0.2572916015625 0.92050609375 0.25706850000000003 0.9396871078125001
4 0.1726656421875 0.915710840625 0.22043137499999998 0.9300966015625001 0.22258689375000001 0.8821440640624999 0.181063503125 0.880545646875 0.169953490625 0.8741519765625 0.149015171875 0.8885377359375 0.1457638609375 0.893332990625 0.1726656421875 0.915710840625
4 0.2289779671875 0.8821440640624999 0.16999067343750002 0.870955140625 0.1248999109375 0.9013250796875001 0.121611415625 0.90931716875 0.1390939109375 0.9173092578125001 0.22360832031250003 0.9316950187499999 0.2289779671875 0.8821440640624999