3 0.5987215046875 0.729708053125 0.5852985046875 0.726617184375 0.56703640625 0.7440322765625 0.65773434375 0.8790361890625 0.6804088265625 0.9127871671875001 0.717672940625 0.9702829359375 0.923007315625 0.9619162015624999 0.9354674781250001 0.8795678421875 0.9287383609375001 0.8781388343750001 0.9031959625000001 0.863341709375 0.8898559609375001 0.8252763671875 0.7068876515625 0.749265753125 0.6275386859375 0.73433768125 0.6169006046875001 0.7472674359375 0.5987215046875 0.729708053125
0 0.9509626765625001 0.7771611421875 0.93623608125 0.7826856640625001 0.903914971875 0.8126885625 0.90133935 0.8526612984374999 0.9379073859375 0.8634426640624999 0.9509626765625001 0.7771611421875
0 0.8658147296875001 0.7546568625 0.830677128125 0.745897184375 0.80873338125 0.7646934062499999 0.8043011484375 0.7939857296875 0.8727197375 0.800824675 0.87729811875 0.78204179375 0.8658147296875001 0.7546568625
1 0.5404827046875 0.7588694234375 0.5179859437500001 0.7583698437499999 0.5065657015625 0.77646883125 0.5078837187499999 0.9788311921874999 0.7116686515625 0.9705275921875 0.697169759375 0.95119445625 0.6610407015625 0.8916106546875 0.6085891546875 0.82514788125 0.5842357796875 0.8139678890625 0.587885853125 0.7898447984375 0.572460096875 0.7655640781249999 0.5477314296875 0.76833968125 0.5404827046875 0.7588694234375
0 0.7643442921875 0.7252736140625 0.7340773656249999 0.718749934375 0.7177864515625 0.7346129218749999 0.71402180625 0.7709685281249999 0.7611326593750001 0.7809250249999999 0.767536078125 0.7500805984375 0.7643442921875 0.7252736140625
1 0.56935130625 0.70578261875 0.5666809625 0.67752948125 0.556856615625 0.708031959375 0.5473245625 0.75955331875 0.5533842640625 0.7654064468749999 0.5595585359374999 0.7590270546875 0.56935130625 0.70578261875
0 0.5764538859375 0.7047434359375 0.569758175 0.7145689828124999 0.5708326296874999 0.7304186296874999 0.5764854625 0.72748539375 0.5764538859375 0.7047434359375
1 0.5920375203125 0.842733946875 0.5979510734375 0.8380776359375 0.6355894156249999 0.6581803125000001 0.63842575625 0.6164845015625 0.62764153125 0.6189048125000001 0.596145884375 0.7696807890625 0.5840066359375 0.8384329234375001 0.5920375203125 0.842733946875
0 0.6384690609375 0.7424268078125 0.655573709375 0.74413654375 0.6605589546874999 0.7341400250000001 0.65684573125 0.7127791984375 0.6423798546875 0.7165806421875 0.6384690609375 0.7424268078125
0 0.601703990625 0.6985216796875 0.5968648921875 0.7190276375 0.6031853125 0.7231576875 0.610777753125 0.695930390625 0.601703990625 0.6985216796875
4 0.5087344578125 0.7277097328125001 0.4933402734375 0.72617096875 0.4658898390625 0.7584098671875 0.3324311109375 0.9689594187499999 0.45340053593749996 0.9810512109375 0.5073099671875 0.9788545703124999 0.5073713171875001 0.9777002984375001 0.5028127859375 0.9160247874999999 0.5136998578124999 0.79817160625 0.5015804578124999 0.7864653500000001 0.5083907390625 0.7644072875 0.5053451015625 0.7501097437500001 0.51178009375 0.7420072765625 0.5087344578125 0.7277097328125001
1 0 0.9357304624999999 0.1434491875 0.9500692734375 0.17695932187500002 0.9236835031249999 0.2004673859375 0.8945488140625001 0.2378053171875 0.8772913546875 0.2858959 0.8348716234375001 0.38132648125 0.7779433499999999 0.38880435156250004 0.7629485703125 0.3970012328125 0.69730064375 0.40645028749999995 0.6807537609375001 0.40166260937500003 0.643543284375 0.348231334375 0.629456740625 0.1784253046875 0.5582600703125 0.136852709375 0.5576028578125001 0.1095998453125 0.5426347609375 0.039992229687500006 0.5321786859375 0 0.5197446875 0 0.9357304624999999
1 0.196003578125 0.9010991765625 0.177887628125 0.9290237093749999 0.15281173125 0.951005128125 0.3317428515625 0.9688906218750001 0.36035434375 0.9280220874999999 0.3947296359375 0.861492609375 0.438324834375 0.8028812828125 0.46180132343749997 0.751004634375 0.43837625625000004 0.74516485 0.398138834375 0.75863420625 0.3549189265625 0.8032899359375 0.29325919843750003 0.8321093609375 0.266330203125 0.8609021046875001 0.196003578125 0.9010991765625