4 0.7368583125 0.7842006015625 0.8423824249999999 0.7862636171874999 0.888227409375 0.7797290640625001 0.8253890140625 0.769393415625 0.79447644375 0.739015703125 0.7906301765625 0.7193501359375001 0.7750957765625001 0.736710296875 0.756912184375 0.7425846921875 0.7368583125 0.7842006015625
2 0.7720996359375001 0.7007985859375 0.77739801875 0.7237701171875 0.785926884375 0.6850063078125 0.781740565625 0.6718391953125 0.7750819796874999 0.6748614921875 0.7720996359375001 0.7007985859375
3 0.8355538156250001 0.7925351421875 0.430613903125 0.7669796484375 0.301352778125 0.7526933421875001 0.27907478124999996 0.7747004140625 0.6331332625 0.8098694906249999 0.9947735765625 0.9175414890625 0.9984997796874999 0.8463328718750001 0.9158888031249999 0.7790689078125 0.8355538156250001 0.7925351421875
3 1 0.7283002296875 0.9868241046874999 0.727839415625 0.960267878125 0.7073795890625 0.916385084375 0.7074724171875 0.8861595140625 0.695022196875 0.859780209375 0.7022375421875 0.8586750421874999 0.7233575265625001 0.8678127953124999 0.7350702234375001 0.99906644375 0.8355037781249999 1 0.8176632906249999 1 0.7283002296875
4 0.813813484375 0.928492140625 0.859318415625 0.92845604375 0.9364941390625001 0.9132517265625 0.9036193750000001 0.889315740625 0.709380740625 0.8434603359375 0.6275090125 0.968943765625 0.8173799718750001 0.9589930515624999 0.813813484375 0.928492140625
0 0.24807719687500002 0.7459473187500001 0.27403143750000003 0.74685504375 0.284090534375 0.678848178125 0.262747675 0.68298449375 0.2476452359375 0.7231459859375 0.24807719687500002 0.7459473187500001
0 0.336954846875 0.755566078125 0.3568455890625 0.7481238015625 0.385959096875 0.7507696046875 0.40097652500000003 0.7122327265624999 0.39558623125 0.6599614078125 0.37492347656249997 0.6511008109375 0.3246371359375 0.6493420953125 0.30653855625 0.6535918765625001 0.2912591953125 0.6660781953125 0.2865765953125 0.724507571875 0.2919599890625 0.7458544890625001 0.324572815625 0.743739915625 0.336954846875 0.755566078125
0 0.0265140828125 0.7592639875 0.087747271875 0.7663813328125 0.144862221875 0.7618685234375 0.1599715609375 0.7526314328125 0.159022625 0.708653384375 0.098139521875 0.660951609375 0.03974248125 0.6589092296875 0.0232951296875 0.6670852453125 0.0265140828125 0.7592639875
0 0.87155335625 0.6635871984375 0.866006834375 0.676413915625 0.8771067765625 0.6816848859375 0.8846154890625 0.6624164453125 0.87155335625 0.6635871984375
0 0.8912809718749999 0.6903185515625 0.9106616390625 0.692623959375 0.91193683125 0.668254746875 0.9007518765625001 0.6646083890625001 0.8955454046875 0.6709366453125 0.8912809718749999 0.6903185515625
0 0.9476239109375 0.6695028671875 0.9348168156250001 0.6657997765625 0.9212446062499999 0.6767182140625 0.9197993890625 0.7043366546875001 0.9521571765625 0.707095925 0.9550545093749999 0.6827834453125 0.9476239109375 0.6695028671875
0 1 0.6664519078125 0.9900545890625001 0.6661040781249999 0.972728021875 0.686656734375 0.9709427546875 0.7207736312499999 1 0.7244530078125 1 0.6664519078125