3 0 0.999661425 0.4796305203125 0.99408041875 0.9714021484375 0.9712083343750001 0.97894985 0.7118106921875 0.6334545 0.63914605625 0.5598381531250001 0.6327732984375001 0.5566924828125 0.654145615625 0.650343084375 0.7314284828125001 0.6751671703125 0.782522575 0.5626330375 0.8318412875 0.43521586562500003 0.8524623374999999 0 0.83611436875 0 0.999661425
4 0 0.762049078125 0.3481704375 0.7863016593750001 0.33364878125 0.8196324625000001 0.4924001140625 0.8449044109375 0.6278574 0.8010506359375 0.6538311203125 0.7688199734375 0.526214234375 0.7551621359375 0.4910591875 0.6147461640625 0.47643292031250006 0.630121359375 0.4166165484375 0.7471973140625 0.2923545578125 0.7480783734374999 0 0.73796964375 0 0.762049078125
1 0 0.8035864203124999 0.30419653750000003 0.8161039625000001 0.3303509515625 0.8148875312499999 0.3416508546875 0.7898704234375 0.266361815625 0.7770443796875 0.0144829390625 0.7642676015625 0 0.764941196875 0 0.8035864203124999
1 0.58474783125 0.6985583421875 0.5633452078125 0.67342944375 0.547179390625 0.705203946875 0.5474266546875 0.747644475 0.59328246875 0.760206671875 0.63254261875 0.7632790109375 0.6521298984375 0.7574697031250001 0.648794025 0.7461954625 0.594555734375 0.69810218125 0.58474783125 0.6985583421875
1 0.5212056703125 0.7374346078125 0.522916403125 0.7504172062500001 0.612926809375 0.764191334375 0.652158428125 0.7623666874999999 0.653717 0.7492320375 0.645477171875 0.7381858765625 0.6010943375 0.6977980734375 0.583065628125 0.6904727312500001 0.5797297546875 0.6791984875 0.5649418171875 0.6668241046875 0.5583841953124999 0.66386355625 0.5552195046875 0.68197121875 0.538920546875 0.690893128125 0.540721625 0.7193828421874999 0.5212056703125 0.7374346078125
1 0.5358794890625 0.7302210546875 0.5372383468749999 0.682807515625 0.5416752109375 0.32175891874999996 0.5269348234375 0.317546178125 0.52214499375 0.33736219375 0.526555509375 0.5330895015625 0.5200929859375 0.5464522328125 0.5202926984375 0.5807311187499999 0.5244369328125 0.73075324375 0.5309945546875 0.733713790625 0.5358794890625 0.7302210546875
1 0 0.8008621437500001 0.111136559375 0.79569323125 0.17825234375000001 0.8088994093749999 0.21092634062500001 0.8041142140625 0.2092441390625 0.7960286015625 0.17737795625 0.7991434546875 0.1372053796875 0.77978585 0.099646453125 0.7880637796875 0.0816177453125 0.7807384359375 0.0702037171875 0.7861676078125 0.065261725 0.7798663765625 0.0341843390625 0.77804623125 0.0079633546875 0.7678363671875 0.0030879328125000003 0.7729614312499999 0 0.772884828125 0 0.8008621437500001
1 0 0.7352710609375 0.29563336875 0.7495586484375 0.40025102031250004 0.7446929265625 0.41330920625 0.7408200546875 0.4181180578125 0.7242686953125 0.4278974328125 0.7189155484375 0.43755317656250003 0.692342140625 0.455410703125 0.6702855796875 0.4569597640625 0.6555186 0.448757978125 0.6510017515625 0.39481450156250003 0.6535106390625 0.36387025624999997 0.6745430875 0.3540338234375 0.6701022640625001 0.3442639578125 0.6770877359374999 0.3278603890625 0.6680540374999999 0.27229177187500003 0.6722712796875 0.2657246359375 0.667678403125 0.2672356578125 0.6463821140625 0.2590719125 0.6483945765625 0.249359109375 0.6651740171875 0.26252190625 0.6792567546875 0.2595283984375 0.7267463203125 0.10746783281250001 0.727287509375 0.0469096703125 0.71704188125 0 0.71562095625 0 0.7352710609375
1 0 0.711618453125 0.050150443749999996 0.7119928437499999 0.1205165078125 0.721782309375 0.28729844375 0.72218920625 0.3183568078125 0.7207446953125001 0.3280886328125 0.707229909375 0.3263398609375 0.687718 0.314878284375 0.684985534375 0 0.6653683734375 0 0.711618453125
1 0.11519411093750001 0.650187959375 0.11691435312500001 0.664802884375 0.1250876078125 0.6644227500000001 0.12501152499999998 0.6513641265625 0.11519411093750001 0.650187959375
1 0.0824725640625 0.6468115125 0.0792983640625 0.6632868453125 0.10385616718749999 0.6686757562500001 0.107058896875 0.6570974046875 0.0824725640625 0.6468115125
1 0.1316642515625 0.670647953125 0.15293373125 0.6729242609375 0.156050871875 0.6466549578125 0.1380411828125 0.64259426875 0.131550128125 0.65106001875 0.1316642515625 0.670647953125
1 0.1562030328125 0.67277220625 0.2150694828125 0.6732998953125 0.21325413906250001 0.642361690625 0.169071015625 0.636252775 0.15767601250000002 0.6449466046875 0.1562030328125 0.67277220625
1 0.2164854 0.6356803234374999 0.21670413281249998 0.67322386875 0.24288707812500002 0.676904421875 0.24919743749999998 0.637424440625 0.2164854 0.6356803234374999
1 0.0463580828125 0.62236685625 0.0465863265625 0.6615427281249999 0.07277878125000001 0.6668556109375 0.0807333015625 0.62893193125 0.0463580828125 0.62236685625
1 0.24931155781249997 0.657012378125 0.24941617031250002 0.674967984375 0.2772242546875 0.676940184375 0.2591289734375 0.65818854375 0.24931155781249997 0.657012378125