3 1 0.692280084375 0.9782786625 0.6760303265625 0.913158859375 0.6801478734375 0.778692575 0.658142415625 0.7858111921875001 0.7090738625 0.8512989140625 0.7419810390625 0.8053445828125 0.7685802234375 0.6764397171875001 0.7863649609375 0.5059611875 0.7933064187500001 0.5200016265625 0.8822972046875 0.5566299124999999 0.8806861171874999 0.5563817921875 0.8903750125000001 0.6011211796875 0.9009397953124999 0.6130653765625 0.9176119937499999 0.638391171875 0.91538403125 0.6743264203125 0.9202786234375001 0.7423638265625 0.9255714765624999 0.8368393093750001 0.93659440625 0.9543646906250001 0.9520343015625 1 0.9595025359375 1 0.692280084375
3 0.2583102859375 0.80220335625 0.236925959375 0.7944175125 0.22876352500000002 0.8048026453125001 0.1710874546875 0.8163212390625001 0.11118681718750001 0.8119237546875 0.0591314171875 0.8177999781249999 0.0674057234375 0.8770000203125001 0.075320034375 0.8763037828125 0.09520420625 0.8809992421875 0.0976768953125 0.887226425 0.1220871984375 0.8899125343750001 0.41078414218750003 0.8919052921875 0.4736537140625 0.8831521703125 0.4967549390625 0.86500813125 0.48718929843750003 0.7965689984375001 0.47635738437499997 0.7878548375000001 0.2583102859375 0.80220335625
4 0.711271209375 0.6801853890625 0.69766715625 0.69749394375 0.6937570671875 0.726839121875 0.679511309375 0.72809235 0.6594988125000001 0.7797993984375 0.702903459375 0.7808145375 0.7732424265625 0.7681819609375 0.8390809296875 0.7462782359375 0.732832378125 0.74273571875 0.71816736875 0.7295252296875 0.711271209375 0.6801853890625
4 1 0.9704338437500001 0.8103755687499999 0.94214483125 0.6071788421875 0.9213522 0.5647754890625001 1 0.6655319453125 1 1 0.9705761578125 1 0.9704338437500001
2 0.6831476109375 0.7197165671875 0.688118653125 0.7208904328125 0.6893592609375 0.6724459609375 0.6803839968750001 0.6426231578125 0.6721959 0.6642887921875 0.6831476109375 0.7197165671875
0 0.785494603125 0.6494881390625 0.8053787734375 0.6541835984375 0.805207646875 0.6300309875 0.7995692328125 0.6240823 0.7923222937500001 0.6295533609375 0.785494603125 0.6494881390625
0 0.8107947296875 0.658540678125 0.8266233515625 0.657148203125 0.8305334390624999 0.627803025 0.8140374484375 0.624420678125 0.809040740625 0.6345273140625001 0.8107947296875 0.658540678125
0 0.8566720671875 0.665783 0.8632516359375 0.6555371140624999 0.8621650187500001 0.6362985734375 0.8524710515624999 0.62426195 0.8366424328125 0.6256544265625 0.829369828125 0.642405990625 0.832706678125 0.66628010625 0.8566720671875 0.665783
0 0.8654762046875 0.6714531906250001 0.905492671875 0.6711552171874999 0.8892961296875 0.6355229718750001 0.8671360609375001 0.6374724406250001 0.8646377078124999 0.64252575625 0.8654762046875 0.6714531906250001
0 0.9127396109375001 0.6656841546875001 0.9351221390625 0.6653262953125 0.9347542171875001 0.628301575 0.9105663734375 0.6272070750000001 0.9067076140625 0.63399125 0.9127396109375001 0.6656841546875001
0 0.96391310625 0.6305699406249999 0.94355835625 0.63397176875 0.9372012421875 0.645809259375 0.9405380937500001 0.6696833765625 0.9848582328125 0.6657844421875 0.9819662953125 0.645093540625 0.96391310625 0.6305699406249999
0 0.21118944218750002 0.6790656328125 0.1827235890625 0.670291590625 0.120769509375 0.6741306406249999 0.09158495625 0.683142775 0.05985072031250001 0.7197692328125 0.04634258125 0.726299896875 0.0581481 0.8107646531249999 0.0754996890625 0.7973402703125 0.110322653125 0.7942768234375001 0.13631581875 0.796823684375 0.14600978281250002 0.8088603078125001 0.1591175921875 0.810929540625 0.18177390625 0.7896022859375 0.21568138124999997 0.7914529109374999 0.22928543281249997 0.7741443546875 0.2296105515625 0.7306139578125 0.21118944218750002 0.6790656328125