3 0.74210429375 0.707461346875 0.74036341875 0.6867243796875 0.7024004203125 0.6823766124999999 0.6856619296875001 0.69374864375 0.675172940625 0.8439617703125 0.696587065625 0.8341319703125001 0.7092749484375 0.857934796875 0.7894193031250001 0.9432233406250001 0.7924211624999999 0.968735746875 0.8122426921875 0.9748412406250001 0.9389408515625 0.9711547015625 0.9545824843749999 0.7471504359375001 0.9279467078125 0.740423453125 0.9147009 0.724610684375 0.8752537484375 0.7186835 0.8442316359375001 0.7062712953125 0.8220028656249999 0.70493360625 0.768450771875 0.718331321875 0.74210429375 0.707461346875
0 0.8059783671874999 0.6604124046875001 0.7712068484375 0.6560274500000001 0.748676871875 0.681837371875 0.7482640828125 0.7105829921875 0.8145040546875 0.72098810625 0.81944734375 0.6730291515625 0.8059783671874999 0.6604124046875001
3 0.6050267515625001 0.6611573078124999 0.6007865203125 0.7218817625 0.6372208765625 0.7709552703125 0.6502989359375 0.6750001734375 0.6050267515625001 0.6611573078124999
3 0.6428672265625 0.7357618171875 0.6505221062500001 0.67180415 0.60536150625 0.656363271875 0.6003066296874999 0.7059202375 0.6379348734375 0.7150620421875 0.638080009375 0.7358176015625 0.6428672265625 0.7357618171875
3 0.5892589734375 0.63579365625 0.5701100968749999 0.636016790625 0.5650216718750001 0.6632201828125 0.561674121875 0.7111605437499999 0.5933657453125 0.7139846750000001 0.5981639000000001 0.6452701609375 0.5892589734375 0.63579365625
0 0.6072919999999999 0.651550640625 0.62451038125 0.6561401359375 0.6292640515625 0.6337307796875 0.6199127812499999 0.6306463234375 0.608296265625 0.6371685328125001 0.6072919999999999 0.651550640625
0 0.6338280984375 0.6368710203125 0.627255521875 0.6624949953125 0.6524525999999999 0.66699151875 0.6513812359375 0.6366664796875 0.6338280984375 0.6368710203125
0 0.686443025 0.682562559375 0.69739003125 0.6856284203125 0.7025900421875 0.6568270171874999 0.6974345171875 0.6393232624999999 0.6908283890625 0.6425936640625001 0.686443025 0.682562559375
3 0.6365513671875 0.7805433421875 0.6421977156249999 0.745349890625 0.6327348625 0.7438634453125 0.6365513671875 0.7805433421875
4 0.49929513906249995 0.69113016875 0.45268393281249997 0.696463446875 0.45064185312499994 0.7028740906250001 0.4644455859375 0.7106968 0.424429571875 0.7814184078124999 0.393139803125 0.818507384375 0.3638140796875 0.87313730625 0.3369432234375 0.8926109625 0.3048723578125 0.940886025 0.2828222734375 0.98265746875 0.2832853875 0.987442209375 0.44322879375 0.9855784484375001 0.510462290625 0.983622153125 0.5122514203125 0.8937615859375001 0.510510546875 0.87302461875 0.50149403125 0.8651461265625 0.5055781921875 0.8523248406249999 0.49778911406250004 0.8268682140625 0.5155763546875 0.7548089203125 0.5139135171875 0.71012036875 0.49929513906249995 0.69113016875
3 0.5477588046874999 0.704935846875 0.5476136703125001 0.684180284375 0.5000762328125 0.6799440859375 0.48938594531249996 0.6960357734375 0.471721225 0.697838325 0.4856365421875 0.7040630218749999 0.5477588046874999 0.704935846875