1 0.529637828125 0.673741609375 0.5423753078125 0.64118851875 0.5298366421875 0.6190594640625 0.515300371875 0.6257368125 0.485677940625 0.616795721875 0.47911761718749996 0.6279187640624999 0.473706784375 0.6699628359375 0.529637828125 0.673741609375
4 0.531319590625 0.67395804375 0.5645219828125 0.6816502359375 0.5692835171875 0.644651453125 0.5512169890624999 0.638907159375 0.5377131828125 0.650846228125 0.531319590625 0.67395804375
1 0.4709397046875 0.5054835296875 0.46997456406250004 0.53955165625 0.419741259375 0.7040485796875 0.42327151562500004 0.7164702187499999 0.41779335937499995 0.7191844453125 0.44633362656250003 0.7365343484375 0.4811970109375 0.518770903125 0.48103028124999997 0.506782128125 0.4709397046875 0.5054835296875
2 0.5523985640625 0.603157271875 0.5457885375 0.6279508484375 0.5499680921875 0.6353272 0.556794553125 0.6088518609375 0.5523985640625 0.603157271875
4 0.5159175859375 0.68736244375 0.5102727015624999 0.6780878953125 0.493238640625 0.677605325 0.509357265625 0.6984854828125 0.49325625781250004 0.730605709375 0.46771397343750004 0.7563820453125001 0.3638309859375 0.925941875 0.33807226875 0.953399975 0.3303218609375 0.9660794750000001 0.48974617656249997 0.986596478125 0.5579254921875 0.9846126625 0.5569178796875 0.9798545453124999 0.5683039062499999 0.7983908828125 0.554349615625 0.7606930937499999 0.564706328125 0.74663939375 0.546522778125 0.7152357921875 0.5504185781250001 0.6849640578125 0.5270903312499999 0.680252228125 0.5159175859375 0.68736244375
3 0.8478949484375 0.9506265921875 0.8638583499999999 0.9757109265624999 0.9561373703125 0.9730258812500001 0.9849250296875001 0.749335675 0.961801190625 0.7430355140625 0.882758334375 0.732863146875 0.80208341875 0.7088038109375 0.7123006859375 0.7023781328125 0.7040265140625 0.7799556609375 0.8367719078125001 0.9440662703125 0.8478949484375 0.9506265921875
0 0.7114846546875 0.695434646875 0.74278885 0.7045921703125 0.7497820390625 0.6901056031249999 0.7486325500000001 0.659184571875 0.7385916765625 0.6442154359375001 0.7100017078125 0.64053606875 0.7032249515625 0.653340871875 0.7114846546875 0.695434646875
0 0.7884625859375001 0.6950835718749999 0.7820513765625 0.6651950015625 0.760404890625 0.6606996046875 0.75216280625 0.6716062125 0.7508145015625 0.6953673265625 0.777073409375 0.7038755484375 0.7884625859375001 0.6950835718749999
0 0.772893853125 0.6964991953124999 0.81743571875 0.7090699484375 0.8221972515625 0.6720711640625 0.80939245 0.6652944078125 0.776789653125 0.6662274640625 0.772893853125 0.6964991953124999
0 0.868470584375 0.6711878125 0.8573475421874999 0.664627490625 0.8297900374999999 0.666209846875 0.8205828109375 0.711184578125 0.8687046374999999 0.7225064328124999 0.875747528125 0.694349328125 0.868470584375 0.6711878125
1 0.570202103125 0.7969255515625 0.5577836125 0.9731274937500001 0.55893886875 0.9845831765625 0.840159746875 0.9764004859375 0.8396031609374999 0.9752037375 0.7884833546875 0.9207556406249999 0.7077234984375 0.8043660734375001 0.697632921875 0.8030674734375 0.6912890328125 0.8125087515624999 0.6755038671875 0.8156061390625 0.606817725 0.791380075 0.570202103125 0.7969255515625
1 0.70480730625 0.6808983765625001 0.6943832703124999 0.65562223125 0.6851584265625 0.6475965796875001 0.604000940625 0.640571303125 0.5901315890625 0.6952037468750001 0.5742646328125 0.7786425921875 0.5784441874999999 0.78601894375 0.6830966515625 0.809744821875 0.697682625 0.7893969375000001 0.7063896625 0.708455884375 0.70480730625 0.6808983765625001
1 0.2679321140625 0.6349327203125 0.2862295390625 0.5193239468749999 0.2673966875 0.49296563281249994 0.2390231515625 0.48760450312500003 0.23063195468750003 0.53952271875 0.2247209328125 0.5456004703125 0.223922521875 0.59165736875 0.21010287499999997 0.6326192765624999 0.2039433328125 0.7070497109375 0.18685956718750002 0.7202376765625 0.09784315625 0.7344260203124999 0.0900339390625 0.741969103125 0.0488058953125 0.7435017546875 0.0218195078125 0.7498878578125 0.026974118749999998 0.9270403421875001 0.11938224687500001 0.93893274375 0.3558021828125 0.7624950328125 0.3680570953125 0.746976003125 0.39311680781249997 0.7382337296875 0.397778934375 0.72857601875 0.4123152046875 0.7218986703125 0.41852444999999994 0.6337977 0.2679321140625 0.6349327203125
1 0.383625828125 0.745560378125 0.20584467968750003 0.8782560687500001 0.17867033593749998 0.890145434375 0.1182062578125 0.9387814015625 0.32817223906250004 0.9658028296875001 0.3587856984375 0.925292575 0.45226226562500005 0.78345698125 0.47389113125 0.73495199375 0.49119133125000003 0.7200822640625 0.4904250078125 0.6994682437499999 0.46769635625 0.7033816609375 0.45599133593749996 0.741196475 0.4232218109375 0.7301407546875 0.405971315625 0.7313399484375 0.383625828125 0.745560378125
1 0.42568436875 0.6312999078125 0.44101904843749995 0.5785656609375 0.4288635453125 0.566743615625 0.31563553906249997 0.5299467984375 0.296752984375 0.5172590203125 0.28471450468750004 0.5310962859374999 0.27237780625 0.626956771875 0.42568436875 0.6312999078125
1 0.1591787328125 0.3508173453125 0.1112733421875 0.337813728125 0.0786208421875 0.3524173203125 0.028334442187499996 0.34463065625 0.013403521875 0.46064914687499997 0.021103303125 0.7252734765625 0.15284114531249998 0.7056019984375 0.191954559375 0.707216440625 0.20019664375000001 0.6963098328124999 0.22243957499999997 0.536758790625 0.231330959375 0.5208068953125 0.2313133421875 0.4678065109375 0.21329651875 0.44839168125000006 0.1591787328125 0.3508173453125
1 0.6150855921875 0.368459171875 0.6250591453125 0.3440984609375 0.62326035625 0.3182227171875 0.6150855921875 0.368459171875
1 0.6005172375 0.441807440625 0.598420225 0.497954915625 0.5662710671875 0.721196515625 0.570450621875 0.7285728671875 0.5761452109375 0.7241768796875 0.5854021406250001 0.665531609375 0.612672740625 0.45362948437500006 0.60935891875 0.4395260796875 0.6005172375 0.441807440625