4 0.640625 0.9328125 0.6265625 0.7359375 0.621875 0.75 0.6078125 0.75 0.590625 0.7359375 0.5765625 0.7515625 0.4765625 0.946875 0.4546875 0.9984375 0.6421875 0.9984375 0.6453125 0.9390625 0.640625 0.9328125
3 0.978125 0.9578125 0.984375 0.98125 0.9984375 0.9984375 0.9984375 0.8359375 0.978125 0.8328125 0.978125 0.8734375 0.984375 0.8828125 0.984375 0.9371875 0.978125 0.9578125
3 0.9984375 0.834375 0.9765625 0.83125 0.978125 0.99375 0.9796875 0.9984375 0.9984375 0.9984375 0.9984375 0.834375
3 0.9234375 0.809375 0.9109375 0.7484375 0.8890625 0.7421875 0.8859375 0.753125 0.80625 0.7578125 0.8 0.7421875 0.778125 0.734375 0.775 0.7265625 0.759375 0.7265625 0.7625 0.7875 0.934375 0.971875 0.940625 0.825 0.9234375 0.809375
3 0.9203125 0.7890625 0.915625 0.7625 0.8921875 0.753125 0.8921875 0.7640625 0.8765625 0.771875 0.8609375 0.7640625 0.834375 0.7640625 0.803125 0.753125 0.7921875 0.740625 0.765625 0.7375 0.7640625 0.7875 0.9390625 0.959375 0.940625 0.821875 0.9203125 0.7890625
3 0.75 0.725 0.74375 0.721875 0.7359375 0.6984375 0.6921875 0.6875 0.6921875 0.746875 0.7234375 0.753125 0.746875 0.765625 0.75 0.725
0 0.590625 0.73125 0.60625 0.73125 0.621875 0.715625 0.621875 0.6953125 0.6109375 0.6671875 0.5859375 0.66875 0.571875 0.65 0.5578125 0.6421875 0.5203125 0.6421875 0.5078125 0.65625 0.5046875 0.671875 0.5046875 0.6984375 0.5265625 0.7125 0.575 0.715625 0.590625 0.73125
0 0.3875 0.6421875 0.375 0.64375 0.3734375 0.665625 0.378125 0.6703125 0.3890625 0.6609375 0.3875 0.6421875
0 0.359375 0.675 0.3578125 0.6171875 0.33125 0.615625 0.2921875 0.6328125 0.2859375 0.64375 0.284375 0.659375 0.2953125 0.6703125 0.321875 0.6671875 0.359375 0.675
0 0.8234375 0.75 0.8296875 0.7609375 0.8703125 0.7609375 0.8796875 0.7671875 0.884375 0.7296875 0.865625 0.690625 0.8421875 0.6796875 0.8109375 0.684375 0.8109375 0.69375 0.784375 0.73125 0.8078125 0.7515625 0.8234375 0.75
0 0.940625 0.690625 0.9296875 0.6984375 0.921875 0.725 0.925 0.7890625 0.93125 0.803125 0.940625 0.80625 0.940625 0.690625
0 0.9984375 0.6890625 0.9734375 0.690625 0.9734375 0.8234375 0.990625 0.828125 0.9984375 0.8265625 0.9984375 0.6890625
0 0.775 0.6921875 0.7703125 0.684375 0.759375 0.6875 0.7578125 0.7203125 0.775 0.725 0.7796875 0.7171875 0.775 0.6921875
0 0.740625 0.6953125 0.7390625 0.7171875 0.7515625 0.7203125 0.75 0.6859375 0.740625 0.6953125