4 0.5312017046874999 1 0.6071400046875 0.9902827625 0.701494296875 0.941552459375 0.7153526203125 0.85147025 0.5150533312500001 0.8604389515624999 0.46018567343749994 0.6558519 0.44873109375000003 0.6589838593749999 0.362229440625 0.856667775 0.0026587843749999998 0.8838135156250001 0.007984665625 0.9443423359375 0.24612946875000002 0.9465034203125 0.220914728125 1 0.5312017046874999 1
3 0.7703464734375001 0.8860882359375 0.7648156140625 0.9184538718749999 0.7239888125 0.9686657000000001 0.7020324359375001 0.9781401093750001 0.9510174171875001 0.946279421875 0.9635013796875 0.70807120625 0.7779505624999999 0.686836796875 0.7328368375000001 0.66928278125 0.7032993578125 0.676394875 0.590390353125 0.669182303125 0.5867238953125 0.6846473171875 0.5943873234375 0.7336528390625 0.76384285 0.8502639437499999 0.7703464734375001 0.8860882359375
1 0.495423778125 0.25645215 0.48338929375 0.252993496875 0.475248871875 0.25570136718750003 0.47446164687500003 0.265799334375 0.48636993281249996 0.4392270546875 0.51596525 0.8136685203124999 0.5263426546875001 0.8173392171874999 0.5341931234375 0.8113360390625 0.5091123328125 0.5262919578125 0.499897740625 0.26920929375 0.495423778125 0.25645215
1 0.501777915625 0.6905185828125 0.4915454875 0.6884955374999999 0.48427492031249997 0.7010893312500001 0.480898415625 0.719849653125 0.49858694843749995 0.7875668 0.5077422015625 0.796392503125 0.501777915625 0.6905185828125
1 0.7039603875 0.8362659734375001 0.690476146875 0.8163307812499999 0.546891640625 0.7080725984375 0.5469742703125 0.7280564859374999 0.5318532328125001 0.7466534593749999 0.5361401546875 0.8144193015625 0.5238983484374999 0.8276492265625001 0.534793309375 0.856246775 0.66095895 0.861762996875 0.7023859359375 0.8564619062500001 0.7039603875 0.8362659734375001
3 0.5443647078125 0.6983987203125 0.5770916500000001 0.7275350078125 0.5757665890625 0.674386003125 0.5650992328125 0.667419996875 0.543412225 0.6685289109375 0.5443647078125 0.6983987203125
3 0.6406999140625 0.9743249234375 0.638814853125 0.986229575 0.9510174171875001 0.946279421875 0.9562587703125001 0.8462684312500001 0.8714906671874999 0.8548173390624999 0.72925150625 0.8380282796875 0.727407384375 0.893249025 0.7138810796875 0.9299701875 0.6853584296874999 0.94861585625 0.678667765625 0.967800265625 0.6497101890625 0.9815029718750001 0.6406999140625 0.9743249234375
3 0.721898309375 0.8306381875 0.755267503125 0.8480288546875 0.8036127562500001 0.8451748953125 0.8443974921875 0.851619421875 0.9319327515625 0.8370858 0.9567201937500001 0.837463946875 0.9634315062500001 0.7094044703125 0.764403975 0.6852378390625 0.752866765625 0.6683859109375 0.6813223984375 0.67420848125 0.588443321875 0.6660990390625 0.5858540421875 0.6747613953125 0.5888361843750001 0.7276983546875 0.5964793296875001 0.73838375625 0.721898309375 0.8306381875
1 0 0.853596325 0.0025346109375 0.8824022625 0.1733223875 0.880840753125 0.366620778125 0.8494410296874999 0.356015771875 0.8241387890625 0.3798571328125 0.8094245593749999 0.41662461406249995 0.713078428125 0.3830481 0.712376340625 0.382550825 0.7257696140625 0.330456484375 0.7241047 0.3103642078125 0.743337803125 0.28687514375 0.743011109375 0.26922717343749997 0.751934203125 0.2558255625 0.7519828984375 0.242921225 0.738638321875 0.233848603125 0.7497965046874999 0.1737588171875 0.7524871156249999 0.15739534375 0.737918971875 0.1676901203125 0.7216057859375 0.16545313749999999 0.7152272140625 0.1371378109375 0.7171843015625 0.13131700156249998 0.7462546328124999 0.1345688125 0.7641667796875 0.1664882484375 0.7650809109375001 0.1669231765625 0.770023871875 0.22204172500000002 0.767969390625 0.23991729999999997 0.7806778375000001 0.2400825578125 0.8206456125000001 0.22092248125 0.8314284046875 0.10838605625 0.8474950281250001 0.08597416875 0.8403656734375 0.044837134375 0.8489620734375001 0 0.8486581109375001 0 0.853596325
1 0 0.8410943578125 0.0938246390625 0.8343624953125 0.10117783437500001 0.8417525890625001 0.11457944687499999 0.8417038921875 0.22545879375000002 0.8258493124999999 0.23799055 0.8159146953124999 0.232564103125 0.77328774375 0 0.7734677953125 0 0.8410943578125
1 0.0111374265625 0.7516358546874999 0.0118623046875 0.7598741234374999 0.024041764062500002 0.7649804328124999 0.0695077859375 0.767493521875 0.0723667375 0.7238063515625 0.065013540625 0.7164162578125 0.0369881671875 0.7216686546875 0.0269833421875 0.7412771499999999 0.0111374265625 0.7516358546874999
1 0.353760009375 0.6461435 0.3647375984375 0.694724934375 0.3787191109375 0.701266853125 0.38642460624999997 0.693616021875 0.380480603125 0.6260622203125 0.36202512656249997 0.6067631609374999 0.35086049531249996 0.613190428125 0.353760009375 0.6461435
1 0.40264460468749996 0.5732399125 0.3910450484375 0.57472421875 0.3836295046875 0.585670359375 0.385472125 0.6637462109375 0.39471000312500004 0.6925558015625 0.41538218125000004 0.6799133125 0.4091061640625 0.6657205609375 0.42277744375 0.6306470515625 0.4211827125 0.6125228609375 0.40264460468749996 0.5732399125
1 0.08114940937500001 0.7093528609375 0.0875906875 0.7635133875 0.12340418281250001 0.770594046875 0.131876621875 0.7145251265625 0.08114940937500001 0.7093528609375
1 0.48247286562499997 0.6996537218750001 0.4862640171875 0.6475162390625 0.4773378734375 0.52702548125 0.46888721875000006 0.48811792499999995 0.4652207609375 0.5035829374999999 0.48247286562499997 0.6996537218750001
1 0.2206156859375 1 0.22367551562500002 0.9960304203125 0.242028084375 0.9570254734375 0.23467488906249998 0.9496353796875001 0.192957953125 0.9516411640625 0.157144453125 0.94456050625 0.033650721875 0.9503658156249999 0.008311278125 0.9480542906249999 0.0128819359375 1 0.2206156859375 1