1 0.5918941390625 0.705833903125 0.5888590453125 0.6833535140625 0.564819584375 0.6859973874999999 0.5508898656250001 0.9116633796875 0.5624584406250001 0.9894710124999999 0.77786775 0.985711028125 0.721218709375 0.8790570171875001 0.6712537843749999 0.7889792375 0.650635365625 0.7681243734375001 0.6511704421875 0.7427849375 0.6404993953125 0.7402589484375001 0.6376528984375 0.7273151140625 0.62478009375 0.7182486781249999 0.5918941390625 0.705833903125
3 0.720858996875 0.7298794515625 0.6831133921875 0.70751695 0.6699730484375 0.7111202296875 0.6638151765625 0.7534179562500001 0.6699248375 0.7872755953125 0.68344238125 0.8027454203125 0.7769454484375 0.985727128125 0.8256627875 0.9848767625000001 0.849358971875 0.8221103953125001 0.8480694921874999 0.8093036187499999 0.829652828125 0.794989203125 0.831288784375 0.7729199906249999 0.7812361765625 0.7701007093750001 0.7608063578125 0.7587824000000001 0.75845546875 0.7316022656250001 0.720858996875 0.7298794515625
3 0.7457712671875 0.7320723828125 0.743569509375 0.7255319359375 0.6915432171875 0.714605628125 0.6862274265625 0.7077910640625 0.6905212749999999 0.6891291328125 0.6822800515624999 0.69157700625 0.6704291875 0.707987065625 0.6624072921875 0.7739205874999999 0.6690125609375001 0.793541925 0.77509494375 0.985759428125 0.8260197328125001 0.9848705328125 0.8500037109375 0.828513784375 0.8493984390625 0.811007259375 0.8267668640625001 0.7931485046875 0.831516853125 0.77135340625 0.779679159375 0.7699636515625 0.75773179375 0.7474051484374999 0.7589116078125 0.7284691 0.7457712671875 0.7320723828125
1 0.872047503125 0.69876155625 0.8535124328125001 0.717756546875 0.8675255828124999 0.7189900687499999 0.8288247625 0.9848215703125 0.8407570359375001 0.9846132921875 0.8753413921875 0.7736244546875 0.9039684703124999 0.544492240625 0.9430385296875 0.31945259843749996 0.9373060703125 0.304668065625 0.9308499328125001 0.305686415625 0.9261394140625001 0.316378375 0.908915803125 0.46718146718750003 0.872047503125 0.69876155625
0 0.8570343921875001 0.7910528625000001 0.8698062765625 0.7033242453125 0.843029984375 0.724767109375 0.833907209375 0.78743040625 0.8356528265625001 0.7971040171875 0.8447668578125 0.79949295 0.8570343921875001 0.7910528625000001
0 0.9477887015625001 0.720105353125 0.915415903125 0.70416576875 0.8858325828125 0.7015616625 0.8696001890625 0.8238921515625 0.9318808609375001 0.8293744796875 0.9477887015625001 0.720105353125
0 0.7683326484374999 0.7070851796875 0.7632756515625 0.752653128125 0.77417476875 0.7536125359375 0.7850344171875 0.7656750796875 0.8322010609375001 0.766653659375 0.8459554171875 0.715504671875 0.8275782234375001 0.6900871203125 0.7891089421874999 0.6835275000000001 0.7683326484374999 0.7070851796875
3 0.6518546515625 0.738085190625 0.6595300703125 0.7070276578125 0.6293020125 0.6980201640625 0.6252757015625 0.7040123781250001 0.6299072828125001 0.7155266859375 0.6453985125 0.7391035390625 0.6518546515625 0.738085190625
1 0.6336835437499999 0.59209973125 0.6338808874999999 0.536584053125 0.6273852828125001 0.5487055390625 0.6150695359375 0.6333009921875 0.5967932609375 0.70467849375 0.6072362390625 0.7087710671874999 0.6336835437499999 0.59209973125
0 0.6406572671874999 0.69584640625 0.6619993656250001 0.7008983859375 0.6694861859375 0.6603043000000001 0.6563853125 0.6528044453125 0.6470037421875 0.663085234375 0.6406572671874999 0.69584640625
0 0.734236153125 0.65965735625 0.7113370390625 0.6544683203125 0.6966002109375 0.669037678125 0.6908984765625 0.708202240625 0.7148984671874999 0.7166615015625 0.715205475 0.692888646875 0.734236153125 0.65965735625
0 0.7613501765625 0.668390734375 0.7308940500000001 0.6609498234375 0.7165738921875 0.6834891515625 0.7144423296875 0.719794665625 0.7609247640625 0.72547299375 0.7730431656250001 0.6963932171875 0.7613501765625 0.668390734375
3 0.8695607203125 0.8349952859374999 0.8507282765624999 0.98443924375 0.90945514375 0.9834141625000001 0.9301069890625 0.8415590109375 0.8780300140625 0.8309808296875 0.8695607203125 0.8349952859374999
3 0.8494511453125 0.9839576781250001 0.84930366875 0.9844641093750001 0.90945514375 0.9834141625000001 0.9300881296875 0.8416885468749999 0.866902825 0.83158800625 0.8494511453125 0.9839576781250001
4 0 0.7019414703125 0.0180698734375 0.7045087718749999 0.06606985625 0.7214272937499999 0.06960055937500001 0.7296713796875001 0.09542510625 0.72559798125 0.1291838671875 0.7428495640625 0.23817504375 0.7524436375 0.302389934375 0.77713613125 0.32805660625 0.8174752734374999 0.3494294265625 0.8764763468749999 0.372666271875 0.9118416265624999 0.38223644375 0.9110973937500001 0.4073065859375 0.8688777828124999 0.4104600890625 0.8580487640625 0.3462934125 0.75720090625 0 0.66470736875 0 0.7019414703125
1 0 0.6493551171874999 0.0251400234375 0.655944715625 0.031556690625 0.6660295015625 0.0764821078125 0.671570771875 0.11024087187500001 0.6888223531250001 0.3318635890625 0.7479974109375 0.3536223578125 0.7610193625 0.41646008749999996 0.8601635796875 0.42447324062499997 0.8592822874999999 0.50260910625 0.723361021875 0.496648578125 0.71014306875 0.4797494609375 0.707068846875 0.467411734375 0.6726629749999999 0.47322313125 0.6652412375 0.46771874062499996 0.6488901203124999 0.43506085624999996 0.6349087640625 0.411209996875 0.647089190625 0.3971968453125 0.6458556671875 0.387249475 0.62752679375 0.36457843125 0.6207711734375 0.293600396875 0.620869884375 0.2970916328125 0.6402171078125 0.2892276109375 0.6617380859375 0.278100421875 0.6623452624999999 0.22250395625000002 0.6542780015624999 0.22030220156250002 0.64773755625 0.159161875 0.6344223125 0.1211092640625 0.635832665625 0.1051224265625 0.6264921125 0.0848812078125 0.62471035625 0.07778033125 0.6193253171875 0.076718921875 0.6049519578125 0.092100490625 0.5967859875 0.094797853125 0.589090134375 0.0262891140625 0.5830595734374999 0.00046456875 0.5871329703125 0 0.58791533125 0 0.6493551171874999
1 0 0.9536101984375 0.337423996875 0.9833123359375 0.352188240625 0.9766786828124999 0.354280334375 0.95147630625 0.37148645625 0.9307776750000001 0.371525925 0.9196745406250001 0.34191188125 0.863121340625 0.3240697640625 0.8123643515625 0.3021618640625 0.7787027125 0.277745203125 0.7622734796875 0.23593381875000002 0.7570063265625 0.22883294375 0.7516212875 0.23042942812499997 0.7406552109375 0.22150399843750002 0.74780283125 0.203920675 0.7494283562499999 0.19416190312499998 0.7406360359375 0 0.7006213640625 0 0.9536101984375
4 0.40043378125 0.8619261609375 0.38984166875000004 0.837193903125 0.3773460671875 0.847200571875 0.377455728125 0.8789433953125 0.3818987109375 0.8809211515625 0.37798206093750003 0.918656190625 0.354468934375 0.9610128578125 0.35623795 0.9849684562500001 0.4330492296875 0.9917298578124999 0.5584463015625001 0.9895410437500001 0.551424940625 0.8863239453125 0.5564906796875 0.7757037640625 0.565345915625 0.725710184375 0.5593546625 0.6585431374999999 0.5315564312500001 0.6545095078125 0.524525746875 0.691970428125 0.4258021875 0.860985928125 0.40043378125 0.8619261609375
1 0.49292927343750004 0.6923624296875001 0.49635031406249996 0.6688636921875 0.43801701406250004 0.679595421875 0.43767053906250003 0.7144714109375 0.44408720781250005 0.724556196875 0.453429309375 0.7253785453125 0.49292927343750004 0.6923624296875001