1 0.6328125 0.9390625 0.640625 0.9890625 0.6484375 0.9984375 0.971875 0.9984375 0.8796875 0.903125 0.8078125 0.8421875 0.684375 0.71875 0.6390625 0.69375 0.603125 0.7 0.6140625 0.8328125 0.625 0.86875 0.625 0.9265625 0.6328125 0.9390625
3 0.9734375 0.7984375 0.96875 0.7890625 0.959375 0.7640625 0.959375 0.715625 0.8546875 0.684375 0.85 0.7046875 0.7765625 0.696875 0.7546875 0.6921875 0.7515625 0.6765625 0.7453125 0.684375 0.7484375 0.69375 0.734375 0.70625 0.7359375 0.75625 0.9984375 0.9921875 0.9984375 0.80625 0.9734375 0.7984375
1 0.6671875 0 0.66875 0.040625 0.6734375 0.0671875 0.6796875 0.071875 0.68125 0.0984375 0.7140625 0.1796875 0.709375 0.30625 0.7125 0.384375 0.7203125 0.408984375 0.7203125 0.496875 0.7140625 0.509375 0.7171875 0.534375 0.7125 0.55 0.7171875 0.5703125 0.7109375 0.590625 0.7171875 0.6078125 0.7109375 0.7296875 0.7109375 0.7875 0.715625 0.7890625 0.728125 0.7765625 0.7234375 0.6609375 0.7328125 0.621875 0.7359375 0.4484375 0.7421875 0.434375 0.75 0.3484375 0.7765625 0.3078125 0.8375 0.2984375 0.88125 0.2671875 0.8921875 0.2421875 0.9 0.2421875 0.903125 0.2328125 0.903125 0.2203125 0.8890625 0.209375 0.8984375 0.2015625 0.9 0.190625 0.909375 0.1875 0.8828125 0.171875 0.9 0.121875 0.890625 0.1140625 0.896875 0.103125 0.834375 0.028125 0.84375 0 0.6671875 0
3 0.7 0.684375 0.6796875 0.6671875 0.68125 0.6609375 0.65 0.65625 0.65 0.6921875 0.6875 0.7203125 0.6921875 0.746875 0.7 0.684375
0 0.9984375 0.68125 0.9734375 0.6953125 0.9640625 0.7109375 0.9625 0.7671875 0.975 0.7984375 0.9984375 0.803125 0.9984375 0.68125
0 0.83125 0.7046875 0.8359375 0.7140625 0.8453125 0.7125 0.8484375 0.6734375 0.8203125 0.6265625 0.775 0.6234375 0.7578125 0.64375 0.759375 0.7 0.78125 0.696875 0.784375 0.703125 0.83125 0.7046875
1 0.6015625 0.578125 0.596875 0.684375 0.60625 0.6859375 0.60625 0.5609375 0.6015625 0.578125
0 0.7 0.6421875 0.6921875 0.61875 0.678125 0.634375 0.6765625 0.6515625 0.6859375 0.6734375 0.6921875 0.675 0.7 0.6421875
0 0.69375 0.6453125 0.6890625 0.640625 0.684375 0.640625 0.684375 0.6703125 0.6921875 0.675 0.69375 0.6453125
0 0.7421875 0.640625 0.73125 0.6375 0.73125 0.6828125 0.7390625 0.6828125 0.7453125 0.65625 0.7421875 0.640625
4 0.6328125 0.9625 0.6 0.7 0.5796875 0.6671875 0.5703125 0.66875 0.55625 0.7015625 0.528125 0.7375 0.51875 0.7671875 0.5078125 0.7765625 0.4828125 0.834375 0.475 0.8375 0.4421875 0.9 0.421875 0.9625 0.4015625 0.9984375 0.63125 0.9984375 0.6328125 0.9625
1 0.55 0.7015625 0.55625 0.7 0.5578125 0.6703125 0.5453125 0.65625 0.5078125 0.665625 0.5015625 0.6734375 0.4953125 0.715625 0.4703125 0.7203125 0.4671875 0.753125 0.4859375 0.7703125 0.50625 0.771875 0.55 0.7015625
1 0.55625 0.6984375 0.5578125 0.66875 0.540625 0.65625 0.50625 0.665625 0.5015625 0.6765625 0.496875 0.7296875 0.515625 0.7515625 0.5453125 0.70625 0.55625 0.6984375
4 0.5984375 0.646875 0.55625 0.640625 0.5546875 0.65 0.571875 0.6609375 0.596875 0.6625 0.5984375 0.646875
1 0.271875 0.99375 0.275 0.9984375 0.39375 0.9984375 0.490625 0.809375 0.4921875 0.7828125 0.471875 0.7609375 0.453125 0.7625 0.4390625 0.7546875 0.4375 0.7359375 0.4265625 0.7296875 0.4203125 0.703125 0.3890625 0.7046875 0.35625 0.6890625 0.3265625 0.690625 0.3203125 0.7078125 0.3125 0.8484375 0.2890625 0.9140625 0.284375 0.9609375 0.271875 0.99375
1 0 0 0 0.9984375 0.25625 0.9984375 0.2703125 0.984375 0.278125 0.9625 0.2828125 0.921875 0.30625 0.8484375 0.3109375 0.7411458328125 0.3359375 0.571875 0.33125 0.4 0.3421875 0.3328125 0.3265625 0.16875 0.3125 0.0890625 0.3140625 0.046875 0.303125 0 0 0
1 0.65 0.5390625 0.6375 0.5546875 0.6390625 0.653125 0.6515625 0.5484375 0.6578125 0.54375 0.65 0.5390625
1 0.4453125 0.5984375 0.334375 0.596875 0.3296875 0.671875 0.3984375 0.6953125 0.4421875 0.696875 0.4453125 0.5984375