3 0.6614921890625001 0.69635095625 0.6534259046875001 0.725004653125 0.65961083125 0.7321617781249999 0.6540314578124999 0.744699346875 0.662881265625 0.763573853125 0.6488010890625 0.7818149 0.4703419859375 0.77560399375 0.4283441296875 0.7632657515625 0.41598121718750003 0.7800405484375 0.4146984734375 0.80445701875 0.43385186249999996 0.814534034375 0.44226715156249996 0.8104583218749999 0.46623026718749994 0.8226476515625001 0.48426500624999996 0.8227965640624999 0.560878565625 0.86310463125 0.6514867859375 0.8867994156250001 0.8549560156249999 0.9789336078125 0.87140289375 0.7907589765624999 0.87002769375 0.785714165625 0.847183228125 0.7834529421875 0.8135151421875 0.7686667500000001 0.7982238625 0.7475184125000001 0.773747646875 0.7450956718749999 0.6681046953124999 0.69536925625 0.6614921890625001 0.69635095625
4 0.5897091718749999 0.7514223343750001 0.587044290625 0.7397049499999999 0.58909668125 0.7006385984375 0.5898593875 0.6548996734375 0.576719890625 0.6552353078125 0.56469904375 0.6654990484375001 0.5580934765625 0.6975697921874999 0.549849221875 0.6983899765625 0.5526065578125 0.739568640625 0.5684964531250001 0.749322625 0.5897091718749999 0.7514223343750001
4 0.6523211328125 0.7772546390625 0.6512879984375 0.7656987703125 0.6432147765625 0.7632634234375 0.5751944765625 0.7467131609375001 0.5424740078125 0.7451106000000001 0.534229753125 0.745930784375 0.5502906796875 0.7524292406249999 0.5475472203125 0.7734286640625 0.5554494109375 0.7791195390625 0.6092970828125 0.7844495703125001 0.6523211328125 0.7772546390625
4 0.5933276546874999 1 0.58983631875 0.936328834375 0.579262309375 0.887831528125 0.524203534375 0.8431121140625001 0.49345687812500005 0.8351600140625 0.4609998984375 0.85976320625 0.4514729 0.8849998578125 0.45242051562499996 0.898183490625 0.438083790625 0.9213078343750001 0.44074867187500005 0.9330252171875 0.4952088359375 0.9891389859374999 0.500763528125 1 0.5933276546874999 1
4 0.4892291796875 1 0.447881215625 0.9533659734375 0.4319913203125 0.9436119875 0.41396352031249994 0.9745521203124999 0.42101054531250004 0.9965206406249999 0.4284023875 1 0.4892291796875 1
4 0.453268740625 0.850816803125 0.40122384999999994 0.84239275625 0.37975458125 0.8451763390625 0.37417520937500004 0.857713909375 0.38182084843749997 0.8682880781250001 0.441596896875 0.885658528125 0.45490742656250005 0.8820673640625 0.460572315625 0.8679020281250001 0.46125644687499995 0.8548799125000001 0.453268740625 0.850816803125
3 0.9768667484375 1 0.9866868656250001 0.8130783875 0.9237898484375 0.7926719640625 0.9156250531250001 1 0.9768667484375 1
0 0.8717310812499999 0.72206983125 0.8408989109375 0.7157454953125 0.818146896875 0.7429455500000001 0.818410384375 0.7691512984375 0.8458080296875 0.7784081328125 0.870455275 0.7775753437499999 0.8717310812499999 0.72206983125
0 0.624567546875 0.7123307765625 0.6521362234375 0.7183320796875 0.6508396015625 0.6805704609375 0.641305665625 0.674718071875 0.6264489046875 0.6765199546875 0.624567546875 0.7123307765625
0 0.749699015625 0.73453410625 0.79023615625 0.743455303125 0.7891960828125 0.7008103921875 0.759995659375 0.694647571875 0.750981759375 0.7101176375 0.749699015625 0.73453410625
0 0.7361180578125001 0.6808304781250001 0.7277882875 0.6832784249999999 0.7239261796875 0.6943497453125 0.71946545625 0.71681541875 0.7454879015625 0.7210274421875 0.748316878125 0.6984002515625 0.7361180578125001 0.6808304781250001