3 0.8877568171875 1 0.9188653171875 0.8580159328124999 0.875563903125 0.8432352218749999 0.8585183390625 0.8184886109375 0.7962163984374999 0.8025333640625 0.6779589953125 0.7416565640624999 0.6672701953125 0.790441925 0.7173064390625 0.8404057453125 0.6652711890624999 0.850838321875 0.538663159375 0.8280750828125001 0.37686869375 0.7827917546875 0.35969099843749996 0.86851810625 0.394494221875 0.8781379218750001 0.390962365625 0.8869332078125 0.4292042140625 0.9101572375 0.43469617656250004 0.929039015625 0.4591394828125 0.9346705109375 0.4910788984375 0.950036528125 0.5529043953125 0.9754909968750001 0.6064693640625001 1 0.8877568171875 1
3 0 0.7599427875 0.254279253125 0.8442322875 0.3160555609375 0.8552619375000001 0.3438391140625 0.84564800625 0.3582021921875 0.7800926765625 0.3510401015625 0.7688336109375 0.142237159375 0.715922990625 0.124890359375 0.7023174703125 0.1137199703125 0.709352915625 0.05585873125 0.7024282546875 0.0013377421875 0.6802581703125 0 0.679983990625 0 0.7599427875
4 0.6073996609375001 0.7414153812500001 0.588782346875 0.7531411218749999 0.5751313640625 0.7788230453125 0.5613820046875 0.7756553312500001 0.5250562203125 0.8169326874999999 0.5653022187500001 0.8310094609374999 0.6353851109375 0.84074986875 0.7044167390625 0.8406390828125 0.6062603109375 0.8052128296875001 0.5970448859374999 0.7886762 0.6073996609375001 0.7414153812500001
4 0.585289184375 1 0.4279173015625 0.9306802281250001 0.3500662921875 1 0.585289184375 1
2 0.5676352515625 0.769088521875 0.5718843453125 0.7716689718749999 0.589543628125 0.7276925359375 0.591306984375 0.697670321875 0.5762707125000001 0.715025596875 0.5676352515625 0.769088521875
0 0.9023453828125 0.8381949171875 0.9091734468749999 0.8509785265625001 0.920201415625 0.8519177625 0.9372366921875 0.7741660921875 0.9087359015625 0.7724042890625 0.8862527046875 0.7944498609374999 0.8772340296875001 0.835612509375 0.9023453828125 0.8381949171875
0 0.6872676531249999 0.7357936921875 0.7042640296875 0.7461154828125001 0.7123298203124999 0.72395128125 0.7090828 0.71679720625 0.7004421921875 0.7196109921875 0.6872676531249999 0.7357936921875
0 0.707845075 0.751745015625 0.723122140625 0.7552647 0.7367731234375 0.729582775 0.7224981328125 0.7214894640625 0.7143831578125 0.729228846875 0.707845075 0.751745015625
0 0.74828268125 0.772271928125 0.7579253640625 0.764884515625 0.7634613703124999 0.7469419734375 0.7584950375 0.732985790625 0.7432179734375 0.7294661062500001 0.7307114828125 0.7425997234375 0.725701109375 0.7654678609375 0.74828268125 0.772271928125
0 0.7545851125 0.780129940625 0.7921097234375 0.7919782359374999 0.7890983546875 0.754449978125 0.7677104640625 0.7495224203124999 0.7636529765625 0.7533921125 0.7545851125 0.780129940625
0 0.8007503312500001 0.78916445 0.8218041968750001 0.79561655 0.8340698906249999 0.761607975 0.8118223453125 0.753279365625 0.8059031265625001 0.7583216312500001 0.8007503312500001 0.78916445
0 0.8605665328125 0.7725170343750001 0.840372325 0.7694659875000001 0.8303956171875001 0.7783779453124999 0.825385240625 0.8012460828125001 0.868161021875 0.8111011984375001 0.8725033468750001 0.7912821437499999 0.8605665328125 0.7725170343750001
0 0 0.6623334828125 0.006539725000000001 0.6638401703125 0.029980953124999998 0.6740452921875 0.0349472859375 0.688001475 0.0465008859375 0.69386630625 0.074952490625 0.681203290625 0.1060322515625 0.6931682546875 0.124649565625 0.6814425125 0.1397790671875 0.6416877359375001 0.14010794843750002 0.588914053125 0.1164751140625 0.5722587921875 0.057228587500000004 0.5570074828125 0.0268660640625 0.5564182546875001 0 0.5716641015625 0 0.6623334828125