0 0.6388811750000001 0.7109043875000001 0.623895778125 0.7172902750000001 0.608403896875 0.715747421875 0.602296546875 0.7261688015625001 0.5875496234375001 0.789302178125 0.602088203125 0.8096580031249999 0.63006299375 0.82347365625 0.6537774656249999 0.8163814468749999 0.674482965625 0.8200191859375 0.6935797078125 0.8297993484375 0.6965589453125001 0.842701328125 0.7162813109374999 0.847816815625 0.7306410859375 0.846095603125 0.76073101875 0.8207304171875001 0.7618928609375 0.800362553125 0.7517933046875 0.7820244765625 0.7149404671874999 0.7641733296875 0.6943242703125 0.7306069546875 0.6771937984374999 0.7178712984375 0.6388811750000001 0.7109043875000001
0 0.390087503125 0.6813998031249999 0.3449525046875 0.6784804249999999 0.32406829843749996 0.6937328 0.30309468906250003 0.69794665625 0.2936804234375 0.7096143546875 0.2898372859375 0.72656386875 0.2981791125 0.7463025515624999 0.36860760625 0.7596192328125 0.409124775 0.7384438249999999 0.4107036984375 0.71496618125 0.390087503125 0.6813998031249999
0 0.25027341875000003 0.7289263015625 0.2449108296875 0.722089596875 0.2369563484375 0.7228730624999999 0.2322790484375 0.7460421375 0.23671807031249997 0.7480598828125 0.2468473625 0.74276603125 0.25027341875000003 0.7289263015625
0 0.1763889390625 0.671146971875 0.16867293125 0.7286779265625001 0.17713389531249998 0.7358232 0.2050192828125 0.7386003328124999 0.20957744374999998 0.72802466875 0.20892189062500002 0.6743869609375001 0.1971540078125 0.66848800625 0.1785637484375 0.6666365843750001 0.1763889390625 0.671146971875
3 0.9162754578125 0.8314942625 0.9132962203125 0.8185922812499999 0.9046267140625 0.8130018984375 0.8703360312499999 0.811162515625 0.8543376671875 0.8016909249999999 0.8554101046874999 0.770284540625 0.819778778125 0.7667359828125 0.8098284874999999 0.8760411859375001 0.88395124375 0.90863369375 0.9245877468750001 0.9567991875 0.9404368468750001 0.8386274968749999 0.9162754578125 0.8314942625
0 0.8720937609374999 0.8097619093749999 0.912998275 0.8091086531249999 0.9161263875 0.7857852921874999 0.9024219703125 0.7592099046875 0.87143820625 0.7561242015625 0.8613983187500001 0.7724565734375 0.8572275015624999 0.8035543859375001 0.8720937609374999 0.8097619093749999
0 0.9500297218749999 0.7671025265625 0.937427675 0.7674231359375 0.92491503125 0.7787822640625001 0.9192247640625 0.7860938625 0.9153518921874999 0.8266753046875 0.9406453875 0.8370726062499999 0.9500297218749999 0.7671025265625
3 0.78873554375 0.810914140625 0.7773550078125 0.8255373359375 0.76671923125 0.8229024484374999 0.75533869375 0.8375256437499999 0.7764017062499999 0.8443503078125 0.776074028125 0.858498609375 0.7934130406250001 0.8696793765624999 0.80801089375 0.7608370296875 0.762280009375 0.7389503921875 0.761743790625 0.7546535828125001 0.75667914375 0.757300509375 0.7628461609375 0.78154958125 0.78873554375 0.810914140625
0 0.8198085125000001 0.7431040515625 0.8177231046875001 0.758652959375 0.835687740625 0.7651690531249999 0.8372666640625 0.741691409375 0.8270479703125 0.735946740625 0.8198085125000001 0.7431040515625
0 0.8438804984375 0.73919876875 0.8396202796875001 0.7592580609375 0.8595511859375 0.7628186593749999 0.8589552984375001 0.7438513999999999 0.8438804984375 0.73919876875
0 0.8970593796875 0.7523732015625 0.9178841171875 0.7843846875 0.9455906984375 0.76508478125 0.9308435765624999 0.746283846875 0.9058480250000001 0.7453701734375 0.8970593796875 0.7523732015625
0 0.7811979453125 0.7266535125 0.7793210796875 0.740647528125 0.7884076671875 0.74312813125 0.7940085328125 0.7247780125000001 0.7811979453125 0.7266535125
3 0.2622201078125 0.7569022953125 0.3578526921875 0.7695777546875 0.353115725 0.7580763796875 0.29600430312500003 0.7508129390625 0.266271784375 0.738397890625 0.2622201078125 0.7569022953125
3 0.59589145 0.8090408625000001 0.5822764359375 0.79350399375 0.457119871875 0.7668585953125 0.45390235937499995 0.7791434359375 0.4595628921875 0.7954637671875 0.5454832656249999 0.8103233 0.59589145 0.8090408625000001
4 0.720303253125 0.85294434375 0.6972739703124999 0.849075175 0.6785943109375 0.836185234375 0.6445121703125001 0.8327909609375 0.57557359375 0.9488267374999999 0.552076153125 0.9966188328125 0.6958946015625 0.995782121875 0.700990634375 0.8915942125 0.7182178453125 0.86849325 0.7463117718750001 0.86971549375 0.7677024640625 0.86239185625 0.7755675421875 0.8505698718750001 0.7737204109375 0.8409319578125001 0.7489334015625 0.83846339375 0.720303253125 0.85294434375