4 0.38509365 0.7249666968749999 0.36420621875000003 0.731070584375 0.3232383203125 0.7733515515625 0.1802904515625 0.949703046875 0.42572838125 0.9758584015625 0.45811235625 0.974161228125 0.459803971875 0.9694939703125 0.45331790625 0.960472996875 0.462575659375 0.946465959375 0.4589480484375 0.8711113812500001 0.473383503125 0.684396734375 0.459336659375 0.64624879375 0.41984323281249997 0.6636975578125 0.38509365 0.7249666968749999
1 0.3888873671875 0.5937604921874999 0.3791393609375 0.636036528125 0.3824502625 0.6530489125 0.39533190937499996 0.654421659375 0.4389847234375 0.6324182796875 0.44846498125 0.60010944375 0.44224666093750004 0.5811212703125 0.3993970890625 0.5732230484375 0.3888873671875 0.5937604921874999
4 0.435587053125 0.6587114921875 0.47682641718749996 0.6664381203125 0.47543871718749997 0.6479647281250001 0.46412203124999996 0.6384289765625 0.4445318140625 0.6463370562499999 0.42328614687500005 0.64573894375 0.4194397515625 0.6486609609375 0.435587053125 0.6587114921875
3 0.70759096875 0.9026061453124999 0.7489232328125001 0.9589204765625 0.8921195734375 0.951415875 0.9211485796875 0.7999974859375001 0.7759249328125 0.7432926734375 0.752933325 0.71751916875 0.693668703125 0.7095376171875001 0.638518225 0.6886668484375 0.62823100625 0.690902490625 0.609138475 0.7904911625000001 0.70759096875 0.9026061453124999
3 0.63690801875 0.6884952546875 0.632077403125 0.687980475 0.626040059375 0.702330696875 0.6100774515625 0.785593359375 0.7489559515625 0.9589187625 0.8921195734375 0.951415875 0.9212187171874999 0.7996316375 0.7655924671875 0.7371937171875 0.7635787828125 0.721985525 0.7561537359375 0.71786235625 0.728109009375 0.709875871875 0.7110679765625 0.7130577437500001 0.7103967453125 0.707988346875 0.63690801875 0.6884952546875
1 0.7253126078125 0.96015785625 0.7246357203125 0.9593990703124999 0.6276124578125 0.8141172843750001 0.5734877296875001 0.7450431125 0.563781246875 0.7356789546875 0.5596218609375 0.7402335718749999 0.5201848328125 0.9459413218750001 0.5198811046875 0.970924065625 0.7253126078125 0.96015785625
1 0.6785490109375 0 0.6593684796875 0.082815003125 0.5642188203125 0.5791257640625 0.4713884046875 0.969062521875 0.4735669140625 0.9733512890625 0.515155678125 0.9711717156249999 0.5300648515625 0.8686942859375 0.6152544671875 0.44147736093749995 0.7173774140625 0.0373521640625 0.71654863125 0 0.6785490109375 0
3 0.565346209375 0.7275159484375 0.6000127375 0.769527203125 0.6201347328125 0.6817099234375 0.5975466078125 0.67097301875 0.5731257734375 0.67836631875 0.565346209375 0.7275159484375
1 0.5059043296875 0.74617079375 0.51708528125 0.7307027484375 0.5284434921875001 0.6885983046875 0.5222704171875 0.6779447296875001 0.49234773593750003 0.6797538546874999 0.47235775625 0.7326001343749999 0.46038099531250004 0.8979193734375001 0.46378238437499997 0.93160095625 0.476709275 0.9413083015625 0.516953265625 0.765673746875 0.5059043296875 0.74617079375
1 0.4786176015625 0.6999481125 0.506119396875 0.607919403125 0.5524875015624999 0.37462902656249997 0.544168725 0.3837382609375 0.5187258609375001 0.4993097578125 0.4786176015625 0.6999481125
0 0.5268748140625 0.6367865140625 0.5224476765625 0.6513083328125 0.5395339546875 0.6564610609375 0.5404276875 0.6432286578124999 0.5268748140625 0.6367865140625
0 0.5884208703125 0.6500090578125 0.5841709921875 0.6378944765625 0.5777301687499999 0.637208103125 0.57079909375 0.66479073125 0.5724545437499999 0.673296921875 0.5818027859375 0.675959084375 0.5884208703125 0.6500090578125
1 0.6373455921875 0.5319420640625 0.6519731765625 0.5584901999999999 0.6042626156249999 0.7816417828125 0.6737958671875 0.487513715625 0.6454833921875001 0.4894944328125 0.6373455921875 0.5319420640625
0 0.6327033875 0.684715271875 0.657169465625 0.6856565703124999 0.65931516875 0.6658937625 0.6428548734375 0.6574758328125 0.6354750734375 0.6616872625 0.6327033875 0.684715271875
1 0 0.9304902015625001 0.11557149687499998 0.9428062015625001 0.11526517968750001 0.941107603125 0.134810153125 0.9248649234374999 0.1444713875 0.9258944828125 0.19250609531250001 0.8810346859375 0.2464913734375 0.8651302640624999 0.3017701484375 0.7910552390625 0.3952451375 0.6977272578125 0.402892684375 0.6835486265624999 0.4028021953125 0.6668794296875 0.39797157968749997 0.6663646484375 0.3948416546875 0.6826906593750001 0.37650340781249997 0.6840683359375 0.36809414375 0.6765083703125 0.363934753125 0.6810629890625 0.3506948703125 0.6729882453125 0.32493157968749997 0.6702427515625 0.323679609375 0.67677315625 0.29894578125 0.6857990578125001 0.2844086859375 0.67592011875 0.21052019687499998 0.7013652234375 0.1944181390625 0.699649290625 0.1713397609375 0.7171813859375 0.15774164375 0.70240464375 0.1406553625 0.6972519140625 0.1004907078125 0.70963128125 0.07696360625000001 0.7037921796875 0.0533460140625 0.6812838796875 0.035053010937500004 0.690996153125 0 0.683498184375 0 0.9304902015625001
1 0.4204692171875 0.6604323546875001 0.408526546875 0.6541618046875 0.278190365625 0.6569319453125 0.24460226562499998 0.695001484375 0.226577009375 0.6947465578124999 0.1835501796875 0.7134847343749999 0.171920503125 0.705581584375 0.16749336718750002 0.7201034015625 0.1873098046875 0.753868315625 0.20081743593749998 0.7519758609375 0.235170971875 0.7956197171875 0.24706839687499998 0.7935556671875 0.2535544640625 0.8025766390625 0.25301896875 0.8225110390625 0.23633617031249998 0.8323949078125 0.24215100781249999 0.8363464828125 0.23933407812500002 0.85103989375 0.25060551875 0.8522410468749999 0.289337228125 0.8130536890625001 0.318407703125 0.772836771875 0.38218623281249997 0.722990909375 0.41255392031250004 0.6845781859375 0.4204692171875 0.6604323546875001
1 0.7257488703125 0.156527121875 0.747978759375 0.1605620296875 0.74614605 0.1786922359375 0.7806316015625 0.187365090625 0.7877851796875001 0.141480665625 0.7365715875000001 0.1343570796875 0.7282075640625 0.1351317125 0.7257488703125 0.156527121875
1 0.0591608546875 0.685235453125 0.0624265109375 0.6939132406249999 0.1117169046875 0.702497834375 0.1148468265625 0.686171825 0.06676315625 0.6627222234375 0.0591608546875 0.685235453125
1 0.156621690625 0.67396405 0.1472282015625 0.6629672890625 0.1359567625 0.6617661375 0.13645073125 0.6934719328125001 0.1557732 0.6955310515625001 0.1618557859375 0.689515428125 0.156621690625 0.67396405
1 0.22684475937499998 0.6847793578125 0.2154375859375 0.6585744078125 0.1842176921875 0.6585793375 0.1798357984375 0.6814357531249999 0.1911524828125 0.69097150625 0.214992578125 0.6951780046875 0.22684475937499998 0.6847793578125
1 0 0.68073733125 0.01666951875 0.68403923125 0.0378699421875 0.6763027421875 0.0384054375 0.6563683421875 0.018053503125000002 0.642537828125 0 0.6364374234375 0 0.68073733125
1 0.30542813125 0.634845234375 0.283869471875 0.6358797234375 0.269109871875 0.6443025859375 0.263385521875 0.6570202078125 0.2692456046875 0.6693063828125 0.28498942656250004 0.6643203171875001 0.2972450875 0.6689582656249999 0.3390199484375 0.6567504937499999 0.3389747046875 0.64841589375 0.30542813125 0.634845234375
1 0.35127561093750004 0.66138844375 0.36093684531250003 0.662418003125 0.374086240625 0.6538235484375 0.3922850390625 0.567467278125 0.36508879843750003 0.53791379375 0.350955184375 0.5430714515624999 0.3370062625 0.6415423031249999 0.35127561093750004 0.66138844375
1 0.2307252453125 0.510267553125 0.226343353125 0.5331239703125 0.25058692968749996 0.55236706875 0.276304978125 0.5467779625 0.292765271875 0.55519589375 0.29992256875 0.5692862625 0.3446953359375 0.5757234765625 0.34867375 0.5378304625 0.2307252453125 0.510267553125