4 1 0.7100132890624999 0.9636075953125 0.669889028125 0.9082278484374999 0.5790835328124999 0.84968354375 0.5089028953125 0.8417721515625001 0.512205546875 0.8243670890624999 0.5030156828125001 0.748417721875 0.43155657343750004 0.7373417718749999 0.43174990468749996 0.7009493671875 0.40865095937499996 0.7009493671875 0.3991572875 0.6339662453125 0.40032648281250005 0.6186708859375 0.3847706796875 0.62183544375 0.353069871875 0.6139240499999999 0.34529657343750003 0.5079113921875 0.34714703125 0.498417721875 0.36630008593749996 0.4778481015625 0.3808996359375 0.43512658281250005 0.39588585 0.4256329109375 0.3881401703125 0.3924050640625 0.3903024421875 0.37816455625 0.381057340625 0.37183544375 0.340028575 0.3829113921875 0.33034157343750004 0.38132911406250003 0.312964128125 0.40031645625 0.29680991875 0.40031645625 0.2794048546875 0.330696203125 0.28062008125000004 0.05379746875 0.44209893593749994 0.0395569625 0.4344361140625 0 0.44391701875 0 1 1 0.982544934375 1 0.7100132890624999
3 0 0.5218642124999999 0.009493670312499999 0.52515074375 0.026898734375 0.5201001015625 0.0332278484375 0.51049595625 0.05379746875 0.5101369109375 0.055379746875000004 0.5180206843749999 0.0648734171875 0.52260180625 0.12816455625 0.5104211078125 0.137658228125 0.51500223125 0.3370253171875 0.346965303125 0.4098101265625 0.2744923078125 0.41772151874999996 0.2458732 0.401898734375 0.24298483124999998 0.40506329062499996 0.227106809375 0.40031645625 0.21453143749999998 0.3528481015625 0.2042840515625 0.234177215625 0.2696465984375 0.1613924046875 0.2661702265625 0.13924050625 0.2744682828125 0.1329113921875 0.298312934375 0.10443037968749999 0.3067214640625 0.0886075953125 0.283263475 0 0.3148466 0 0.5218642124999999
0 0.3259493671875 0.08450040625 0.30379746875 0.06906428437499999 0.276898734375 0.0204831703125 0.2579113921875 0.0049918109375 0.1756329109375 0.008010265625 0.1202531640625 0.0232174296875 0.09968354375 0.0678802703125 0.09335442968749999 0.0964717578125 0.0965189875 0.145467153125 0.0854430375 0.17255921875 0.08702531718749999 0.2342404609375 0.0965189875 0.281543103125 0.109177215625 0.30347405156249996 0.125 0.3016155859375 0.1329113921875 0.2729964796875 0.15348101249999999 0.2631437640625 0.2009493671875 0.2654797578125 0.2325949359375 0.25859826875 0.25632911406250003 0.2787536078125 0.27531645625 0.283169015625 0.28955696249999996 0.24019892812500002 0.3148734171875 0.23342791406250002 0.3259493671875 0.252221925 0.3401898734375 0.2440619640625 0.3401898734375 0.168112596875 0.3259493671875 0.08450040625
1 0.40822784843750004 0.3045832171875 0.3971518984375 0.312687940625 0.38924050625 0.33972476875 0.38924050625 0.380864009375 0.4604430375 0.3780388875 0.4651898734375 0.3716269171875 0.4636075953125 0.3178570671875 0.427215190625 0.3216568546875 0.41930379687499997 0.3059721640625 0.40822784843750004 0.3045832171875
1 0.6534810125 0.30504914375 0.6376582281250001 0.3258949515625 0.6376582281250001 0.3876038109375 0.655063290625 0.3857177265625 0.666139240625 0.3681193328125 0.680379746875 0.3599593703125 0.7120253171875001 0.35782471562499996 0.7262658234375 0.371816653125 0.7452531640625 0.3335105453125 0.75316455625 0.3333724515625 0.75316455625 0.30172688124999997 0.7848101265625 0.2774403296875 0.7848101265625 0.25528843125 0.7689873421875 0.20493170625 0.7136075953125001 0.0856451984375 0.69620253125 0.093860396875 0.655063290625 0.2654645625 0.6534810125 0.30504914375
1 0.651898734375 0.388937521875 0.677215190625 0.366343721875 0.705696203125 0.354770634375 0.7215189875 0.37822862343749997 0.74683544375 0.37462216718749997 0.76424050625 0.379065196875 0.7563291140625 0.3269881 0.765822784375 0.3078350453125 0.7879746828124999 0.3106129390625 0.7784810125 0.2917913109375 0.7009493671875 0.2931446296875 0.6534810125 0.3034668640625 0.6360759500000001 0.3259225703125 0.6376582281250001 0.389186090625 0.651898734375 0.388937521875
1 0.4145569625 0.22852337500000003 0.44303797500000003 0.258089528125 0.4715189875 0.25917466875 0.487341771875 0.24782253125000003 0.50316455625 0.223812165625 0.5205696203125 0.166546334375 0.5126582281250001 0.0907350609375 0.487341771875 0.0452908859375 0.46677215156249996 0.031409425000000005 0.4493670890625 0.033295509375 0.42879746875 0.044730503125 0.40822784843750004 0.0814819515625 0.3987341765625 0.1259514609375 0.3971518984375 0.1655360421875 0.4145569625 0.22852337500000003
1 0.6612245953125 0 0.6582278484375 0.0043333749999999996 0.65031645625 0.074091721875 0.6566455703125 0.0929685890625 0.7737341765625 0.0671906234375 0.7832278484375 0.0559489609375 0.780063290625 0.02277635 0.772092690625 0 0.6612245953125 0
1 0.5237341765625 0.22187084375000002 0.515822784375 0.25840134375 0.5316455703125 0.2723656625 0.5474683546875 0.24202618281250002 0.55379746875 0.2102701390625 0.5601265828125 0.208577384375 0.5585443031249999 0.19752905468749998 0.5348101265625 0.1963610578125 0.5237341765625 0.22187084375000002
1 0.5632911390625 0.15314239999999998 0.583860759375 0.15120107656249998 0.6360759500000001 0.025289657812499998 0.6012658234375 0.029061828125 0.5648734171875 0.1183046546875 0.5632911390625 0.15314239999999998
1 0.65031645625 0.18643349375 0.6534810125 0.18004914375 0.651898734375 0.1515957484375 0.5775316453125 0.154476109375 0.544303796875 0.1423978765625 0.5237341765625 0.1427569203125 0.5189873421875 0.1966372453125 0.65031645625 0.18643349375
1 0.3811239390625 0 0.37974683593749997 0.023434784375 0.3939873421875 0.035844443749999996 0.6566455703125 0.0186015 0.6566455703125 0 0.3811239390625 0
1 0.50316455625 0.342483053125 0.6297468359375 0.33869127187500003 0.6471518984375 0.29408366875 0.6471518984375 0.2798431625 0.6376582281250001 0.2768443171875 0.5189873421875 0.28049800468749997 0.48892404999999994 0.2936809890625 0.50316455625 0.342483053125