4 0 0.9522742515625 0.4505208515625 0.9944868828125 0.9269267640625 0.9889433984375 0.956200103125 0.76064260625 0.9225727109375 0.7127937765625 0.87749368125 0.612123346875 0.8264014984375001 0.5325068515625 0.8177945718749999 0.535026153125 0.8010504796875001 0.523480034375 0.7321607671875 0.440533084375 0.72070099375 0.43945933281249994 0.6862077546875 0.41128430937499993 0.6874718765625001 0.401425515625 0.61816753125 0.394931878125 0.6044489984375 0.37701775625 0.6119369546875 0.3444618953125 0.6048048359375 0.33547926875 0.49511843281249995 0.3252019390625 0.482767528125 0.34399916875000003 0.45958891093750004 0.35679325 0.41349074375 0.36743983125 0.40472151562500003 0.35830381093749997 0.3701315078125 0.3567256921875 0.356661634375 0.34548636093749996 0.35559105 0.302151346875 0.36831494375 0.2933663046875 0.368995390625 0.27513845625 0.3907475828125 0.2605478484375 0.3930651375 0.24247339218750003 0.321032275 0.23572410000000002 0.013679940625000001 0.371550428125 0.0030395046875000002 0.3640867171875 0 0.387791609375 0 0.9522742515625
3 0 0.44177219843750004 0.0046204078124999996 0.44220511875 0.005204084375 0.45057417343750006 0.0143946875 0.45642392656249997 0.0813539140625 0.4510577203125 0.09054451718749999 0.4569074765625 0.31873187187499996 0.30534923125 0.40351986249999994 0.238464353125 0.41549777812500005 0.2096549359375 0.399548046875 0.2048347421875 0.4049291359375 0.1887102046875 0.40170329843749997 0.1751049671875 0.35406479218750003 0.15900125 0.22285402968749998 0.21322207031249998 0.14817900625 0.20123659531250002 0.124206025 0.20730475468749998 0.11449728125 0.23133816718750003 0.0839758578125 0.2367927546875 0.0707650546875 0.210611840625 0.021217690625 0.22231626875 0 0.387791615625 0 0.44177219843750004
0 0.10667219218749999 0 0.10053743281250001 0.017182403125000002 0.0972803625 0.0684262921875 0.08223891093749999 0.095285790625 0.0756592359375 0.1595213453125 0.07916129375 0.2097356734375 0.0893085625 0.23396666875 0.10589035625000001 0.2338574671875 0.1178682703125 0.20504804999999998 0.140414828125 0.197183365625 0.18910676875000001 0.20507141875 0.2226917265625 0.20156675000000002 0.24450945468750002 0.22522836562499998 0.263522721875 0.2319984765625 0.2839452609375 0.189014440625 0.3109817765625 0.1848962015625 0.31991330625000003 0.2056875390625 0.3357007359375 0.1988524140625 0.34581370312500004 0.1199820640625 0.3422461109375 0.031515510937500005 0.32143343281250003 0.012936687499999999 0.3162873453125 0 0.10667219218749999 0
1 0.3978797015625 0.269530475 0.38536649375 0.2766723859375 0.373599265625 0.30383866875 0.3681214078125 0.34656010937500004 0.4420020671875 0.35181966249999996 0.44775614687500004 0.3457073125 0.4532823875 0.2896874203125 0.41520747187499996 0.289445646875 0.4091287875 0.2722473578125 0.3978797015625 0.269530475
1 0.6509997703125 0.298235784375 0.6318897375 0.318062575 0.6236729515625 0.3821447359375 0.6418918515625001 0.382188928125 0.6556691828125001 0.3651882234375 0.6714566093750001 0.35835309843749996 0.70440950625 0.359777825 0.7172473203124999 0.3759465546875 0.7419491296875 0.33835209375 0.7501346828125001 0.33911905781249996 0.75434841875 0.3062564125 0.79025093125 0.2846772859375 0.793200546875 0.261673434375 0.7835714203124999 0.20755926875 0.7422847515625 0.07731245625 0.7232231015624999 0.08384079531250001 0.65790405 0.2573108703125 0.6509997703125 0.298235784375
1 0.6381962578125 0.38516840625 0.6673396421875 0.364618840625 0.6982824390625 0.3558779890625 0.7114932406250001 0.382058903125 0.7381083828125 0.3812269265625 0.7554845375 0.387843646875 0.7542516499999999 0.33285331406249996 0.76660255625 0.314056084375 0.7891007296875 0.3194898515625 0.7818063078125 0.2988519046875 0.7015878921875001 0.2913356484375 0.6512104562500001 0.2965926546875 0.630252625 0.31790918125 0.6234622640625 0.38378786875 0.6381962578125 0.38516840625
1 0.4586236203125 0 0.453714778125 0.0020508796875 0.42758654375000005 0.037848815625 0.41186464999999994 0.0829361625 0.40496036875 0.123861078125 0.4145411109375 0.19127369375 0.44000605000000004 0.2252542828125 0.469263353125 0.22965848906250003 0.48710926718750003 0.21969049218749997 0.506640675 0.1965774375 0.5322336140624999 0.139111996875 0.5341610296875 0.0594746796875 0.5140771796875 0.009369553125000001 0.5032538375 0 0.4586236203125 0
1 0.818109978125 0.054485365625000004 0.8192054078125001 0.02133054375 0.690387490625 0.009260639062500001 0.678485825 0.058031678125 0.682506025 0.0783628390625 0.80681250625 0.0650669328125 0.818109978125 0.054485365625000004
1 0.5281337984375 0.1969284140625 0.5151024484375 0.23395349375 0.529577371875 0.2502756140625 0.5499515265625 0.220590028125 0.5607137046874999 0.1883409546875 0.5674728328125 0.18731139531250002 0.5673105296875 0.175656075 0.542964559375 0.17171204843750001 0.5281337984375 0.1969284140625
1 0.5996142171875001 0.13045952656249998 0.669388578125 0.007293096875 0.6520642203125 0.0056698484375 0.6338453187499999 0.005625659375 0.5843933125 0.0941130296875 0.57812109375 0.1301085484375 0.5996142171875001 0.13045952656249998
1 0.663527059375 0.174694075 0.6676440296874999 0.1684283296875 0.66979928125 0.1386985546875 0.5926444015625 0.13313221718749998 0.5599505765624999 0.11676590625000001 0.5386681390625 0.1147717984375 0.5265934546875 0.17017811875 0.663527059375 0.174694075
1 0.49083916250000004 0.3198123625 0.6220186890625 0.33044066875 0.6459261359374999 0.2861202875 0.6478223171875 0.27133209687500004 0.6384210296874999 0.267125471875 0.515427053125 0.25726413125 0.482636459375 0.26749472343749997 0.49083916250000004 0.3198123625